-0.698864	0.713897	-0.0440474	-0.518337	0.713452	0.700149	0.0278893	-0.293927	0.0507498	-0.0119349	-0.99864	0.0466944	
-0.698839	0.713923	-0.044024	-0.518336	0.713477	0.700123	0.0279035	-0.293901	0.0507432	-0.0119101	-0.998641	0.0466869	
-0.698812	0.713951	-0.0439993	-0.518336	0.713504	0.700095	0.0279236	-0.293871	0.0507398	-0.0118803	-0.998641	0.0466778	
-0.698762	0.714001	-0.0439758	-0.518343	0.713552	0.700044	0.0279667	-0.293817	0.0507533	-0.0118369	-0.998641	0.0466664	
-0.69872	0.714044	-0.0439483	-0.518346	0.713592	0.700001	0.0280038	-0.293771	0.0507599	-0.0117944	-0.998641	0.0466545	
-0.698695	0.714071	-0.0439135	-0.518339	0.713617	0.699975	0.0280344	-0.293736	0.0507569	-0.0117499	-0.998642	0.0466415	
-0.698646	0.714121	-0.0438754	-0.518339	0.713664	0.699925	0.0280941	-0.293675	0.050772	-0.0116844	-0.998642	0.0466239	
-0.698595	0.714173	-0.0438322	-0.518336	0.713712	0.699873	0.0281645	-0.293608	0.0507913	-0.011608	-0.998642	0.0466029	
-0.698548	0.714223	-0.0437851	-0.51833	0.713758	0.699823	0.0282318	-0.293543	0.0508056	-0.0115307	-0.998642	0.0465822	
-0.6985	0.714272	-0.0437325	-0.518321	0.713803	0.699774	0.0283003	-0.293479	0.050817	-0.0114486	-0.998642	0.0465592	
-0.698445	0.714329	-0.0436774	-0.518314	0.713856	0.699718	0.0283814	-0.293403	0.0508355	-0.0113564	-0.998642	0.046534	
-0.698382	0.714395	-0.0436259	-0.518312	0.713916	0.699652	0.0284631	-0.293321	0.0508569	-0.0112672	-0.998642	0.0465103	
-0.698314	0.714464	-0.0435717	-0.518309	0.71398	0.699583	0.0285512	-0.293234	0.0508808	-0.0111716	-0.998642	0.0464852	
-0.698242	0.714538	-0.0435165	-0.518307	0.714049	0.699509	0.0286436	-0.293142	0.0509071	-0.0110727	-0.998642	0.0464597	
-0.698168	0.714613	-0.043457	-0.518303	0.71412	0.699434	0.028737	-0.293048	0.0509311	-0.0109702	-0.998642	0.0464335	
-0.698088	0.714696	-0.0433996	-0.518304	0.714197	0.699351	0.0288321	-0.292948	0.0509578	-0.0108685	-0.998642	0.0464076	
-0.698007	0.714778	-0.0433456	-0.518306	0.714274	0.699268	0.0289257	-0.292849	0.0509856	-0.0107703	-0.998641	0.0463836	
-0.697914	0.714872	-0.0432925	-0.518311	0.714362	0.699174	0.0290233	-0.292741	0.0510169	-0.0106708	-0.998641	0.0463605	
-0.697819	0.714968	-0.0432412	-0.518318	0.714453	0.699077	0.0291225	-0.29263	0.0510506	-0.0105716	-0.99864	0.0463385	
-0.697718	0.715069	-0.0431939	-0.518329	0.714549	0.698975	0.0292238	-0.292514	0.0510885	-0.0104743	-0.998639	0.046318	
-0.697613	0.715174	-0.0431474	-0.518341	0.714648	0.698869	0.029328	-0.292395	0.0511291	-0.0103756	-0.998638	0.0462972	
-0.6975	0.715287	-0.043108	-0.518359	0.714755	0.698756	0.0294337	-0.292271	0.0511755	-0.0102816	-0.998637	0.046279	
-0.697375	0.715411	-0.0430743	-0.518384	0.714873	0.69863	0.029544	-0.292138	0.051229	-0.0101894	-0.998635	0.0462619	
-0.69724	0.715544	-0.0430503	-0.518417	0.715001	0.698495	0.0296557	-0.291998	0.0512903	-0.0101038	-0.998633	0.0462476	
-0.697096	0.715686	-0.0430173	-0.51845	0.715137	0.698351	0.0297709	-0.291851	0.0513478	-0.01001	-0.998631	0.0462299	
-0.69695	0.71583	-0.0429864	-0.518485	0.715275	0.698204	0.0298827	-0.291704	0.0514042	-0.00992029	-0.998629	0.0462134	
-0.696799	0.715979	-0.042952	-0.51852	0.715418	0.698053	0.0299972	-0.291552	0.0514601	-0.00982661	-0.998627	0.0461957	
-0.696641	0.716135	-0.0429196	-0.518559	0.715568	0.697894	0.0301142	-0.291395	0.0515191	-0.00973313	-0.998625	0.0461782	
-0.696467	0.716306	-0.0428822	-0.518601	0.715733	0.697719	0.0302392	-0.291225	0.0515803	-0.00963158	-0.998622	0.0461593	
-0.696285	0.716486	-0.0428365	-0.51864	0.715906	0.697536	0.0303647	-0.291048	0.0516359	-0.0095244	-0.998621	0.0461397	
-0.69609	0.716679	-0.0427869	-0.518681	0.716092	0.69734	0.030487	-0.290867	0.0516864	-0.00941768	-0.998619	0.0461215	
-0.69589	0.716876	-0.0427217	-0.518715	0.716283	0.697138	0.0306096	-0.290681	0.0517263	-0.00929991	-0.998618	0.0461005	
-0.695678	0.717087	-0.0426444	-0.518747	0.716486	0.696924	0.0307354	-0.290486	0.0517598	-0.00917217	-0.998617	0.0460769	
-0.695467	0.717297	-0.0425521	-0.518771	0.71669	0.696709	0.030871	-0.290286	0.0517901	-0.0090269	-0.998617	0.0460483	
-0.695253	0.71751	-0.0424584	-0.518794	0.716894	0.696492	0.0310139	-0.290078	0.0518247	-0.00887568	-0.998617	0.0460205	
-0.695033	0.717729	-0.0423582	-0.518816	0.717104	0.696268	0.0311765	-0.289854	0.051869	-0.0087066	-0.998616	0.0459892	
-0.694807	0.717954	-0.0422496	-0.518834	0.71732	0.696038	0.0313454	-0.289621	0.0519118	-0.00852746	-0.998615	0.0459582	
-0.694582	0.718178	-0.0421349	-0.518847	0.717535	0.695809	0.0315144	-0.289387	0.0519508	-0.00834397	-0.998615	0.0459281	
-0.694356	0.718404	-0.0420218	-0.518859	0.717751	0.695578	0.0316866	-0.28915	0.0519933	-0.00815938	-0.998614	0.0459002	
-0.694129	0.71863	-0.0419008	-0.518867	0.717967	0.695347	0.0318724	-0.288904	0.05204	-0.00795982	-0.998613	0.0458695	
-0.6939	0.718859	-0.041779	-0.518874	0.718185	0.695113	0.0320667	-0.288652	0.0520926	-0.00775398	-0.998612	0.0458384	
-0.693661	0.719096	-0.0416573	-0.518884	0.718411	0.69487	0.0322684	-0.288392	0.0521504	-0.00754372	-0.998611	0.0458076	
-0.693418	0.719337	-0.0415315	-0.518891	0.718641	0.694622	0.0324731	-0.288126	0.0522078	-0.00732888	-0.998609	0.0457777	
-0.693163	0.719591	-0.0414036	-0.518899	0.718884	0.694362	0.0326774	-0.287854	0.0522635	-0.00711359	-0.998608	0.0457493	
-0.692892	0.719858	-0.0412941	-0.518919	0.71914	0.694087	0.0328806	-0.287572	0.052331	-0.00691351	-0.998606	0.0457313	
-0.692608	0.720138	-0.0411733	-0.518937	0.719408	0.693799	0.0330917	-0.287279	0.0523965	-0.00670084	-0.998604	0.04571	
-0.692321	0.720422	-0.0410366	-0.518948	0.71968	0.693506	0.0333063	-0.286983	0.0524537	-0.00647456	-0.998602	0.0456836	
-0.692035	0.720704	-0.0409075	-0.518959	0.719951	0.693215	0.033517	-0.286687	0.0525135	-0.00625651	-0.998601	0.0456645	
-0.691751	0.720985	-0.0407676	-0.518964	0.720221	0.692925	0.0337237	-0.286393	0.0525631	-0.00603331	-0.998599	0.0456441	
-0.691454	0.721278	-0.0406118	-0.518964	0.720503	0.692621	0.0339286	-0.286091	0.0526005	-0.00580087	-0.998599	0.0456224	
-0.69115	0.721578	-0.0404454	-0.518958	0.720792	0.69231	0.0341281	-0.285786	0.0526269	-0.00556507	-0.998599	0.0456024	
-0.690829	0.721896	-0.0402651	-0.51895	0.7211	0.691981	0.0343115	-0.285481	0.052632	-0.00533175	-0.9986	0.0455839	
-0.690503	0.72222	-0.0400428	-0.518921	0.721413	0.691645	0.0345018	-0.285168	0.0526133	-0.00506376	-0.998602	0.0455555	
-0.690183	0.722539	-0.039814	-0.518883	0.721722	0.691313	0.0346804	-0.284864	0.0525819	-0.0047988	-0.998605	0.0455312	
-0.689855	0.722863	-0.0396043	-0.518851	0.722037	0.690976	0.0348433	-0.284564	0.0525525	-0.00455892	-0.998608	0.0455203	
-0.689521	0.723194	-0.0393787	-0.518815	0.722358	0.690632	0.0350325	-0.284244	0.0525315	-0.00428981	-0.99861	0.0455013	
-0.689183	0.72353	-0.039129	-0.51877	0.722683	0.690281	0.0352286	-0.283915	0.052499	-0.00399892	-0.998613	0.0454751	
-0.688847	0.723863	-0.0388899	-0.518726	0.723006	0.689934	0.0354173	-0.283587	0.0524687	-0.00372052	-0.998616	0.0454573	
-0.688503	0.724203	-0.0386332	-0.518677	0.723336	0.689578	0.0356089	-0.28325	0.0524287	-0.00342796	-0.998619	0.0454358	
-0.688158	0.724545	-0.0383655	-0.51862	0.723667	0.68922	0.0358017	-0.282914	0.0523822	-0.00312665	-0.998622	0.0454126	
-0.687798	0.724902	-0.0380891	-0.518561	0.724014	0.688846	0.0359978	-0.282567	0.0523324	-0.00281778	-0.998626	0.0453911	
-0.68743	0.725267	-0.0377796	-0.518486	0.724367	0.688463	0.0362072	-0.282206	0.0522697	-0.00247637	-0.99863	0.0453617	
-0.687063	0.725632	-0.0374506	-0.518399	0.724722	0.688079	0.0363997	-0.281851	0.0521818	-0.00213242	-0.998635	0.0453334	
-0.68668	0.726011	-0.037139	-0.51832	0.725092	0.687681	0.036559	-0.281506	0.052082	-0.00182484	-0.998641	0.0453214	
-0.686289	0.726397	-0.0367937	-0.518228	0.725469	0.687273	0.0367374	-0.281149	0.0519733	-0.00148024	-0.998647	0.0452958	
-0.68589	0.726794	-0.0364012	-0.518112	0.725856	0.686854	0.0369338	-0.280779	0.0518456	-0.00108948	-0.998655	0.0452571	
-0.685479	0.727201	-0.0360173	-0.518003	0.726253	0.686424	0.0371342	-0.280399	0.0517271	-0.000702991	-0.998661	0.0452231	
-0.685067	0.727607	-0.0356563	-0.517904	0.726648	0.685994	0.0373473	-0.280006	0.0516341	-0.000324115	-0.998666	0.0451967	
-0.684652	0.728016	-0.0352687	-0.51779	0.727046	0.68556	0.0375716	-0.279603	0.0515316	8.14848e-05	-0.998671	0.0451653	
-0.684231	0.72843	-0.0348897	-0.517683	0.727449	0.68512	0.0378002	-0.279191	0.0514385	0.000483592	-0.998676	0.0451371	
-0.683797	0.728855	-0.0345388	-0.51759	0.727863	0.684668	0.0380126	-0.278784	0.0513533	0.000853375	-0.99868	0.0451219	
-0.683347	0.729295	-0.0341333	-0.517474	0.728293	0.684198	0.0382462	-0.278359	0.0512467	0.00127637	-0.998685	0.0450886	
-0.682886	0.729746	-0.0337312	-0.517354	0.728732	0.683717	0.0384799	-0.277928	0.0511431	0.0016964	-0.99869	0.0450648	
-0.682421	0.730199	-0.0333466	-0.517237	0.729175	0.683232	0.0387114	-0.2775	0.0510504	0.00210199	-0.998694	0.04505	
-0.68195	0.730656	-0.0329605	-0.517115	0.72962	0.682741	0.0389678	-0.277059	0.0509755	0.00252542	-0.998697	0.0450341	
-0.68146	0.73113	-0.0325664	-0.516993	0.730081	0.682231	0.0392641	-0.276588	0.050925	0.00298081	-0.998698	0.0450107	
-0.680956	0.731617	-0.0321674	-0.516869	0.730555	0.681707	0.0395567	-0.276112	0.0508691	0.0034363	-0.998699	0.0449905	
-0.680464	0.732094	-0.0317234	-0.516717	0.73102	0.681192	0.0398485	-0.275638	0.0507826	0.00392501	-0.998702	0.0449623	
-0.679975	0.732567	-0.0312901	-0.516565	0.731481	0.68068	0.0401321	-0.275159	0.050698	0.00440077	-0.998704	0.0449482	
-0.67949	0.733035	-0.0308822	-0.516422	0.731937	0.680174	0.0403951	-0.274685	0.0506163	0.00484422	-0.998706	0.0449529	
-0.67902	0.733488	-0.0304481	-0.516264	0.732379	0.679682	0.0406655	-0.27421	0.0505227	0.00531316	-0.998709	0.0449496	
-0.678581	0.733914	-0.0299529	-0.51607	0.732794	0.679217	0.040956	-0.273734	0.0504027	0.00584272	-0.998712	0.0449255	
-0.678143	0.734339	-0.0294667	-0.515878	0.733208	0.678753	0.0412376	-0.273259	0.050283	0.00635979	-0.998715	0.0449101	
-0.677703	0.734764	-0.0290091	-0.515696	0.733621	0.678289	0.0415258	-0.272773	0.0501882	0.00686051	-0.998716	0.044908	
-0.677256	0.735194	-0.0285502	-0.515513	0.734041	0.677817	0.041811	-0.272282	0.050091	0.00735972	-0.998718	0.0449102	
-0.676817	0.735619	-0.0280097	-0.51529	0.734454	0.677349	0.0421273	-0.271778	0.049962	0.0079406	-0.99872	0.0448835	
-0.67636	0.736059	-0.0274682	-0.515064	0.734885	0.676864	0.0424218	-0.271274	0.0498172	0.00850641	-0.998722	0.04487	
-0.675893	0.736506	-0.0269702	-0.514852	0.735322	0.676371	0.0427028	-0.270769	0.0496927	0.00903072	-0.998724	0.0448811	
-0.675427	0.73695	-0.0265107	-0.514651	0.735759	0.67588	0.0429559	-0.27028	0.0495745	0.00950808	-0.998725	0.0449147	
-0.674976	0.737383	-0.0259596	-0.5144	0.736183	0.675399	0.0432485	-0.269777	0.0494238	0.0100807	-0.998727	0.0449174	
-0.674529	0.737811	-0.0254148	-0.514149	0.736601	0.674924	0.0435576	-0.269264	0.0492903	0.0106603	-0.998728	0.0449218	
-0.674083	0.738235	-0.0249217	-0.513922	0.737016	0.67445	0.0438634	-0.268748	0.04919	0.0111998	-0.998727	0.0449444	
-0.673654	0.738644	-0.0244031	-0.51368	0.737416	0.673993	0.0441796	-0.268234	0.0490805	0.0117665	-0.998726	0.0449554	
-0.673223	0.739055	-0.0238176	-0.513404	0.737817	0.67353	0.044532	-0.267697	0.0489535	0.012407	-0.998724	0.0449448	
-0.672787	0.739471	-0.0232454	-0.513133	0.738223	0.673063	0.0448725	-0.267161	0.0488275	0.0130294	-0.998722	0.0449445	
-0.672353	0.739882	-0.022726	-0.51288	0.738625	0.6726	0.0451953	-0.266636	0.0487246	0.0136012	-0.99872	0.0449685	
-0.671937	0.740277	-0.0221354	-0.512584	0.739012	0.672151	0.0455539	-0.266103	0.0486008	0.014251	-0.998717	0.0449686	
-0.671525	0.740669	-0.0215047	-0.512268	0.739394	0.671703	0.0459522	-0.265549	0.0484802	0.0149576	-0.998712	0.0449504	
-0.671095	0.741074	-0.0209981	-0.512015	0.739789	0.671244	0.0463017	-0.26501	0.0484079	0.0155387	-0.998707	0.0449783	
-0.670673	0.741471	-0.0204375	-0.511736	0.740177	0.670789	0.0466965	-0.26445	0.0483334	0.0161908	-0.9987	0.044981	
-0.67026	0.741863	-0.0197873	-0.51141	0.740558	0.670338	0.0471186	-0.263879	0.0482197	0.0169281	-0.998693	0.0449568	
-0.66983	0.742265	-0.0192619	-0.51114	0.740953	0.669877	0.0474705	-0.263335	0.0481388	0.017525	-0.998687	0.0449876	
-0.669413	0.742656	-0.0186528	-0.510827	0.741336	0.669425	0.0478731	-0.262771	0.0480399	0.0182189	-0.998679	0.044985	
-0.669	0.743045	-0.017974	-0.510478	0.741716	0.668973	0.0483042	-0.262196	0.0479163	0.0189839	-0.998671	0.044959	
-0.668595	0.743423	-0.0173942	-0.510171	0.742087	0.668533	0.0486926	-0.261649	0.0478278	0.0196476	-0.998662	0.0449693	
-0.668173	0.743818	-0.0167558	-0.509844	0.742474	0.668072	0.0491169	-0.261073	0.0477281	0.0203778	-0.998652	0.044955	
-0.667739	0.744222	-0.0160538	-0.509489	0.742872	0.667597	0.0495517	-0.260485	0.047595	0.0211617	-0.998643	0.0449232	
-0.667282	0.744645	-0.0154104	-0.509159	0.743291	0.667102	0.0499378	-0.259913	0.0474663	0.0218682	-0.998633	0.0449242	
-0.66681	0.745082	-0.0147701	-0.50883	0.743724	0.666592	0.0503082	-0.259343	0.0473294	0.0225611	-0.998625	0.0449332	
-0.666343	0.745514	-0.0140219	-0.508449	0.744152	0.66608	0.0507383	-0.258741	0.0471658	0.0233747	-0.998614	0.0449025	
-0.665893	0.745927	-0.0133474	-0.508094	0.744563	0.66559	0.0511503	-0.258155	0.0470383	0.0241227	-0.998602	0.0449001	
-0.665485	0.746304	-0.0126632	-0.507725	0.744934	0.66514	0.0515937	-0.257568	0.0469274	0.0249016	-0.998588	0.0448874	
-0.665096	0.746662	-0.0119629	-0.507343	0.745288	0.664706	0.0520715	-0.256964	0.0468316	0.0257167	-0.998572	0.0448679	
-0.664711	0.747014	-0.0113637	-0.507	0.745634	0.664283	0.0525184	-0.25637	0.0467807	0.0264364	-0.998555	0.044892	
-0.664323	0.747369	-0.0106831	-0.506619	0.745985	0.66385	0.0530057	-0.255753	0.0467068	0.0272434	-0.998537	0.0448879	
-0.663913	0.747743	-0.0100162	-0.506245	0.746355	0.663396	0.053476	-0.255135	0.046631	0.0280278	-0.998519	0.0448957	
-0.663513	0.748106	-0.00934087	-0.505862	0.746715	0.662953	0.0539504	-0.254523	0.0465531	0.0288218	-0.9985	0.0449005	
-0.663123	0.74846	-0.00862399	-0.505452	0.747067	0.662516	0.0544298	-0.253916	0.0464521	0.029651	-0.99848	0.0448955	
-0.662746	0.748801	-0.00800989	-0.505078	0.747406	0.662098	0.0548635	-0.25334	0.0463852	0.0303739	-0.998462	0.044935	
-0.662368	0.749142	-0.00737989	-0.504693	0.747744	0.661677	0.0553401	-0.252738	0.0463407	0.0311372	-0.99844	0.044968	
-0.661985	0.749487	-0.00675679	-0.50431	0.748085	0.66125	0.0558285	-0.252125	0.0463107	0.031903	-0.998417	0.0450046	
-0.66161	0.749822	-0.00618552	-0.503948	0.748417	0.660835	0.0562984	-0.251524	0.0463014	0.0326183	-0.998395	0.0450611	
-0.661248	0.750147	-0.0055442	-0.50355	0.74874	0.660427	0.0567953	-0.250915	0.0462664	0.0334046	-0.99837	0.0450911	
-0.660878	0.750478	-0.00489708	-0.503148	0.749068	0.66001	0.0573009	-0.250298	0.0462351	0.0342006	-0.998345	0.0451205	
-0.660519	0.750797	-0.00426666	-0.502747	0.749385	0.659606	0.0578121	-0.249686	0.0462194	0.0349886	-0.998318	0.0451578	
-0.660176	0.751102	-0.00362174	-0.502332	0.749688	0.659215	0.0583343	-0.249077	0.0462025	0.0357957	-0.998291	0.0451894	
-0.659845	0.751395	-0.00302534	-0.501936	0.749979	0.658838	0.0588575	-0.248474	0.0462184	0.0365679	-0.998262	0.0452338	
-0.659523	0.75168	-0.00237809	-0.501515	0.750261	0.658466	0.0594252	-0.247848	0.0462347	0.0374082	-0.99823	0.0452576	
-0.659198	0.751968	-0.00173245	-0.501095	0.750546	0.65809	0.0599875	-0.247223	0.0462488	0.0382433	-0.998198	0.0452839	
-0.658898	0.752231	-0.00101702	-0.500629	0.750809	0.657734	0.0605932	-0.246585	0.046249	0.0391611	-0.998162	0.0452881	
-0.658588	0.752503	-0.000320372	-0.500175	0.75108	0.657369	0.0611875	-0.24595	0.0462544	0.0400567	-0.998126	0.045299	
-0.658293	0.752762	0.00037197	-0.49972	0.751338	0.657018	0.0617986	-0.245316	0.0462752	0.0409611	-0.998089	0.0453056	
-0.657996	0.753021	0.00107563	-0.49926	0.751597	0.656663	0.0624132	-0.244679	0.0462921	0.0418761	-0.99805	0.0453091	
-0.657723	0.753258	0.00176724	-0.498797	0.751835	0.656333	0.063012	-0.244064	0.0463044	0.0427731	-0.998011	0.0453185	
-0.657447	0.753497	0.0024818	-0.498318	0.752076	0.655997	0.0636392	-0.243432	0.0463239	0.0437059	-0.99797	0.0453222	
-0.657151	0.753752	0.00323051	-0.497833	0.752333	0.655639	0.0642923	-0.242778	0.0463424	0.0446802	-0.997926	0.0453087	
-0.656845	0.754015	0.00396603	-0.497354	0.752598	0.655269	0.064946	-0.242116	0.0463715	0.0456443	-0.997881	0.0453027	
-0.65652	0.754294	0.00463139	-0.496908	0.752878	0.654886	0.0655686	-0.241459	0.046425	0.046534	-0.997837	0.0453279	
-0.656206	0.754563	0.0053154	-0.496448	0.753149	0.654511	0.0662014	-0.240805	0.0464741	0.0474451	-0.997792	0.0453468	
-0.655896	0.754827	0.00603885	-0.495964	0.753416	0.654136	0.0668676	-0.240136	0.0465232	0.048408	-0.997744	0.0453531	
-0.655575	0.7551	0.00674063	-0.495492	0.753691	0.65375	0.0675325	-0.239462	0.0465871	0.049353	-0.997694	0.0453672	
-0.655257	0.755369	0.00746252	-0.495007	0.753964	0.653365	0.0682095	-0.238783	0.0466476	0.0503212	-0.997643	0.0453766	
-0.65493	0.755646	0.00808206	-0.494562	0.754242	0.652978	0.0688357	-0.238124	0.046738	0.0511784	-0.997595	0.0454303	
-0.65461	0.755917	0.00874847	-0.494092	0.754516	0.652592	0.0694919	-0.237453	0.0468209	0.0520909	-0.997544	0.0454707	
-0.654268	0.756204	0.00938474	-0.493641	0.754805	0.652188	0.0701427	-0.236774	0.0469216	0.0529758	-0.997493	0.0455207	
-0.653909	0.756507	0.0100165	-0.493197	0.75511	0.651764	0.0707962	-0.236084	0.0470294	0.0538578	-0.997441	0.0455743	
-0.653547	0.75681	0.0106957	-0.492734	0.755417	0.651335	0.0714704	-0.235382	0.0471231	0.054789	-0.997385	0.0456066	
-0.653187	0.757111	0.0113922	-0.492256	0.755724	0.650904	0.0721491	-0.234674	0.0472097	0.0557361	-0.997329	0.0456416	
-0.652823	0.757415	0.0120553	-0.491796	0.756032	0.650473	0.0728078	-0.233976	0.047304	0.0566447	-0.997273	0.045684	
-0.652449	0.757726	0.0126969	-0.491348	0.756349	0.650032	0.073447	-0.233279	0.0473993	0.0575237	-0.997218	0.0457304	
-0.652072	0.758039	0.0133881	-0.490879	0.756668	0.649584	0.074122	-0.232566	0.0474907	0.0584632	-0.997159	0.0457609	
-0.651696	0.75835	0.0140708	-0.490407	0.756986	0.649136	0.0747956	-0.231851	0.0475873	0.0593954	-0.9971	0.045794	
-0.651314	0.758664	0.0147812	-0.489923	0.757308	0.64868	0.0754901	-0.231122	0.0476834	0.0603617	-0.997037	0.0458085	
-0.650901	0.759005	0.0154653	-0.48946	0.757657	0.648191	0.076187	-0.230373	0.0478019	0.0613075	-0.996974	0.0458232	
-0.650454	0.759375	0.0161109	-0.489016	0.758031	0.647672	0.0768818	-0.229607	0.0479475	0.0622207	-0.99691	0.0458449	
-0.650002	0.759748	0.0167114	-0.488596	0.758408	0.64715	0.0775479	-0.228852	0.0481021	0.0630804	-0.996849	0.0458699	
-0.649555	0.760116	0.0173795	-0.488144	0.758782	0.646627	0.0782501	-0.228082	0.048241	0.0640151	-0.996782	0.0458789	
-0.649115	0.760475	0.0180678	-0.487684	0.759151	0.64611	0.0789403	-0.227321	0.0483584	0.0649576	-0.996716	0.045876	
-0.648682	0.760829	0.0187276	-0.487232	0.759515	0.645601	0.0796028	-0.226574	0.0484736	0.0658608	-0.996651	0.045884	
-0.648257	0.761176	0.0193236	-0.486797	0.759869	0.645108	0.0802238	-0.225849	0.0485986	0.0666891	-0.99659	0.0459093	
-0.64781	0.761542	0.0199136	-0.486371	0.760242	0.644589	0.0808497	-0.225108	0.0487343	0.0675144	-0.996527	0.0459355	
-0.647352	0.761914	0.0205481	-0.485927	0.760623	0.644057	0.081506	-0.224349	0.0488664	0.0683924	-0.996461	0.045957	
-0.646887	0.762292	0.021189	-0.485484	0.761011	0.643516	0.0821617	-0.223586	0.0489957	0.0692743	-0.996394	0.0459792	
-0.646435	0.762657	0.0218237	-0.485037	0.761386	0.642989	0.0828011	-0.222837	0.0491165	0.0701418	-0.996327	0.0460092	
-0.645979	0.763028	0.0223648	-0.484627	0.761765	0.642465	0.0833867	-0.22211	0.0492578	0.0709028	-0.996266	0.046068	
-0.64552	0.763398	0.0229567	-0.484194	0.762144	0.641933	0.0840097	-0.221365	0.0493962	0.0717262	-0.9962	0.0461123	
-0.645063	0.763768	0.0234789	-0.483789	0.762521	0.641409	0.0845912	-0.22064	0.0495484	0.0724698	-0.996139	0.0461675	
-0.644618	0.764128	0.0239953	-0.48338	0.762888	0.640897	0.0851651	-0.219925	0.0496986	0.0732047	-0.996078	0.0462161	
-0.64417	0.764488	0.024569	-0.482947	0.763258	0.640377	0.0857576	-0.219195	0.0498272	0.0739949	-0.996013	0.0462481	
-0.643723	0.764846	0.0251168	-0.48252	0.763627	0.639862	0.0863195	-0.218476	0.0499498	0.0747457	-0.995951	0.0462826	
-0.643275	0.765204	0.0256848	-0.48209	0.763996	0.639343	0.0868922	-0.217754	0.0500688	0.0755187	-0.995887	0.0463131	
-0.642812	0.765574	0.0262319	-0.481678	0.764377	0.63881	0.0874605	-0.217032	0.0502003	0.0762718	-0.995823	0.0463539	
-0.642351	0.76594	0.0268723	-0.481234	0.764758	0.638269	0.088085	-0.216292	0.050316	0.0771322	-0.99575	0.0463779	
-0.641916	0.76628	0.0275433	-0.480771	0.765116	0.637752	0.0887137	-0.215567	0.0504138	0.0780205	-0.995676	0.0464015	
-0.641504	0.766598	0.0282992	-0.480271	0.765457	0.63725	0.0893792	-0.214842	0.0504843	0.0789989	-0.995596	0.0464008	
-0.641078	0.766929	0.0289694	-0.479812	0.765807	0.63674	0.0900087	-0.214126	0.0505844	0.0798875	-0.99552	0.0464171	
-0.640631	0.767276	0.0296525	-0.479357	0.766174	0.636207	0.0906518	-0.213396	0.0506898	0.0807933	-0.995441	0.0464317	
-0.640179	0.767628	0.0303064	-0.478915	0.766544	0.635672	0.0912789	-0.212669	0.0508033	0.0816661	-0.995364	0.0464434	
-0.639732	0.767975	0.0309304	-0.478476	0.76691	0.635145	0.0918733	-0.211958	0.0509111	0.0824951	-0.99529	0.0464598	
-0.639295	0.768309	0.0316519	-0.478004	0.767269	0.634619	0.0925091	-0.211238	0.0509887	0.0834262	-0.995209	0.0464544	
-0.638871	0.768634	0.0323391	-0.477542	0.767617	0.634108	0.0931156	-0.210536	0.0510653	0.0843129	-0.99513	0.0464576	
-0.638451	0.768954	0.0330054	-0.477088	0.767961	0.633604	0.0937116	-0.209844	0.0511475	0.0851772	-0.995052	0.0464752	
-0.638042	0.769267	0.0336151	-0.476651	0.768294	0.633116	0.0942744	-0.209176	0.0512399	0.0859774	-0.994979	0.0465083	
-0.637626	0.76958	0.0343313	-0.476171	0.768635	0.632609	0.0949017	-0.208473	0.0513163	0.0869	-0.994895	0.0465176	
-0.637199	0.769904	0.0350063	-0.475712	0.768983	0.632094	0.0955117	-0.207774	0.0514077	0.0877792	-0.994813	0.0465382	
-0.636781	0.770217	0.035704	-0.475241	0.769323	0.631586	0.0961274	-0.207077	0.0514888	0.08868	-0.994729	0.0465503	
-0.636368	0.770529	0.036338	-0.474789	0.769659	0.631088	0.0967094	-0.206398	0.0515849	0.0895106	-0.994649	0.04658	
-0.635951	0.770848	0.036877	-0.474374	0.769995	0.630595	0.0972513	-0.205735	0.0517116	0.0902422	-0.994576	0.0466323	
-0.635539	0.771159	0.0374828	-0.473932	0.770327	0.630098	0.0978371	-0.205053	0.05183	0.0910533	-0.994496	0.0466602	
-0.635138	0.771464	0.0379873	-0.473529	0.770648	0.629622	0.0983779	-0.204398	0.0519774	0.0917583	-0.994424	0.0467034	
-0.634753	0.771755	0.0385206	-0.47311	0.770955	0.629156	0.0989479	-0.203737	0.0521281	0.0925051	-0.994347	0.0467386	
-0.634368	0.772043	0.039074	-0.472682	0.771263	0.62869	0.0995141	-0.203075	0.0522638	0.0932648	-0.994269	0.0467683	
-0.633987	0.772327	0.0396441	-0.472249	0.771566	0.628224	0.100099	-0.202404	0.0524041	0.0940497	-0.994187	0.0467951	
-0.633588	0.772627	0.0401803	-0.471832	0.771884	0.627744	0.100663	-0.201731	0.0525517	0.0947932	-0.994109	0.0468258	
-0.633185	0.77293	0.0407065	-0.471426	0.772204	0.627259	0.10123	-0.201064	0.05271	0.0955309	-0.99403	0.0468593	
-0.632792	0.773221	0.0412744	-0.470997	0.772516	0.626782	0.101799	-0.200403	0.0528434	0.096303	-0.993948	0.0468802	
-0.632408	0.773503	0.0418631	-0.47056	0.772823	0.626311	0.102367	-0.199751	0.0529616	0.0970902	-0.993865	0.0468981	
-0.632042	0.773769	0.0424909	-0.470099	0.773115	0.625855	0.102947	-0.199102	0.053064	0.0979172	-0.993779	0.0469071	
-0.631681	0.77403	0.0430781	-0.469659	0.773402	0.625408	0.103507	-0.198468	0.0531764	0.0987003	-0.993695	0.0469184	
-0.631326	0.774288	0.0436403	-0.469229	0.773683	0.624968	0.104067	-0.197836	0.0533041	0.099464	-0.993612	0.0469287	
-0.630969	0.774549	0.044176	-0.468812	0.773965	0.624526	0.104621	-0.197199	0.0534453	0.100204	-0.993531	0.0469284	
-0.630624	0.774804	0.0446252	-0.468427	0.774235	0.624106	0.105126	-0.196585	0.0536014	0.100846	-0.993457	0.0469414	
-0.630298	0.775039	0.0451633	-0.468001	0.774492	0.623695	0.10567	-0.19596	0.05373	0.101582	-0.993375	0.0469327	
-0.629996	0.775256	0.0456457	-0.467597	0.774728	0.623316	0.106174	-0.195356	0.0538602	0.102252	-0.993299	0.0469285	
-0.629718	0.775453	0.0461238	-0.467196	0.774945	0.622961	0.106676	-0.19476	0.0539892	0.102919	-0.993223	0.0469289	
-0.629459	0.775633	0.0466321	-0.46679	0.775147	0.622619	0.107199	-0.194155	0.0541127	0.103624	-0.993143	0.0469213	
-0.629231	0.775792	0.0470743	-0.466414	0.775322	0.622315	0.107698	-0.193567	0.0542559	0.104265	-0.993069	0.0469451	
-0.629032	0.775921	0.0475999	-0.46601	0.775475	0.62203	0.108249	-0.192968	0.054384	0.105005	-0.992984	0.0469622	
-0.628848	0.776035	0.0481587	-0.465598	0.775616	0.621755	0.108813	-0.192372	0.0545	0.10578	-0.992895	0.0469763	
-0.628681	0.776137	0.0487006	-0.4652	0.775741	0.621496	0.109402	-0.191774	0.054644	0.106558	-0.992804	0.0470013	
-0.628558	0.776197	0.0493202	-0.464771	0.775832	0.62127	0.110037	-0.191161	0.0547695	0.107429	-0.992703	0.0470021	
-0.628457	0.776249	0.0497897	-0.464406	0.775901	0.621081	0.110616	-0.190573	0.0549419	0.108149	-0.992615	0.047038	
-0.628432	0.776239	0.0502608	-0.464034	0.775909	0.620965	0.111206	-0.189991	0.0551125	0.108884	-0.992526	0.0470792	
-0.628474	0.776171	0.0507725	-0.46364	0.775866	0.620914	0.111797	-0.189412	0.055248	0.109654	-0.992433	0.0471051	
-0.628629	0.77602	0.0511701	-0.463293	0.775727	0.620982	0.112373	-0.188854	0.0554283	0.110335	-0.992348	0.0471572	
-0.628915	0.77576	0.0515974	-0.462932	0.775484	0.621177	0.112971	-0.188293	0.055587	0.111062	-0.992258	0.0471942	
-0.62933	0.77539	0.0521033	-0.462535	0.775138	0.621489	0.113638	-0.187714	0.055732	0.111903	-0.992155	0.0472022	
-0.629835	0.774955	0.0524725	-0.462191	0.774713	0.621902	0.114269	-0.187157	0.055921	0.112622	-0.992063	0.0472355	
-0.630418	0.774452	0.0528976	-0.461815	0.774227	0.622384	0.114941	-0.186597	0.0560937	0.113416	-0.991963	0.0472586	
-0.63109	0.773876	0.0533066	-0.46144	0.773666	0.622953	0.115628	-0.186035	0.0562742	0.114213	-0.991861	0.0472717	
-0.631871	0.77322	0.0535779	-0.461121	0.773012	0.623643	0.116284	-0.18549	0.0564994	0.114893	-0.99177	0.0473152	
-0.632713	0.772503	0.0539823	-0.460753	0.77231	0.624379	0.116997	-0.184922	0.0566754	0.115717	-0.991664	0.0473203	
-0.633527	0.771812	0.0543139	-0.460411	0.771629	0.625098	0.117649	-0.184376	0.0568511	0.116444	-0.991569	0.0473301	
-0.634358	0.771108	0.0546148	-0.460081	0.770932	0.625834	0.118304	-0.18383	0.057045	0.117151	-0.991474	0.0473507	
-0.635293	0.770309	0.0550235	-0.459698	0.770151	0.626663	0.119001	-0.18328	0.0571865	0.117977	-0.991368	0.0473355	
-0.636245	0.769501	0.0553213	-0.459349	0.769352	0.627519	0.119656	-0.182752	0.05736	0.118692	-0.991273	0.0473428	
-0.637161	0.768725	0.0555751	-0.459023	0.768578	0.628341	0.120315	-0.182225	0.0575688	0.119374	-0.991179	0.0473577	
-0.638113	0.767909	0.0559247	-0.458658	0.767776	0.62919	0.121	-0.181682	0.0577296	0.120149	-0.991076	0.0473318	
-0.639089	0.76708	0.0561517	-0.458341	0.766949	0.630078	0.121613	-0.181162	0.0579071	0.120787	-0.990988	0.0473296	
-0.640064	0.766258	0.0562776	-0.458067	0.76612	0.630975	0.12219	-0.180657	0.0581196	0.121325	-0.99091	0.0473383	
-0.641105	0.765369	0.0565137	-0.457737	0.765235	0.631922	0.122843	-0.180124	0.0583081	0.122002	-0.990816	0.0473111	
-0.642248	0.764401	0.0566353	-0.457452	0.764258	0.63298	0.123475	-0.179596	0.0585354	0.122586	-0.99073	0.0473012	
-0.643436	0.7634	0.0566624	-0.457208	0.763238	0.63409	0.124084	-0.179074	0.0587966	0.123087	-0.990653	0.0473085	
-0.644677	0.762342	0.0568082	-0.456915	0.762175	0.635241	0.124729	-0.178534	0.0589992	0.123708	-0.990563	0.0472836	
-0.646048	0.761177	0.0568431	-0.456662	0.760997	0.636536	0.125322	-0.178017	0.0592093	0.124221	-0.990486	0.0472747	
-0.647448	0.759988	0.0568219	-0.456438	0.759789	0.637867	0.125882	-0.177525	0.059424	0.124675	-0.990417	0.0472798	
-0.64891	0.758729	0.0569764	-0.456149	0.758531	0.63924	0.126504	-0.177011	0.0595605	0.125308	-0.990328	0.0472579	
-0.650376	0.757464	0.0570949	-0.455879	0.757261	0.640619	0.127134	-0.176493	0.0597236	0.125921	-0.990241	0.0472614	
-0.651849	0.756194	0.0571293	-0.45565	0.755977	0.642011	0.127749	-0.175984	0.0599254	0.126461	-0.99016	0.0472959	
-0.653379	0.754857	0.0573368	-0.455351	0.754643	0.643436	0.128469	-0.175441	0.0600831	0.127208	-0.990055	0.0472959	
-0.654874	0.753547	0.0575108	-0.455058	0.753332	0.644827	0.129186	-0.1749	0.0602636	0.127926	-0.989951	0.0473024	
-0.656386	0.75223	0.0575099	-0.454847	0.751995	0.646254	0.12984	-0.174379	0.0605038	0.128473	-0.989866	0.047343	
-0.657859	0.750935	0.0576019	-0.454598	0.75069	0.647632	0.130525	-0.173835	0.0607107	0.129108	-0.98977	0.0473455	
-0.659362	0.749606	0.0577363	-0.454334	0.749359	0.64904	0.13118	-0.173296	0.0608599	0.12976	-0.989676	0.0473361	
-0.660831	0.748314	0.0576839	-0.454148	0.748048	0.650444	0.131705	-0.172794	0.0610363	0.130185	-0.989609	0.047367	
-0.662336	0.746987	0.0576395	-0.453961	0.746703	0.651881	0.132234	-0.172285	0.061203	0.130623	-0.989541	0.0473944	
-0.663867	0.745626	0.0576425	-0.45375	0.74533	0.653339	0.132785	-0.171766	0.0613475	0.131114	-0.989467	0.0474028	
-0.665401	0.744267	0.0575207	-0.453584	0.743946	0.654813	0.13328	-0.171273	0.0615304	0.131477	-0.989408	0.0474415	
-0.666913	0.742923	0.0573879	-0.453433	0.742576	0.656269	0.133758	-0.17078	0.0617097	0.13182	-0.989351	0.0474677	
-0.668388	0.741602	0.0573136	-0.453261	0.741234	0.65768	0.134273	-0.170266	0.0618834	0.13223	-0.989286	0.0474757	
-0.66985	0.740281	0.0573139	-0.453068	0.7399	0.659066	0.134835	-0.169735	0.0620419	0.132726	-0.989209	0.0474831	
-0.671205	0.739058	0.0572428	-0.452918	0.738657	0.660358	0.135327	-0.16923	0.0622137	0.133115	-0.989146	0.0475097	
-0.672532	0.737856	0.0571854	-0.452775	0.737435	0.661623	0.13581	-0.168729	0.062373	0.133507	-0.989083	0.0475451	
-0.673797	0.736697	0.0572356	-0.452589	0.736268	0.662811	0.136352	-0.168208	0.0625141	0.134015	-0.989006	0.0475628	
-0.67509	0.735513	0.057225	-0.452422	0.735067	0.664029	0.136901	-0.167692	0.0626934	0.134485	-0.98893	0.0475876	
-0.676346	0.734364	0.0571414	-0.452288	0.733893	0.665218	0.137427	-0.167183	0.0629096	0.134884	-0.988862	0.0476179	
-0.677539	0.733267	0.0571075	-0.452142	0.732776	0.666342	0.13794	-0.166666	0.0630937	0.135307	-0.988793	0.0476267	
-0.678736	0.732152	0.0571872	-0.451952	0.731656	0.667459	0.138488	-0.166133	0.0632241	0.135838	-0.988712	0.0476116	
-0.679843	0.731126	0.057164	-0.45181	0.730614	0.668502	0.138954	-0.165618	0.0633789	0.136232	-0.988648	0.0476176	
-0.680924	0.730122	0.0571303	-0.451678	0.729596	0.669529	0.139361	-0.165119	0.0634998	0.136576	-0.988592	0.0476273	
-0.681938	0.729172	0.0571768	-0.451519	0.728645	0.670488	0.139724	-0.164633	0.0635463	0.136944	-0.988538	0.0476254	
-0.682846	0.728318	0.0572264	-0.451366	0.72779	0.671345	0.140066	-0.164144	0.0635936	0.137292	-0.988487	0.0476237	
-0.683765	0.727457	0.0572024	-0.451248	0.726918	0.672218	0.140401	-0.163652	0.0636828	0.137582	-0.988441	0.0476337	
-0.684643	0.726626	0.0572669	-0.451101	0.726085	0.673039	0.14078	-0.163146	0.0637516	0.137965	-0.988383	0.0476231	
-0.685431	0.725879	0.0573044	-0.450977	0.725334	0.673775	0.141129	-0.162656	0.063832	0.138299	-0.988331	0.0476214	
-0.686194	0.725152	0.0573801	-0.450855	0.724608	0.674486	0.141465	-0.162166	0.0638817	0.138651	-0.988279	0.0476149	
-0.686882	0.724489	0.0575262	-0.45071	0.723957	0.675121	0.141766	-0.161684	0.0638709	0.139023	-0.988227	0.0475865	
-0.687491	0.723903	0.0576296	-0.450585	0.723378	0.675685	0.142036	-0.161209	0.0638811	0.139337	-0.988182	0.0475579	
-0.688089	0.723332	0.057659	-0.450494	0.722805	0.676245	0.142287	-0.160718	0.0639289	0.139582	-0.988145	0.0475425	
-0.688689	0.722759	0.0576795	-0.45041	0.722229	0.676809	0.142531	-0.160226	0.0639773	0.139817	-0.988108	0.0475202	
-0.689247	0.722224	0.057709	-0.450315	0.721693	0.677333	0.142758	-0.159733	0.0640149	0.140043	-0.988074	0.0474895	
-0.689803	0.721693	0.0577132	-0.450231	0.721159	0.677861	0.142948	-0.15925	0.0640431	0.140226	-0.988046	0.0474629	
-0.690438	0.721094	0.0576111	-0.450181	0.720548	0.678484	0.143073	-0.158798	0.0640809	0.140295	-0.988034	0.0474409	
-0.691033	0.720528	0.0575453	-0.450128	0.719974	0.679064	0.143209	-0.158326	0.0641093	0.140393	-0.988018	0.0474087	
-0.691597	0.719985	0.0575719	-0.450057	0.719431	0.679597	0.143408	-0.157827	0.064126	0.1406	-0.987988	0.0473649	
-0.692195	0.719407	0.0576235	-0.449987	0.718855	0.680158	0.143638	-0.15732	0.0641411	0.140848	-0.987951	0.0473245	
-0.692796	0.718825	0.0576627	-0.449922	0.718274	0.680725	0.143859	-0.156821	0.0641572	0.141083	-0.987917	0.0472913	
-0.693382	0.718255	0.0577108	-0.449843	0.717706	0.681275	0.144094	-0.156325	0.0641791	0.141331	-0.98788	0.0472527	
-0.693997	0.717664	0.0576772	-0.449794	0.717107	0.681862	0.144298	-0.15584	0.0642296	0.141503	-0.987852	0.0472176	
-0.694624	0.717059	0.0576595	-0.449743	0.716496	0.682457	0.144522	-0.155344	0.0642805	0.141701	-0.98782	0.0471749	
-0.695203	0.716494	0.0576985	-0.44966	0.715931	0.683001	0.144752	-0.154852	0.0643055	0.14194	-0.987784	0.0471108	
-0.695755	0.71596	0.0576717	-0.449603	0.715391	0.683528	0.144929	-0.154378	0.0643434	0.142093	-0.98776	0.047062	
-0.696339	0.715395	0.0576292	-0.449551	0.714819	0.68409	0.1451	-0.153911	0.0643803	0.142233	-0.987737	0.0470111	
-0.696882	0.714863	0.0576746	-0.449468	0.714289	0.684599	0.14531	-0.15343	0.064393	0.142461	-0.987704	0.0469505	
-0.697369	0.714388	0.0576627	-0.449427	0.713808	0.685058	0.145512	-0.152957	0.0644497	0.142636	-0.987675	0.0469153	
-0.697905	0.713864	0.057679	-0.44938	0.713282	0.685562	0.145718	-0.152487	0.0644799	0.142838	-0.987643	0.0468797	
-0.698442	0.713328	0.0578045	-0.449292	0.71276	0.686061	0.145923	-0.152011	0.0644334	0.143119	-0.987606	0.0468158	
-0.698963	0.712817	0.0578227	-0.449242	0.71225	0.686558	0.146075	-0.151557	0.0644261	0.143285	-0.987582	0.0467677	
-0.699521	0.71227	0.0578066	-0.4492	0.711703	0.687097	0.146209	-0.151118	0.0644213	0.143417	-0.987563	0.0467208	
-0.700136	0.711663	0.0578286	-0.449141	0.711099	0.687687	0.146371	-0.150665	0.064399	0.143602	-0.987538	0.0466581	
-0.70074	0.711075	0.0577592	-0.449121	0.7105	0.688272	0.146532	-0.150211	0.064441	0.143719	-0.987518	0.0466128	
-0.701357	0.710467	0.0577508	-0.449077	0.709889	0.68886	0.146729	-0.149754	0.0644642	0.143906	-0.987489	0.0465574	
-0.702041	0.709786	0.0578135	-0.449006	0.709214	0.689504	0.146969	-0.149284	0.0644537	0.14418	-0.98745	0.0464968	
-0.70272	0.709113	0.0578166	-0.448967	0.708539	0.690149	0.147197	-0.148825	0.0644769	0.144403	-0.987416	0.0464579	
-0.703387	0.708447	0.05787	-0.448912	0.707875	0.690775	0.147455	-0.148366	0.0644891	0.144683	-0.987374	0.0464154	
-0.704093	0.707738	0.057966	-0.448846	0.707176	0.691434	0.147721	-0.147899	0.0644684	0.145002	-0.987329	0.0463618	
-0.704803	0.707026	0.0580284	-0.448794	0.706468	0.692102	0.147975	-0.147435	0.0644606	0.145289	-0.987287	0.0463093	
-0.705484	0.706342	0.0580849	-0.448743	0.705788	0.692742	0.14823	-0.146973	0.0644631	0.145569	-0.987246	0.04625	
-0.706184	0.705639	0.0581117	-0.448702	0.705088	0.693406	0.148456	-0.146518	0.0644613	0.145811	-0.98721	0.0461861	
-0.706925	0.704898	0.0581106	-0.448664	0.704345	0.694115	0.14867	-0.146073	0.0644621	0.146029	-0.987178	0.0461235	
-0.707618	0.704203	0.0580964	-0.448635	0.703648	0.694779	0.148864	-0.145626	0.0644665	0.146218	-0.98715	0.0460616	
-0.708359	0.703462	0.0580517	-0.448618	0.702902	0.695495	0.149052	-0.14517	0.0644778	0.146387	-0.987124	0.0459983	
-0.709138	0.702682	0.0579837	-0.44861	0.702115	0.696252	0.149225	-0.144715	0.0644865	0.146532	-0.987102	0.0459346	
-0.709919	0.701894	0.0579667	-0.448589	0.701327	0.697005	0.149417	-0.144265	0.0644718	0.146728	-0.987074	0.0458708	
-0.71081	0.700987	0.0580112	-0.448548	0.700426	0.697856	0.149666	-0.143808	0.0644307	0.147017	-0.987033	0.0458024	
-0.711739	0.700041	0.0580518	-0.448515	0.699485	0.698741	0.149935	-0.143359	0.0643973	0.147321	-0.98699	0.0457432	
-0.712689	0.699068	0.0581251	-0.448466	0.698522	0.699641	0.150234	-0.142903	0.0643569	0.147672	-0.98694	0.045684	
-0.713676	0.698053	0.0582136	-0.44841	0.697519	0.700577	0.150532	-0.142446	0.0642961	0.148036	-0.98689	0.0456221	
-0.714631	0.697067	0.058306	-0.448345	0.696545	0.701478	0.15084	-0.141983	0.0642452	0.148408	-0.986837	0.0455567	
-0.715616	0.696053	0.0583473	-0.448292	0.695537	0.702417	0.151123	-0.141531	0.0642054	0.148729	-0.986791	0.0454908	
-0.716599	0.695039	0.0583683	-0.448242	0.694525	0.703352	0.15143	-0.141084	0.0641964	0.149053	-0.986743	0.0454222	
-0.717555	0.694047	0.0584286	-0.448171	0.693538	0.704251	0.151771	-0.140629	0.0641879	0.149427	-0.986687	0.0453438	
-0.718512	0.693051	0.0584882	-0.448097	0.692548	0.705155	0.152102	-0.140174	0.0641713	0.149793	-0.986633	0.04526	
-0.71942	0.692111	0.0584564	-0.448052	0.691602	0.706019	0.152392	-0.139736	0.0642011	0.150063	-0.98659	0.0451849	
-0.720335	0.691162	0.0584218	-0.448	0.690646	0.706892	0.152681	-0.139292	0.0642291	0.15033	-0.986547	0.0450983	
-0.721315	0.690144	0.0583592	-0.447948	0.689617	0.707826	0.153004	-0.138843	0.0642869	0.15061	-0.986501	0.0450093	
-0.722287	0.689135	0.0582689	-0.447909	0.68859	0.708748	0.153366	-0.138399	0.0643916	0.150897	-0.98645	0.0449306	
-0.723299	0.68808	0.0581781	-0.447881	0.687517	0.709708	0.153736	-0.137953	0.0644933	0.151196	-0.986398	0.0448552	
-0.724302	0.687023	0.0581858	-0.447816	0.686455	0.710649	0.154138	-0.137496	0.0645464	0.151584	-0.986335	0.0447676	
-0.725287	0.685984	0.0581736	-0.447752	0.685409	0.711577	0.154506	-0.137053	0.0645935	0.151934	-0.986278	0.0446838	
-0.726311	0.68491	0.0580491	-0.447729	0.684316	0.712558	0.154833	-0.136622	0.0646836	0.152181	-0.986234	0.0446159	
-0.727288	0.683879	0.0579702	-0.44768	0.683271	0.71349	0.155152	-0.13619	0.0647438	0.152449	-0.986188	0.0445324	
-0.728229	0.682883	0.057912	-0.447618	0.682267	0.71439	0.155432	-0.135776	0.0647702	0.152702	-0.986148	0.0444448	
-0.72919	0.68187	0.0577549	-0.447592	0.681234	0.715324	0.155669	-0.135375	0.0648325	0.152857	-0.986119	0.0443693	
-0.730081	0.680926	0.0576288	-0.447556	0.680271	0.716181	0.155939	-0.134955	0.0649104	0.153051	-0.986084	0.0442855	
-0.730981	0.679964	0.057594	-0.447485	0.679298	0.717026	0.156296	-0.134508	0.0649792	0.153373	-0.98603	0.0441935	
-0.731879	0.679005	0.0574871	-0.447449	0.678319	0.71788	0.156625	-0.134075	0.0650804	0.153625	-0.985984	0.0441281	
-0.732716	0.678109	0.0574052	-0.447404	0.677407	0.718673	0.156937	-0.133645	0.0651646	0.153877	-0.985939	0.0440611	
-0.733566	0.677193	0.057367	-0.44733	0.676483	0.719477	0.157235	-0.133222	0.065204	0.15415	-0.985894	0.0439754	
-0.734465	0.676227	0.0572583	-0.447283	0.675502	0.720342	0.157493	-0.132814	0.0652554	0.154351	-0.985859	0.0438996	
-0.73533	0.675296	0.0571467	-0.44724	0.674555	0.721174	0.157745	-0.132397	0.0653116	0.154543	-0.985825	0.0438169	
-0.736194	0.674361	0.0570557	-0.447192	0.673609	0.722008	0.157976	-0.131981	0.0653383	0.154734	-0.985793	0.04373	
-0.737097	0.673379	0.0570009	-0.447131	0.672623	0.722879	0.158191	-0.13156	0.0653175	0.154942	-0.985762	0.0436428	
-0.737963	0.672432	0.0569807	-0.447066	0.671677	0.723711	0.158406	-0.131137	0.0652798	0.15517	-0.985729	0.0435643	
-0.738868	0.671441	0.0569351	-0.447016	0.670683	0.724583	0.158633	-0.130718	0.0652584	0.155394	-0.985695	0.0434982	
-0.739803	0.670413	0.0569025	-0.446956	0.669654	0.72548	0.158878	-0.1303	0.065232	0.155643	-0.985657	0.0434319	
-0.740678	0.669451	0.0568504	-0.44691	0.668687	0.72632	0.159116	-0.129882	0.0652291	0.155869	-0.985622	0.0433656	
-0.741573	0.668466	0.0567677	-0.44687	0.667692	0.727183	0.159348	-0.129465	0.0652385	0.156072	-0.985589	0.0433006	
-0.742424	0.667527	0.0566982	-0.446825	0.666745	0.728001	0.15958	-0.129045	0.0652479	0.15628	-0.985555	0.0432338	
-0.743218	0.666651	0.0566014	-0.44679	0.665856	0.728763	0.159815	-0.12862	0.0652917	0.156466	-0.985523	0.0431715	
-0.744025	0.665759	0.0565002	-0.446752	0.66495	0.729539	0.160046	-0.1282	0.0653332	0.156648	-0.985491	0.0431131	
-0.744788	0.664909	0.0564585	-0.44669	0.664094	0.730264	0.160293	-0.127774	0.0653505	0.156878	-0.985454	0.0430464	
-0.745504	0.664114	0.056367	-0.446662	0.663284	0.730947	0.16053	-0.127351	0.0654088	0.157063	-0.98542	0.0429997	
