-0.699223	0.713526	-0.0443628	-0.518311	0.713106	0.700518	0.0274494	-0.294483	0.0506628	-0.0124421	-0.998638	0.0468397	
-0.699198	0.713552	-0.0443411	-0.518312	0.713131	0.700492	0.0274632	-0.294457	0.050657	-0.0124189	-0.998639	0.0468324	
-0.699178	0.713573	-0.0443151	-0.518308	0.713152	0.700471	0.0274793	-0.294433	0.0506499	-0.0123904	-0.99864	0.0468234	
-0.699157	0.713595	-0.0442858	-0.518303	0.713172	0.700449	0.0274975	-0.294407	0.0506421	-0.0123583	-0.99864	0.0468137	
-0.699136	0.713618	-0.0442555	-0.518297	0.713194	0.700427	0.0275164	-0.29438	0.0506339	-0.012325	-0.998641	0.0468037	
-0.699116	0.71364	-0.0442191	-0.518288	0.713214	0.700405	0.02754	-0.294352	0.0506249	-0.012284	-0.998642	0.0467914	
-0.699097	0.71366	-0.0441835	-0.518279	0.713233	0.700385	0.0275619	-0.294325	0.0506153	-0.0122447	-0.998643	0.0467796	
-0.699087	0.713673	-0.0441416	-0.518263	0.713244	0.700373	0.0275872	-0.294301	0.0506038	-0.0121978	-0.998644	0.0467655	
-0.699078	0.713685	-0.0440998	-0.518247	0.713254	0.700362	0.0276126	-0.294279	0.0505925	-0.0121509	-0.998645	0.0467519	
-0.699071	0.713693	-0.0440557	-0.518228	0.713261	0.700354	0.0276391	-0.294257	0.0505804	-0.0121015	-0.998647	0.046737	
-0.699065	0.713703	-0.044013	-0.518211	0.713268	0.700345	0.0276648	-0.294236	0.0505687	-0.0120536	-0.998648	0.0467226	
-0.699058	0.713711	-0.0439728	-0.518194	0.713275	0.700337	0.0276902	-0.294215	0.0505586	-0.0120076	-0.998649	0.0467093	
-0.69905	0.713722	-0.0439308	-0.518177	0.713284	0.700327	0.0277155	-0.294193	0.0505471	-0.0119606	-0.99865	0.0466951	
-0.699039	0.713735	-0.0438954	-0.518164	0.713295	0.700315	0.0277371	-0.294172	0.0505376	-0.0119211	-0.998651	0.0466836	
-0.699028	0.713748	-0.0438626	-0.518153	0.713307	0.700302	0.0277582	-0.294151	0.0505294	-0.0118838	-0.998652	0.0466725	
-0.699017	0.71376	-0.0438371	-0.518145	0.713318	0.70029	0.0277739	-0.294133	0.0505226	-0.0118554	-0.998653	0.0466644	
-0.699008	0.71377	-0.0438118	-0.518137	0.713327	0.70028	0.0277893	-0.294117	0.0505157	-0.0118272	-0.998653	0.0466559	
-0.698996	0.713784	-0.0437931	-0.518133	0.71334	0.700267	0.0278021	-0.294101	0.0505115	-0.0118058	-0.998654	0.0466496	
-0.698984	0.713796	-0.0437795	-0.518132	0.713351	0.700254	0.0278106	-0.294087	0.0505079	-0.0117911	-0.998654	0.0466451	
-0.69897	0.71381	-0.0437725	-0.518134	0.713365	0.70024	0.0278153	-0.294075	0.0505061	-0.0117837	-0.998654	0.0466429	
-0.698953	0.713827	-0.0437714	-0.518141	0.713382	0.700223	0.027816	-0.294063	0.0505055	-0.0117836	-0.998654	0.0466429	
-0.698932	0.713848	-0.0437723	-0.51815	0.713403	0.700202	0.0278185	-0.294048	0.0505076	-0.011784	-0.998654	0.0466431	
-0.698909	0.71387	-0.043776	-0.518162	0.713425	0.700179	0.0278206	-0.294031	0.0505113	-0.0117869	-0.998654	0.0466441	
-0.698886	0.713892	-0.0437778	-0.518172	0.713447	0.700156	0.0278249	-0.294014	0.0505153	-0.0117867	-0.998654	0.0466443	
-0.69886	0.713918	-0.0437788	-0.518183	0.713472	0.700131	0.0278276	-0.293996	0.0505174	-0.0117874	-0.998654	0.0466445	
-0.698835	0.713942	-0.0437786	-0.518194	0.713497	0.700106	0.0278309	-0.293977	0.0505193	-0.0117867	-0.998654	0.0466445	
-0.698806	0.71397	-0.0437783	-0.518206	0.713525	0.700077	0.0278344	-0.293956	0.0505211	-0.0117861	-0.998653	0.0466444	
-0.698776	0.714	-0.0437799	-0.518219	0.713554	0.700047	0.0278393	-0.293933	0.0505252	-0.0117859	-0.998653	0.0466449	
-0.698741	0.714034	-0.043783	-0.518235	0.713588	0.700012	0.0278479	-0.293906	0.050533	-0.0117846	-0.998653	0.0466453	
-0.698705	0.714069	-0.0437861	-0.518251	0.713623	0.699976	0.0278566	-0.293878	0.0505408	-0.0117832	-0.998652	0.0466457	
-0.698671	0.714102	-0.0437892	-0.518266	0.713656	0.699942	0.0278652	-0.293852	0.0505486	-0.0117818	-0.998652	0.0466461	
-0.698636	0.714136	-0.0437912	-0.518281	0.713689	0.699908	0.0278744	-0.293825	0.0505559	-0.0117792	-0.998652	0.0466458	
-0.698599	0.714172	-0.0437926	-0.518296	0.713725	0.699871	0.0278834	-0.293797	0.0505627	-0.0117765	-0.998651	0.0466453	
-0.698562	0.714208	-0.0437965	-0.518313	0.71376	0.699834	0.0278972	-0.293767	0.0505747	-0.0117723	-0.998651	0.0466447	
-0.698521	0.714247	-0.043802	-0.518331	0.713799	0.699794	0.0279147	-0.293734	0.0505904	-0.0117668	-0.99865	0.046644	
-0.698478	0.714289	-0.043809	-0.518351	0.713839	0.699752	0.0279358	-0.293699	0.0506097	-0.01176	-0.998649	0.046643	
-0.698435	0.714331	-0.043814	-0.51837	0.71388	0.699709	0.0279559	-0.293662	0.0506268	-0.0117526	-0.998648	0.0466417	
-0.698396	0.714369	-0.0438207	-0.518388	0.713918	0.69967	0.027976	-0.293629	0.0506452	-0.0117461	-0.998648	0.0466408	
-0.698354	0.714409	-0.0438272	-0.518407	0.713957	0.699629	0.0279986	-0.293594	0.0506652	-0.0117378	-0.998647	0.0466395	
-0.698311	0.714451	-0.0438344	-0.518427	0.713997	0.699587	0.028023	-0.293557	0.050687	-0.0117289	-0.998646	0.046638	
-0.698263	0.714497	-0.0438441	-0.518449	0.714043	0.69954	0.0280506	-0.293516	0.0507128	-0.0117198	-0.998645	0.0466368	
-0.69822	0.714539	-0.0438519	-0.518469	0.714083	0.699497	0.0280736	-0.29348	0.0507339	-0.0117124	-0.998644	0.0466357	
-0.698174	0.714583	-0.0438608	-0.518491	0.714127	0.699452	0.0280993	-0.293441	0.0507578	-0.0117039	-0.998642	0.0466345	
-0.698129	0.714627	-0.0438706	-0.518513	0.714169	0.699408	0.0281262	-0.293402	0.0507832	-0.0116953	-0.998641	0.0466334	
-0.69808	0.714674	-0.0438784	-0.518535	0.714215	0.69936	0.0281478	-0.293362	0.0508033	-0.0116892	-0.99864	0.046633	
-0.698033	0.71472	-0.0438856	-0.518556	0.71426	0.699314	0.0281735	-0.293322	0.050826	-0.0116797	-0.998639	0.0466315	
-0.697981	0.71477	-0.0438927	-0.518579	0.714309	0.699262	0.0281961	-0.29328	0.0508462	-0.0116726	-0.998638	0.0466305	
-0.697931	0.714819	-0.0438978	-0.518601	0.714357	0.699213	0.0282175	-0.293238	0.0508643	-0.0116648	-0.998637	0.0466292	
-0.697879	0.714869	-0.0439031	-0.518624	0.714406	0.699161	0.0282389	-0.293196	0.0508825	-0.0116573	-0.998637	0.0466279	
-0.697824	0.714922	-0.0439078	-0.518648	0.714458	0.699107	0.028263	-0.293151	0.0509021	-0.0116476	-0.998636	0.0466262	
-0.697769	0.714976	-0.0439109	-0.518671	0.714511	0.699053	0.0282869	-0.293105	0.0509205	-0.0116371	-0.998635	0.0466241	
-0.697713	0.71503	-0.0439169	-0.518695	0.714564	0.698997	0.0283137	-0.293058	0.0509429	-0.0116266	-0.998634	0.0466222	
-0.697654	0.715087	-0.0439219	-0.518721	0.71462	0.698939	0.0283422	-0.293008	0.0509659	-0.0116144	-0.998633	0.0466199	
-0.69759	0.715149	-0.0439259	-0.518747	0.71468	0.698876	0.028375	-0.292953	0.0509911	-0.0115989	-0.998632	0.0466168	
-0.697527	0.715211	-0.0439281	-0.518772	0.71474	0.698813	0.0284133	-0.292897	0.051019	-0.0115782	-0.998631	0.0466123	
-0.697459	0.715277	-0.0439273	-0.518797	0.714804	0.698746	0.0284569	-0.292835	0.0510486	-0.0115519	-0.998629	0.0466062	
-0.697391	0.715343	-0.0439233	-0.51882	0.714868	0.698678	0.0285035	-0.292771	0.051078	-0.0115213	-0.998628	0.046599	
-0.697318	0.715415	-0.0439209	-0.518847	0.714937	0.698605	0.0285558	-0.292701	0.0511126	-0.0114883	-0.998627	0.0465917	
-0.697241	0.715491	-0.0439091	-0.51887	0.71501	0.698529	0.0286112	-0.292627	0.0511427	-0.0114465	-0.998626	0.0465821	
-0.697166	0.715564	-0.043899	-0.518893	0.715081	0.698454	0.0286664	-0.292554	0.0511741	-0.011406	-0.998625	0.0465729	
-0.697086	0.715643	-0.0438905	-0.518917	0.715157	0.698374	0.0287202	-0.292478	0.0512054	-0.0113681	-0.998623	0.0465656	
-0.69701	0.715717	-0.0438823	-0.51894	0.715228	0.698298	0.0287729	-0.292404	0.0512362	-0.0113309	-0.998622	0.0465592	
-0.69693	0.715795	-0.0438769	-0.518966	0.715304	0.698219	0.0288241	-0.292329	0.0512678	-0.0112969	-0.998621	0.0465542	
-0.696853	0.715871	-0.0438711	-0.51899	0.715377	0.698142	0.0288765	-0.292255	0.0513001	-0.0112617	-0.99862	0.0465485	
-0.696769	0.715953	-0.0438647	-0.519018	0.715456	0.698058	0.0289323	-0.292175	0.0513343	-0.0112241	-0.998618	0.0465407	
-0.696683	0.716037	-0.0438607	-0.519049	0.715537	0.697973	0.0289926	-0.292093	0.0513733	-0.0111854	-0.998617	0.0465316	
-0.696591	0.716127	-0.0438557	-0.519081	0.715624	0.697881	0.0290529	-0.292008	0.0514116	-0.0111462	-0.998615	0.0465219	
-0.696498	0.716217	-0.0438518	-0.519114	0.715712	0.697789	0.0291117	-0.291923	0.0514496	-0.011109	-0.998614	0.0465136	
-0.696397	0.716316	-0.0438495	-0.519151	0.715807	0.697688	0.029173	-0.291832	0.0514903	-0.0110718	-0.998612	0.0465046	
-0.696293	0.716417	-0.0438511	-0.519191	0.715905	0.697585	0.0292367	-0.291739	0.0515355	-0.0110359	-0.99861	0.0464967	
-0.696188	0.716519	-0.0438554	-0.519233	0.716004	0.697481	0.0293028	-0.291643	0.0515843	-0.0110004	-0.998608	0.046489	
-0.696073	0.71663	-0.0438585	-0.519278	0.716112	0.697367	0.0293717	-0.291541	0.0516341	-0.0109628	-0.998606	0.0464808	
-0.695957	0.716742	-0.043862	-0.519323	0.716221	0.697253	0.0294408	-0.291437	0.0516844	-0.0109254	-0.998604	0.0464727	
-0.69584	0.716856	-0.0438675	-0.519371	0.716331	0.697136	0.0295096	-0.291332	0.0517357	-0.0108897	-0.998601	0.0464652	
-0.695707	0.716984	-0.0438787	-0.519426	0.716456	0.697005	0.0295827	-0.291217	0.051794	-0.0108563	-0.998599	0.0464586	
-0.69557	0.717116	-0.0438937	-0.519486	0.716585	0.696869	0.0296534	-0.2911	0.0518531	-0.0108276	-0.998596	0.0464539	
-0.69543	0.717251	-0.043911	-0.519547	0.716716	0.696731	0.0297238	-0.290982	0.0519136	-0.0108009	-0.998593	0.0464494	
-0.695288	0.717387	-0.0439315	-0.519611	0.716849	0.696591	0.0297923	-0.290863	0.051975	-0.010778	-0.99859	0.0464461	
-0.695145	0.717525	-0.0439547	-0.519677	0.716984	0.69645	0.0298634	-0.290742	0.05204	-0.0107555	-0.998587	0.046443	
-0.694992	0.717671	-0.043977	-0.519747	0.717127	0.6963	0.0299347	-0.290615	0.0521044	-0.0107327	-0.998584	0.0464399	
-0.694835	0.717822	-0.0439985	-0.519818	0.717275	0.696144	0.0300078	-0.290484	0.0521695	-0.0107086	-0.998581	0.0464364	
-0.694671	0.71798	-0.0440183	-0.519891	0.717429	0.695982	0.030082	-0.290348	0.0522342	-0.0106829	-0.998578	0.0464325	
-0.694512	0.718132	-0.0440362	-0.519961	0.717578	0.695825	0.0301573	-0.290213	0.0522984	-0.0106548	-0.998575	0.0464279	
-0.694358	0.71828	-0.0440497	-0.52003	0.717722	0.695673	0.030235	-0.290077	0.0523614	-0.0106215	-0.998572	0.0464213	
-0.694205	0.718427	-0.044066	-0.5201	0.717865	0.695521	0.0303159	-0.289939	0.0524286	-0.010588	-0.998569	0.0464159	
-0.694056	0.718571	-0.0440791	-0.520169	0.718005	0.695374	0.0303997	-0.289798	0.0524958	-0.0105499	-0.998565	0.0464088	
-0.693917	0.718704	-0.04409	-0.520236	0.718134	0.695237	0.0304813	-0.28966	0.05256	-0.0105111	-0.998562	0.0464015	
-0.693787	0.718829	-0.0440973	-0.520302	0.718255	0.695108	0.0305701	-0.289517	0.0526271	-0.0104639	-0.998559	0.0463922	
-0.69367	0.718942	-0.0441024	-0.520368	0.718363	0.694993	0.0306645	-0.289367	0.0526968	-0.0104105	-0.998556	0.0463821	
-0.693568	0.719039	-0.0441068	-0.520435	0.718455	0.694892	0.0307641	-0.289212	0.0527701	-0.0103518	-0.998553	0.0463717	
-0.693495	0.71911	-0.0441084	-0.520498	0.718521	0.69482	0.0308652	-0.289058	0.0528429	-0.010288	-0.99855	0.0463616	
-0.693442	0.71916	-0.0441136	-0.520561	0.718566	0.694769	0.0309611	-0.288907	0.0529148	-0.0102289	-0.998547	0.0463559	
-0.693411	0.719191	-0.0441167	-0.520621	0.718592	0.694738	0.031059	-0.288754	0.0529869	-0.0101653	-0.998543	0.04635	
-0.693407	0.719194	-0.0441228	-0.520683	0.718589	0.694736	0.0311584	-0.288598	0.0530627	-0.0101007	-0.99854	0.0463454	
-0.69344	0.719161	-0.0441306	-0.520744	0.718551	0.694771	0.031264	-0.288441	0.0531445	-0.0100303	-0.998536	0.0463396	
-0.693538	0.719066	-0.0441468	-0.520806	0.71845	0.694871	0.0313771	-0.288286	0.0532385	-0.00995599	-0.998532	0.0463332	
-0.69371	0.718898	-0.0441749	-0.520872	0.718276	0.695045	0.0314993	-0.28813	0.0533484	-0.00987839	-0.998527	0.0463272	
-0.693971	0.718643	-0.044221	-0.520944	0.718014	0.69531	0.0316346	-0.287972	0.0534812	-0.00979777	-0.998521	0.0463224	
-0.694312	0.71831	-0.044286	-0.521023	0.717673	0.695655	0.0317818	-0.287812	0.053637	-0.00971639	-0.998513	0.0463196	
-0.694701	0.717929	-0.0443726	-0.521111	0.717283	0.69605	0.0319362	-0.287651	0.0538135	-0.00964166	-0.998504	0.0463202	
-0.695115	0.717521	-0.0444852	-0.521211	0.716866	0.696471	0.0321018	-0.287484	0.0540164	-0.0095755	-0.998494	0.0463255	
-0.695565	0.717077	-0.0446098	-0.521313	0.716413	0.696929	0.0322727	-0.287318	0.0542319	-0.00951131	-0.998483	0.0463322	
-0.696089	0.716561	-0.0447366	-0.521414	0.715888	0.697461	0.0324465	-0.287156	0.0544519	-0.00944075	-0.998472	0.046338	
-0.6967	0.715958	-0.0448727	-0.521518	0.715276	0.69808	0.0326265	-0.286991	0.0546839	-0.00936546	-0.99846	0.0463457	
-0.697359	0.715306	-0.0450184	-0.521625	0.714614	0.698749	0.0328114	-0.286823	0.0549268	-0.0092894	-0.998447	0.0463555	
-0.698026	0.714647	-0.0451729	-0.521732	0.713943	0.699425	0.0330084	-0.286654	0.0551844	-0.0092102	-0.998434	0.046366	
-0.698732	0.713945	-0.0453322	-0.521836	0.71323	0.700142	0.0332232	-0.286484	0.0554585	-0.00911815	-0.998419	0.0463745	
-0.699521	0.713161	-0.0455076	-0.521942	0.712433	0.700942	0.0334695	-0.286302	0.0557673	-0.00900848	-0.998403	0.0463838	
-0.700355	0.71233	-0.0457025	-0.522051	0.711586	0.701788	0.0337423	-0.286111	0.0561091	-0.00888964	-0.998385	0.0463948	
-0.701172	0.711512	-0.0459129	-0.522162	0.710751	0.702619	0.0340502	-0.285911	0.0564864	-0.00875764	-0.998365	0.0464038	
-0.702012	0.710669	-0.0461472	-0.522279	0.709888	0.703474	0.0343887	-0.285699	0.0569024	-0.00861808	-0.998343	0.0464149	
-0.702919	0.709756	-0.0463804	-0.522393	0.708956	0.704397	0.0347467	-0.285482	0.0573319	-0.00845751	-0.998319	0.0464216	
-0.703844	0.708824	-0.0466192	-0.522503	0.708002	0.705337	0.0351173	-0.285268	0.0577742	-0.0082894	-0.998295	0.0464269	
-0.704759	0.707897	-0.0468716	-0.522618	0.707052	0.70627	0.0355073	-0.285045	0.0582395	-0.00811654	-0.99827	0.046433	
-0.705741	0.706901	-0.0471203	-0.522731	0.706033	0.707268	0.0358966	-0.28482	0.058702	-0.00793475	-0.998244	0.0464397	
-0.706789	0.705837	-0.0473631	-0.522841	0.704947	0.708332	0.0362726	-0.284603	0.0591514	-0.00775136	-0.998219	0.0464483	
-0.707819	0.704789	-0.047588	-0.522947	0.703877	0.709376	0.0366307	-0.284385	0.0595748	-0.00756822	-0.998195	0.0464568	
-0.708902	0.703684	-0.0478241	-0.523062	0.70275	0.710475	0.0369864	-0.284162	0.0600046	-0.0073887	-0.998171	0.0464694	
-0.710052	0.702506	-0.048069	-0.523182	0.701548	0.711641	0.0373822	-0.283918	0.0604692	-0.00717939	-0.998144	0.0464755	
-0.711209	0.701317	-0.0483361	-0.523312	0.700332	0.712815	0.0378013	-0.283661	0.0609655	-0.00696669	-0.998116	0.0464841	
-0.712427	0.700061	-0.048599	-0.523441	0.699049	0.714051	0.0382329	-0.283397	0.0614676	-0.00673489	-0.998086	0.0464877	
-0.713638	0.698808	-0.0488643	-0.523573	0.697768	0.715279	0.0386602	-0.283132	0.0619677	-0.00650654	-0.998057	0.0464939	
-0.71484	0.697562	-0.0491155	-0.5237	0.696494	0.716497	0.03909	-0.282865	0.0624588	-0.00626554	-0.998028	0.0464948	
-0.716088	0.696261	-0.0493808	-0.523825	0.695163	0.717763	0.0395487	-0.282593	0.0629799	-0.00600739	-0.997997	0.0464949	
-0.717272	0.695023	-0.0496394	-0.523945	0.693894	0.718964	0.0400159	-0.28232	0.0635009	-0.00574219	-0.997965	0.0464915	
-0.718432	0.693807	-0.0498817	-0.524061	0.692647	0.720141	0.0404743	-0.282044	0.0640032	-0.00547234	-0.997935	0.0464867	
-0.719544	0.692636	-0.0501149	-0.524176	0.691445	0.721269	0.0409331	-0.281759	0.0644981	-0.00519852	-0.997904	0.0464817	
-0.720611	0.691509	-0.0503492	-0.524296	0.690286	0.722351	0.041407	-0.281458	0.0650031	-0.00491696	-0.997873	0.0464747	
-0.721723	0.690331	-0.0505911	-0.524415	0.689073	0.723479	0.0419064	-0.281148	0.0655309	-0.00461622	-0.99784	0.046466	
-0.722818	0.689168	-0.0508142	-0.524527	0.687875	0.724589	0.0424146	-0.280832	0.0660502	-0.00429575	-0.997807	0.0464496	
-0.723875	0.688043	-0.0510096	-0.524631	0.686716	0.725659	0.0428936	-0.280521	0.0665282	-0.00397955	-0.997777	0.0464325	
-0.72497	0.686875	-0.0511904	-0.524732	0.685515	0.726766	0.043361	-0.280209	0.0669871	-0.00365635	-0.997747	0.0464149	
-0.726017	0.685756	-0.0513599	-0.524831	0.684362	0.727824	0.0438317	-0.279889	0.0674388	-0.00332621	-0.997718	0.0463944	
-0.727055	0.684644	-0.0515139	-0.524929	0.683215	0.728872	0.0443034	-0.279557	0.0678791	-0.00298408	-0.997689	0.0463713	
-0.728083	0.683541	-0.0516479	-0.525022	0.68208	0.729908	0.0447452	-0.27923	0.0682833	-0.00264979	-0.997662	0.0463502	
-0.72903	0.682522	-0.0517597	-0.525109	0.681031	0.730861	0.04516	-0.278907	0.0686519	-0.0023269	-0.997638	0.046331	
-0.729974	0.681504	-0.0518626	-0.525196	0.679981	0.731811	0.0455817	-0.278574	0.0690177	-0.00199211	-0.997613	0.0463084	
-0.730902	0.680501	-0.0519693	-0.525285	0.678944	0.732745	0.0460378	-0.278222	0.069409	-0.00163514	-0.997587	0.0462798	
-0.731746	0.679584	-0.0520905	-0.525382	0.677992	0.733596	0.0465041	-0.277857	0.0698169	-0.00128775	-0.997559	0.0462572	
-0.73258	0.678676	-0.05221	-0.525482	0.677049	0.734438	0.0469701	-0.277484	0.0702225	-0.000939355	-0.997531	0.046235	
-0.733377	0.677809	-0.0522921	-0.525569	0.676149	0.735238	0.0474001	-0.277121	0.0705754	-0.00059517	-0.997506	0.0462105	
-0.734077	0.677046	-0.0523463	-0.525653	0.675356	0.735941	0.047801	-0.276759	0.0708873	-0.000262794	-0.997484	0.0461851	
-0.734766	0.676295	-0.0523815	-0.525727	0.674576	0.736631	0.048196	-0.276395	0.0711805	7.7471e-05	-0.997463	0.0461573	
-0.735463	0.675535	-0.0524093	-0.525803	0.673786	0.737328	0.0485747	-0.276029	0.0714567	0.000412214	-0.997444	0.0461337	
-0.736117	0.674822	-0.0524164	-0.525868	0.673045	0.73798	0.0489433	-0.275667	0.0717103	0.000749367	-0.997425	0.046108	
-0.736737	0.674145	-0.0524083	-0.525927	0.672342	0.738598	0.0492914	-0.27531	0.0719382	0.00107849	-0.997409	0.0460858	
-0.737376	0.673449	-0.0523817	-0.525982	0.671619	0.739233	0.049631	-0.274943	0.0721463	0.00141618	-0.997393	0.0460638	
-0.738002	0.672765	-0.0523483	-0.526039	0.67091	0.739854	0.0499607	-0.274569	0.0723419	0.0017501	-0.997378	0.046045	
-0.738589	0.672124	-0.0523023	-0.526092	0.670244	0.740436	0.0502802	-0.274192	0.0725211	0.00208112	-0.997365	0.0460287	
-0.7392	0.671457	-0.0522328	-0.526129	0.669551	0.741039	0.0506198	-0.273806	0.0726956	0.00244566	-0.997351	0.0460049	
-0.739845	0.67075	-0.0521825	-0.526172	0.668816	0.741678	0.0509744	-0.273412	0.0728937	0.00281264	-0.997336	0.0459858	
-0.740467	0.670066	-0.0521584	-0.526221	0.668102	0.742295	0.0513577	-0.273013	0.0731299	0.00318155	-0.997317	0.0459688	
-0.741093	0.669376	-0.0521258	-0.526259	0.667381	0.742915	0.0517741	-0.27261	0.0733814	0.00358162	-0.997298	0.0459413	
-0.74176	0.668638	-0.0520969	-0.526293	0.666609	0.743577	0.0522041	-0.272205	0.0736438	0.00399466	-0.997277	0.045914	
-0.742411	0.667917	-0.0520906	-0.526339	0.665853	0.744223	0.0526479	-0.271789	0.0739314	0.00440166	-0.997254	0.0458917	
-0.743001	0.667262	-0.0520674	-0.526377	0.665163	0.744808	0.0530983	-0.271366	0.0742106	0.00481877	-0.997231	0.0458653	
-0.743577	0.666622	-0.0520434	-0.526417	0.66449	0.745378	0.0535312	-0.270947	0.074477	0.00522224	-0.997209	0.0458433	
-0.744178	0.665952	-0.0520244	-0.526461	0.663786	0.745973	0.0539591	-0.270528	0.074743	0.00562211	-0.997187	0.045824	
-0.744752	0.665315	-0.0519668	-0.526491	0.663117	0.746538	0.0543812	-0.270106	0.0749759	0.00604043	-0.997167	0.0457943	
-0.745293	0.664714	-0.0518978	-0.526517	0.662484	0.74707	0.0547836	-0.269689	0.0751867	0.00644836	-0.997149	0.0457676	
-0.745875	0.664068	-0.0518161	-0.526536	0.661809	0.747641	0.0551546	-0.269289	0.0753662	0.0068461	-0.997132	0.0457444	
-0.746484	0.663391	-0.0517177	-0.526554	0.661105	0.748238	0.0555047	-0.268889	0.0755184	0.00724251	-0.997118	0.0457204	
-0.74707	0.662737	-0.051636	-0.526587	0.660424	0.748814	0.0558446	-0.268483	0.075676	0.00761826	-0.997103	0.0457041	
-0.747651	0.66209	-0.0515337	-0.526616	0.65975	0.749382	0.0561914	-0.268064	0.0758222	0.00801217	-0.997089	0.0456803	
-0.748316	0.661346	-0.0514302	-0.526641	0.658978	0.750033	0.0565435	-0.267645	0.0759692	0.00842097	-0.997075	0.0456569	
-0.749003	0.660574	-0.0513431	-0.526672	0.658178	0.750709	0.0569079	-0.267219	0.0761356	0.00883132	-0.997058	0.0456371	
-0.749698	0.659791	-0.051269	-0.526703	0.657364	0.751392	0.0572925	-0.266788	0.0763242	0.00924965	-0.99704	0.0456203	
-0.750457	0.658932	-0.0512114	-0.526734	0.656473	0.75214	0.0576894	-0.266362	0.0765316	0.00967453	-0.99702	0.0456046	
-0.75123	0.658055	-0.0511579	-0.526757	0.655561	0.752902	0.0581258	-0.265932	0.0767668	0.0101287	-0.996998	0.0455824	
-0.751967	0.657216	-0.0511218	-0.52679	0.654685	0.753628	0.0585913	-0.26548	0.0770339	0.0105901	-0.996972	0.0455613	
-0.752743	0.656327	-0.0511211	-0.526833	0.653756	0.754396	0.0590787	-0.26502	0.0773405	0.0110504	-0.996943	0.04555	
-0.753501	0.655456	-0.0511318	-0.526884	0.652844	0.755146	0.0595783	-0.264549	0.0776629	0.0115112	-0.996913	0.0455403	
-0.754223	0.654624	-0.0511412	-0.526934	0.651971	0.75586	0.0600847	-0.264074	0.0779884	0.0119747	-0.996882	0.0455285	
-0.754971	0.653763	-0.051117	-0.526975	0.651069	0.756597	0.0605846	-0.263596	0.0782829	0.012459	-0.996853	0.0455066	
-0.755715	0.652904	-0.0511071	-0.527021	0.650172	0.757331	0.06104	-0.263138	0.0785582	0.0129003	-0.996826	0.0455016	
-0.756432	0.652076	-0.0510668	-0.527056	0.649307	0.758036	0.0614857	-0.262679	0.0788038	0.0133517	-0.996801	0.0454912	
-0.757199	0.651189	-0.0510103	-0.52709	0.648385	0.758789	0.061933	-0.262205	0.0790362	0.0138213	-0.996776	0.0454773	
-0.757998	0.650261	-0.0509828	-0.527137	0.64742	0.759577	0.0623766	-0.261728	0.0792864	0.0142741	-0.99675	0.0454755	
-0.758841	0.64928	-0.0509521	-0.527185	0.6464	0.760406	0.0628379	-0.261239	0.0795437	0.0147485	-0.996722	0.0454694	
-0.759776	0.648189	-0.0509002	-0.527223	0.645271	0.761326	0.0633086	-0.260743	0.0797876	0.015256	-0.996695	0.0454552	
-0.760734	0.647068	-0.0508652	-0.52727	0.64411	0.76227	0.0637708	-0.260255	0.080037	0.0157498	-0.996667	0.0454463	
-0.761754	0.645869	-0.0508335	-0.527314	0.642873	0.763275	0.064228	-0.259775	0.0802829	0.0162464	-0.99664	0.0454391	
-0.762779	0.644662	-0.0507812	-0.527345	0.641625	0.764283	0.0647198	-0.259284	0.0805337	0.0167844	-0.996611	0.0454174	
-0.763819	0.643431	-0.0507725	-0.527388	0.64035	0.765308	0.0652305	-0.25879	0.0808279	0.0173121	-0.996578	0.0454084	
-0.764883	0.642164	-0.050797	-0.527436	0.639036	0.76636	0.0657704	-0.258296	0.0811641	0.0178455	-0.996541	0.0454032	
-0.765909	0.640937	-0.0508255	-0.52748	0.63776	0.767373	0.0663374	-0.257791	0.0815202	0.0183939	-0.996502	0.045396	
-0.766945	0.639696	-0.0508486	-0.52752	0.63647	0.768395	0.0668922	-0.257295	0.0818625	0.018939	-0.996464	0.0453897	
-0.767936	0.638502	-0.050885	-0.527562	0.63523	0.769374	0.0674311	-0.256811	0.0822045	0.0194592	-0.996426	0.0453917	
-0.76896	0.637266	-0.0509166	-0.527602	0.633943	0.770384	0.0679995	-0.256315	0.0825591	0.0200107	-0.996385	0.0453848	
-0.769984	0.636027	-0.0509458	-0.527642	0.632649	0.771392	0.0686269	-0.255791	0.0829477	0.0206108	-0.996341	0.045365	
-0.771031	0.634752	-0.0509958	-0.527684	0.631319	0.772425	0.0692494	-0.255273	0.0833466	0.0211988	-0.996295	0.0453555	
-0.772102	0.633446	-0.0510329	-0.527721	0.62996	0.77348	0.0698489	-0.254762	0.0837185	0.0217818	-0.996251	0.0453486	
-0.773174	0.632137	-0.0510384	-0.527745	0.628597	0.774533	0.0704587	-0.254244	0.0840705	0.0223942	-0.996208	0.0453296	
-0.774307	0.630747	-0.0510524	-0.527762	0.627153	0.775647	0.0710709	-0.253738	0.0844264	0.023013	-0.996164	0.0453161	
-0.775405	0.629395	-0.0510815	-0.527786	0.625745	0.776726	0.0716856	-0.253232	0.084795	0.0236213	-0.996118	0.0453066	
-0.776502	0.628042	-0.051071	-0.527798	0.624337	0.777801	0.0723084	-0.252713	0.0851357	0.0242621	-0.996074	0.0452836	
-0.77754	0.626759	-0.0510405	-0.527805	0.622999	0.778815	0.0729354	-0.252179	0.085464	0.0249119	-0.99603	0.0452574	
-0.778567	0.625483	-0.0510361	-0.527818	0.621668	0.779819	0.0735634	-0.251649	0.0858117	0.0255465	-0.995984	0.0452418	
-0.779592	0.624204	-0.0510475	-0.527835	0.62033	0.780822	0.0742165	-0.251109	0.0861853	0.0261923	-0.995935	0.045227	
-0.780593	0.622954	-0.0510195	-0.527833	0.61902	0.781797	0.0748798	-0.250565	0.0865335	0.0268686	-0.995887	0.0451981	
-0.781624	0.621663	-0.0509837	-0.527829	0.617673	0.782801	0.0755229	-0.25003	0.0868598	0.0275392	-0.99584	0.0451716	
-0.782623	0.620405	-0.0509799	-0.527842	0.616357	0.783775	0.0761553	-0.249499	0.0872039	0.028179	-0.995792	0.0451545	
-0.783639	0.619124	-0.0509417	-0.52785	0.615021	0.784763	0.0767868	-0.248959	0.0875178	0.0288429	-0.995745	0.0451238	
-0.784629	0.617876	-0.0508481	-0.527837	0.613719	0.78572	0.0774126	-0.248407	0.0877838	0.0295337	-0.995702	0.0450817	
-0.785604	0.616644	-0.0507575	-0.527832	0.612436	0.786663	0.0779913	-0.247864	0.088022	0.0301845	-0.995661	0.0450542	
-0.786546	0.615447	-0.0506911	-0.527845	0.611192	0.787577	0.0785327	-0.247325	0.0882559	0.0307876	-0.995622	0.0450437	
-0.787479	0.614261	-0.0505918	-0.527838	0.609956	0.788476	0.0791158	-0.246772	0.0884882	0.0314433	-0.995581	0.0450162	
-0.788423	0.613057	-0.0504947	-0.527828	0.608701	0.789386	0.0797065	-0.246212	0.0887245	0.0321062	-0.995539	0.0449913	
-0.789298	0.611934	-0.050455	-0.527851	0.607526	0.790232	0.0802864	-0.245649	0.0890011	0.0327172	-0.995494	0.0449861	
-0.790138	0.610858	-0.0503403	-0.527847	0.6064	0.791037	0.080871	-0.245074	0.0892217	0.0333729	-0.995453	0.0449555	
-0.790932	0.609841	-0.0502114	-0.527842	0.605336	0.791794	0.0814329	-0.244496	0.0894182	0.0340131	-0.995413	0.0449292	
-0.791679	0.60888	-0.050089	-0.527842	0.60433	0.792506	0.0819712	-0.243922	0.0896065	0.0346246	-0.995375	0.0449129	
-0.792453	0.607886	-0.0499275	-0.527823	0.603293	0.793242	0.0824897	-0.243359	0.0897489	0.0352483	-0.99534	0.0448893	
-0.793162	0.606975	-0.0497483	-0.527798	0.602343	0.793911	0.0829941	-0.242796	0.0898711	0.0358622	-0.995308	0.0448656	
-0.793869	0.606064	-0.0495934	-0.527785	0.601392	0.794581	0.0834862	-0.242234	0.0900039	0.036452	-0.995274	0.0448535	
-0.794557	0.605174	-0.0494424	-0.527779	0.600463	0.795232	0.083963	-0.24167	0.0901304	0.037025	-0.995242	0.0448471	
-0.795206	0.604335	-0.0492498	-0.527754	0.599586	0.795841	0.0844677	-0.241089	0.0902418	0.0376398	-0.995208	0.0448242	
-0.795867	0.603479	-0.0490753	-0.52773	0.598691	0.796462	0.0849604	-0.240517	0.0903584	0.0382363	-0.995175	0.0448136	
-0.796498	0.602658	-0.0489316	-0.527721	0.597831	0.797056	0.0854397	-0.239952	0.0904921	0.0387998	-0.995141	0.0448144	
-0.797075	0.601906	-0.0488022	-0.527721	0.597039	0.797597	0.0859235	-0.239381	0.0906423	0.0393506	-0.995106	0.0448188	
-0.79766	0.601141	-0.0486711	-0.527722	0.596236	0.798147	0.086397	-0.238815	0.0907834	0.039896	-0.995071	0.0448222	
-0.798191	0.600449	-0.0484985	-0.527712	0.595507	0.798639	0.0868698	-0.23824	0.0908937	0.0404575	-0.995038	0.0448114	
-0.798668	0.599827	-0.048344	-0.527705	0.59485	0.79908	0.0873249	-0.237677	0.0910105	0.0409862	-0.995006	0.0448121	
-0.799134	0.599219	-0.0481923	-0.527697	0.594208	0.799509	0.0877644	-0.237124	0.0911203	0.0414992	-0.994975	0.0448184	
-0.799582	0.598632	-0.0480383	-0.527689	0.593586	0.799922	0.0882085	-0.236561	0.0912313	0.0420151	-0.994943	0.0448271	
-0.799953	0.598148	-0.0479009	-0.527694	0.59307	0.800259	0.0886191	-0.236007	0.0913404	0.0424825	-0.994913	0.0448468	
-0.800297	0.5977	-0.0477522	-0.527703	0.592594	0.80057	0.0889969	-0.235456	0.0914224	0.0429263	-0.994887	0.0448686	
-0.800665	0.597224	-0.0475397	-0.527691	0.592093	0.800899	0.0893655	-0.234904	0.0914457	0.0434039	-0.994864	0.0448684	
-0.801037	0.596743	-0.0473009	-0.527665	0.59159	0.801231	0.0897224	-0.234362	0.0914402	0.0438882	-0.994843	0.044862	
-0.801355	0.59633	-0.0471119	-0.527672	0.591155	0.801515	0.0900494	-0.233818	0.0914601	0.0443111	-0.994822	0.0448779	
-0.801708	0.595871	-0.0469236	-0.527681	0.590674	0.801833	0.0903824	-0.233264	0.0914811	0.0447438	-0.994801	0.0448944	
-0.802094	0.595368	-0.0467194	-0.527688	0.590149	0.802181	0.0907135	-0.2327	0.0914854	0.0451893	-0.994781	0.0449076	
-0.802469	0.594877	-0.0465371	-0.527712	0.589637	0.802522	0.0910324	-0.232137	0.0915001	0.0456107	-0.99476	0.0449256	
-0.802881	0.594334	-0.0463661	-0.527744	0.589073	0.8029	0.0913433	-0.23158	0.0915158	0.0460248	-0.994739	0.0449436	
-0.803343	0.593724	-0.0461715	-0.527773	0.588443	0.803326	0.0916667	-0.23101	0.0915155	0.0464706	-0.994719	0.0449494	
-0.803787	0.593136	-0.0459924	-0.527812	0.587833	0.803734	0.0919967	-0.230428	0.0915323	0.0469099	-0.994697	0.0449605	
-0.804243	0.592529	-0.0458436	-0.527867	0.587204	0.804158	0.0923137	-0.229848	0.091564	0.0473231	-0.994674	0.044983	
-0.804757	0.591843	-0.0456998	-0.527919	0.586496	0.804639	0.0926215	-0.229279	0.0915892	0.047735	-0.994652	0.0450096	
-0.805235	0.591205	-0.0455267	-0.527957	0.585837	0.805081	0.0929452	-0.228705	0.0916024	0.0481715	-0.99463	0.0450237	
-0.805718	0.590558	-0.0453821	-0.528006	0.585166	0.805531	0.0932782	-0.228132	0.0916428	0.0485999	-0.994605	0.0450417	
-0.806215	0.589887	-0.0452759	-0.528073	0.58447	0.805997	0.0936127	-0.227565	0.0917132	0.0490096	-0.994579	0.0450667	
-0.806694	0.58924	-0.0451716	-0.528142	0.583795	0.806444	0.0939747	-0.226992	0.0918021	0.0494379	-0.994549	0.0450804	
-0.807231	0.588512	-0.0450604	-0.528202	0.583038	0.806947	0.0943606	-0.226421	0.0918937	0.049899	-0.994518	0.0450842	
-0.807808	0.587725	-0.0450015	-0.528287	0.582216	0.807493	0.0947626	-0.225843	0.0920327	0.0503494	-0.994482	0.0450989	
-0.8084	0.586915	-0.044952	-0.52837	0.581368	0.808052	0.0952053	-0.225254	0.0922009	0.0508304	-0.994442	0.0451078	
-0.809085	0.585974	-0.0449056	-0.528453	0.580387	0.808702	0.0956667	-0.224658	0.0923735	0.0513398	-0.9944	0.0451143	
-0.809793	0.584997	-0.0448747	-0.52854	0.579372	0.809379	0.0960968	-0.224082	0.0925369	0.0518194	-0.99436	0.0451313	
-0.810548	0.583953	-0.0448317	-0.52862	0.578293	0.810101	0.0965123	-0.223524	0.0926769	0.0523021	-0.994322	0.0451433	
-0.811327	0.582874	-0.044791	-0.528704	0.577176	0.810845	0.0969412	-0.222957	0.0928231	0.0527987	-0.994282	0.0451512	
-0.812109	0.581786	-0.0447676	-0.528792	0.576047	0.811593	0.0973975	-0.222387	0.0929976	0.0533092	-0.994238	0.0451557	
-0.812926	0.580644	-0.0447577	-0.528888	0.57486	0.812375	0.0978931	-0.221797	0.0932011	0.0538504	-0.99419	0.0451548	
-0.813721	0.57953	-0.0447614	-0.528988	0.573698	0.813133	0.098412	-0.221208	0.0934297	0.0544004	-0.994139	0.0451485	
-0.814551	0.578362	-0.0447609	-0.52908	0.572482	0.813926	0.0989422	-0.220623	0.0936565	0.0549687	-0.994086	0.0451376	
-0.815334	0.577258	-0.0447628	-0.52918	0.571329	0.814673	0.0994517	-0.220035	0.0938763	0.055512	-0.994035	0.0451332	
-0.81615	0.576104	-0.0447552	-0.529274	0.570129	0.815451	0.0999646	-0.219449	0.0940857	0.0560699	-0.993984	0.0451241	
-0.816991	0.574912	-0.0447472	-0.529371	0.568888	0.816252	0.100497	-0.218854	0.0943016	0.0566486	-0.993931	0.0451083	
-0.817863	0.57367	-0.0447587	-0.529473	0.567596	0.817085	0.101031	-0.218269	0.0945299	0.0572243	-0.993876	0.0450942	
-0.818772	0.572372	-0.0447631	-0.529574	0.566248	0.817954	0.101558	-0.21769	0.0947432	0.0578061	-0.993822	0.0450768	
-0.81967	0.571086	-0.0447426	-0.529673	0.564916	0.818811	0.102072	-0.217102	0.0949274	0.0583891	-0.99377	0.0450542	
-0.820592	0.569759	-0.0447494	-0.529788	0.563541	0.819694	0.102583	-0.21651	0.0951286	0.058961	-0.993717	0.0450389	
-0.821517	0.568424	-0.0447599	-0.529906	0.562155	0.820578	0.103119	-0.215909	0.0953445	0.0595524	-0.993661	0.045017	
-0.822488	0.567017	-0.0447772	-0.530019	0.560696	0.821506	0.103676	-0.215314	0.095571	0.0601661	-0.993603	0.0449918	
-0.823444	0.565625	-0.0448128	-0.530134	0.559249	0.82242	0.104238	-0.21473	0.0958148	0.060773	-0.993542	0.0449684	
-0.824392	0.564241	-0.0448257	-0.530239	0.557814	0.823326	0.104779	-0.214159	0.0960268	0.0613747	-0.993485	0.0449391	
-0.825337	0.562858	-0.0448347	-0.530339	0.556378	0.824226	0.105335	-0.213586	0.0962425	0.0619918	-0.993426	0.0449049	
-0.826307	0.561431	-0.0448529	-0.530443	0.554898	0.825152	0.105894	-0.213012	0.0964626	0.0626122	-0.993365	0.0448741	
-0.827261	0.560024	-0.0448595	-0.530538	0.553439	0.82606	0.106446	-0.212448	0.0966688	0.0632314	-0.993306	0.0448392	
-0.828231	0.558589	-0.0448445	-0.530626	0.551954	0.826982	0.106989	-0.211886	0.0968484	0.0638593	-0.993248	0.0448	
-0.829161	0.557208	-0.0448483	-0.530724	0.550522	0.827866	0.107533	-0.211319	0.0970468	0.0644723	-0.993189	0.0447672	
-0.830113	0.555786	-0.0448804	-0.530833	0.549046	0.828774	0.108084	-0.210755	0.0972672	0.0650804	-0.993128	0.0447387	
-0.831034	0.554406	-0.0449071	-0.530939	0.547611	0.829648	0.108655	-0.210185	0.0974962	0.0657045	-0.993065	0.0447016	
-0.831979	0.552985	-0.0449293	-0.531037	0.546136	0.830547	0.109207	-0.209642	0.097706	0.0663206	-0.993003	0.0446614	
-0.832851	0.551668	-0.0449515	-0.531143	0.544767	0.831375	0.109748	-0.209096	0.097916	0.0669157	-0.992942	0.0446227	
-0.8337	0.550384	-0.0449632	-0.531249	0.543429	0.832177	0.1103	-0.208537	0.0981248	0.067523	-0.992881	0.0445786	
-0.834504	0.549164	-0.04496	-0.531352	0.54216	0.832934	0.11083	-0.207984	0.0983126	0.0681126	-0.992822	0.0445342	
-0.835281	0.547981	-0.0449676	-0.531465	0.540929	0.833668	0.111328	-0.207438	0.0984938	0.068666	-0.992766	0.0444995	
-0.836049	0.54681	-0.0449642	-0.531572	0.539711	0.834391	0.111821	-0.206897	0.0986622	0.0692197	-0.992711	0.0444629	
-0.836785	0.545681	-0.0449678	-0.531683	0.538536	0.835084	0.112307	-0.206362	0.098836	0.0697605	-0.992656	0.044428	
-0.837534	0.54453	-0.0449781	-0.5318	0.537337	0.835789	0.112812	-0.205812	0.099022	0.0703159	-0.992598	0.044391	
-0.838256	0.543417	-0.0450042	-0.531926	0.536173	0.836467	0.113316	-0.205267	0.0992224	0.0708577	-0.992539	0.0443562	
-0.838975	0.542304	-0.0450209	-0.532056	0.535013	0.837144	0.113802	-0.204718	0.0994042	0.0713903	-0.992483	0.0443209	
-0.839679	0.541212	-0.0450374	-0.532187	0.533875	0.837806	0.114277	-0.204176	0.0995806	0.0719115	-0.992428	0.044284	
-0.84036	0.540153	-0.0450496	-0.532319	0.532772	0.838446	0.114733	-0.203644	0.0997448	0.0724158	-0.992374	0.0442473	
-0.841031	0.539108	-0.0450449	-0.532452	0.531687	0.839075	0.115164	-0.203112	0.0998821	0.0729068	-0.992325	0.0442099	
-0.841634	0.538167	-0.0450358	-0.532586	0.530707	0.839639	0.11557	-0.202586	0.10001	0.0733672	-0.992278	0.044176	
-0.842207	0.537272	-0.0450163	-0.532724	0.529778	0.840174	0.115944	-0.202064	0.100115	0.0738	-0.992235	0.0441446	
-0.842745	0.536429	-0.0449931	-0.532862	0.528904	0.840677	0.116288	-0.201557	0.100205	0.0742037	-0.992196	0.0441162	
-0.843256	0.535627	-0.0449859	-0.533006	0.528071	0.841155	0.116616	-0.201064	0.100303	0.0745813	-0.992158	0.044093	
-0.843773	0.53481	-0.0449973	-0.533159	0.527223	0.841642	0.116941	-0.200573	0.100413	0.0749478	-0.992119	0.0440754	
-0.844252	0.534052	-0.045022	-0.53332	0.526432	0.842092	0.11726	-0.200084	0.100535	0.0752957	-0.99208	0.0440615	
-0.844698	0.533344	-0.0450461	-0.533483	0.525695	0.842512	0.117554	-0.199607	0.100648	0.0756169	-0.992044	0.0440506	
-0.845151	0.532624	-0.0450729	-0.533647	0.524946	0.84294	0.117832	-0.199139	0.100754	0.0759251	-0.99201	0.0440427	
-0.845565	0.531964	-0.045106	-0.533813	0.524258	0.843331	0.118097	-0.198683	0.100862	0.0762112	-0.991977	0.0440375	
-0.845954	0.531342	-0.0451403	-0.53398	0.523608	0.843696	0.118368	-0.198222	0.100979	0.0764985	-0.991943	0.044032	
-0.846365	0.530684	-0.045181	-0.534147	0.522921	0.844084	0.118642	-0.197762	0.101098	0.0767887	-0.991909	0.0440287	
-0.846728	0.5301	-0.0452219	-0.534315	0.522308	0.844425	0.118913	-0.197303	0.101222	0.0770673	-0.991874	0.0440257	
-0.847072	0.529545	-0.0452784	-0.534485	0.521721	0.844748	0.119195	-0.196847	0.101368	0.0773438	-0.991838	0.0440251	
-0.847434	0.528962	-0.0453331	-0.534651	0.521108	0.845089	0.119461	-0.196409	0.101501	0.0776119	-0.991803	0.0440254	
-0.847768	0.528422	-0.0453789	-0.534815	0.52054	0.845404	0.119708	-0.195976	0.10162	0.077863	-0.991772	0.0440269	
-0.848027	0.528002	-0.0454219	-0.534985	0.520095	0.845645	0.119937	-0.19554	0.101738	0.078086	-0.991742	0.04403	
-0.84825	0.527641	-0.0454582	-0.535156	0.519712	0.845853	0.120134	-0.195115	0.101838	0.0782784	-0.991716	0.0440359	
-0.848458	0.527305	-0.0454797	-0.535328	0.519356	0.846046	0.120316	-0.194683	0.101921	0.078463	-0.991693	0.0440417	
-0.848648	0.526997	-0.045495	-0.535498	0.519031	0.846221	0.120489	-0.194252	0.101996	0.0786397	-0.991672	0.044047	
-0.848792	0.526765	-0.0454989	-0.535664	0.518784	0.846351	0.120637	-0.193837	0.102055	0.0787913	-0.991654	0.0440526	
-0.848908	0.52658	-0.0454862	-0.535828	0.518587	0.846453	0.120767	-0.193416	0.102096	0.0789317	-0.991638	0.0440568	
-0.84904	0.526368	-0.0454617	-0.53599	0.518366	0.846572	0.120883	-0.192998	0.102115	0.0790684	-0.991625	0.04406	
-0.849169	0.526165	-0.0454182	-0.536148	0.518156	0.846687	0.120975	-0.192584	0.102108	0.0791948	-0.991616	0.044062	
-0.849265	0.526015	-0.0453637	-0.536302	0.518002	0.846769	0.121058	-0.192171	0.102091	0.0793121	-0.991608	0.0440627	
-0.849336	0.525905	-0.0453067	-0.536451	0.51789	0.846828	0.12113	-0.19177	0.10207	0.0794164	-0.991602	0.0440646	
-0.849395	0.525814	-0.0452432	-0.536602	0.517798	0.846874	0.121202	-0.191358	0.102045	0.0795217	-0.991596	0.0440662	
-0.849461	0.525714	-0.0451755	-0.536755	0.517695	0.846926	0.12128	-0.190935	0.102019	0.0796353	-0.99159	0.0440664	
-0.849506	0.525648	-0.0451013	-0.536908	0.517628	0.846957	0.121348	-0.190511	0.101985	0.0797401	-0.991585	0.0440665	
-0.849516	0.525638	-0.0450165	-0.537055	0.517621	0.846955	0.121393	-0.190099	0.101936	0.0798237	-0.991583	0.0440665	
-0.849518	0.525644	-0.0449295	-0.537195	0.517629	0.846944	0.121431	-0.189703	0.101882	0.079901	-0.991583	0.0440659	
-0.849515	0.525655	-0.0448417	-0.537334	0.517644	0.84693	0.121469	-0.189308	0.101829	0.079978	-0.991582	0.0440647	
-0.849533	0.525633	-0.0447604	-0.537475	0.517624	0.846936	0.121513	-0.188911	0.10178	0.0800602	-0.99158	0.0440651	
-0.849541	0.525628	-0.0446776	-0.537614	0.51762	0.846931	0.121557	-0.188516	0.101733	0.0801419	-0.991578	0.0440645	
-0.849507	0.525689	-0.0445974	-0.537753	0.517683	0.846886	0.121603	-0.188121	0.101695	0.0802157	-0.991576	0.0440646	
-0.849446	0.525795	-0.0445184	-0.537887	0.51779	0.846814	0.121651	-0.187736	0.101662	0.0802843	-0.991574	0.0440639	
-0.849372	0.52592	-0.0444415	-0.53802	0.517917	0.84673	0.121698	-0.187355	0.101633	0.0803498	-0.991572	0.0440637	
-0.84929	0.526059	-0.044366	-0.538155	0.518056	0.846637	0.121753	-0.186965	0.101611	0.0804191	-0.991568	0.044063	
-0.849221	0.526177	-0.0442897	-0.538289	0.518173	0.846557	0.121813	-0.186577	0.101589	0.0804962	-0.991564	0.0440607	
-0.849144	0.526307	-0.0442073	-0.538425	0.518304	0.846468	0.121872	-0.186181	0.101562	0.0805745	-0.991561	0.0440573	
-0.849069	0.526436	-0.044127	-0.538557	0.518432	0.846381	0.121932	-0.185793	0.101538	0.0806521	-0.991557	0.0440534	
-0.848971	0.5266	-0.0440401	-0.538682	0.518599	0.846272	0.121978	-0.185424	0.101503	0.0807166	-0.991555	0.044048	
-0.848818	0.526854	-0.0439567	-0.538813	0.518852	0.846108	0.122041	-0.185036	0.10149	0.0807832	-0.991551	0.0440431	
-0.848631	0.527163	-0.043873	-0.538948	0.519159	0.845908	0.122119	-0.184632	0.101489	0.0808566	-0.991545	0.0440365	
-0.848429	0.527496	-0.0437884	-0.539082	0.519489	0.845695	0.122195	-0.184232	0.101489	0.0809263	-0.99154	0.0440303	
-0.848214	0.527848	-0.0437076	-0.53922	0.519839	0.845469	0.122274	-0.183825	0.101495	0.0809934	-0.991534	0.0440259	
-0.847996	0.528204	-0.0436218	-0.539354	0.520193	0.845239	0.122355	-0.18342	0.101499	0.0810647	-0.991527	0.0440184	
-0.8478	0.528526	-0.0435363	-0.539484	0.520511	0.84503	0.12244	-0.183025	0.101502	0.0811434	-0.991521	0.0440087	
-0.847602	0.528851	-0.0434463	-0.539617	0.520833	0.844818	0.12254	-0.182615	0.10151	0.0812372	-0.991512	0.0439947	
-0.847397	0.529187	-0.0433527	-0.539753	0.521164	0.844597	0.122652	-0.18219	0.101522	0.0813412	-0.991502	0.0439787	
-0.847201	0.529508	-0.0432562	-0.539887	0.521481	0.844386	0.122758	-0.18177	0.101526	0.0814436	-0.991493	0.0439612	
-0.847019	0.529807	-0.0431582	-0.54002	0.521776	0.844189	0.122863	-0.181351	0.101528	0.0815488	-0.991485	0.0439425	
-0.846852	0.530083	-0.0430612	-0.540151	0.522048	0.844005	0.122973	-0.180934	0.101529	0.0816596	-0.991475	0.0439236	
-0.846714	0.530311	-0.0429673	-0.540282	0.522271	0.843849	0.123091	-0.180517	0.101535	0.0817827	-0.991465	0.0439026	
-0.846599	0.530501	-0.0428759	-0.540417	0.522454	0.843717	0.123218	-0.18009	0.101542	0.0819153	-0.991453	0.0438808	
-0.846532	0.530617	-0.0427792	-0.540551	0.522565	0.84363	0.123348	-0.179658	0.101541	0.0820635	-0.991441	0.043856	
