-0.699681	0.713054	-0.0447353	-0.51834	0.712635	0.700996	0.027516	-0.294613	0.0509797	-0.0126275	-0.99862	0.0468642	
-0.699681	0.713054	-0.0447352	-0.51834	0.712635	0.700996	0.0275164	-0.294613	0.0509798	-0.0126272	-0.99862	0.0468646	
-0.699681	0.713054	-0.0447365	-0.51834	0.712635	0.700996	0.0275153	-0.294613	0.05098	-0.0126288	-0.99862	0.0468646	
-0.699681	0.713054	-0.0447353	-0.51834	0.712635	0.700996	0.027516	-0.294613	0.0509797	-0.0126275	-0.99862	0.0468642	
-0.699681	0.713054	-0.044734	-0.51834	0.712635	0.700996	0.027517	-0.294612	0.0509795	-0.0126259	-0.99862	0.0468642	
-0.699681	0.713054	-0.0447353	-0.51834	0.712635	0.700996	0.027516	-0.294613	0.0509797	-0.0126275	-0.99862	0.0468642	
-0.699681	0.713054	-0.0447353	-0.51834	0.712635	0.700996	0.027516	-0.294613	0.0509797	-0.0126275	-0.99862	0.0468642	
-0.699681	0.713054	-0.0447352	-0.51834	0.712635	0.700996	0.0275164	-0.294613	0.0509798	-0.0126272	-0.99862	0.0468646	
-0.699681	0.713054	-0.0447352	-0.51834	0.712635	0.700996	0.0275164	-0.294613	0.0509798	-0.0126272	-0.99862	0.0468646	
-0.699682	0.713053	-0.0447363	-0.51834	0.712633	0.700997	0.0275171	-0.294612	0.0509811	-0.0126273	-0.99862	0.0468642	
-0.699682	0.713053	-0.044735	-0.51834	0.712633	0.700997	0.0275182	-0.294612	0.050981	-0.0126257	-0.99862	0.0468642	
-0.699682	0.713053	-0.044735	-0.51834	0.712633	0.700997	0.0275182	-0.294612	0.050981	-0.0126257	-0.99862	0.0468642	
-0.699682	0.713053	-0.044735	-0.51834	0.712633	0.700997	0.0275182	-0.294612	0.050981	-0.0126257	-0.99862	0.0468642	
-0.699682	0.713053	-0.0447361	-0.51834	0.712634	0.700996	0.0275175	-0.294613	0.0509813	-0.012627	-0.99862	0.0468646	
-0.699682	0.713053	-0.0447361	-0.51834	0.712634	0.700996	0.0275175	-0.294613	0.0509813	-0.012627	-0.99862	0.0468646	
-0.699682	0.713053	-0.0447361	-0.51834	0.712634	0.700996	0.0275175	-0.294613	0.0509813	-0.012627	-0.99862	0.0468646	
-0.699682	0.713053	-0.044735	-0.51834	0.712633	0.700997	0.0275182	-0.294612	0.050981	-0.0126257	-0.99862	0.0468642	
-0.699682	0.713053	-0.044735	-0.51834	0.712633	0.700997	0.0275182	-0.294612	0.050981	-0.0126257	-0.99862	0.0468642	
-0.699682	0.713053	-0.044735	-0.51834	0.712633	0.700997	0.0275182	-0.294612	0.050981	-0.0126257	-0.99862	0.0468642	
-0.699682	0.713053	-0.0447361	-0.51834	0.712634	0.700996	0.0275175	-0.294613	0.0509813	-0.012627	-0.99862	0.0468646	
-0.699682	0.713053	-0.0447361	-0.51834	0.712634	0.700996	0.0275175	-0.294613	0.0509813	-0.012627	-0.99862	0.0468646	
-0.699682	0.713053	-0.0447361	-0.51834	0.712634	0.700996	0.0275175	-0.294613	0.0509813	-0.012627	-0.99862	0.0468646	
-0.699682	0.713053	-0.044735	-0.51834	0.712633	0.700997	0.0275182	-0.294612	0.050981	-0.0126257	-0.99862	0.0468642	
-0.699682	0.713053	-0.044735	-0.51834	0.712633	0.700997	0.0275182	-0.294612	0.050981	-0.0126257	-0.99862	0.0468642	
-0.699682	0.713052	-0.0447371	-0.518341	0.712633	0.700997	0.0275187	-0.294612	0.0509828	-0.0126268	-0.99862	0.0468646	
-0.699683	0.713052	-0.0447359	-0.51834	0.712632	0.700998	0.0275193	-0.294612	0.0509825	-0.0126255	-0.99862	0.0468642	
-0.699683	0.713052	-0.0447359	-0.51834	0.712632	0.700998	0.0275193	-0.294612	0.0509825	-0.0126255	-0.99862	0.0468642	
-0.699682	0.713052	-0.0447371	-0.518341	0.712633	0.700997	0.0275187	-0.294612	0.0509828	-0.0126268	-0.99862	0.0468646	
-0.699682	0.713052	-0.0447371	-0.518341	0.712633	0.700997	0.0275187	-0.294612	0.0509828	-0.0126268	-0.99862	0.0468646	
-0.699683	0.713052	-0.0447372	-0.51834	0.712632	0.700998	0.0275183	-0.294612	0.0509826	-0.0126271	-0.99862	0.0468642	
-0.699683	0.713052	-0.0447359	-0.51834	0.712632	0.700998	0.0275193	-0.294612	0.0509825	-0.0126255	-0.99862	0.0468642	
-0.699683	0.713052	-0.0447372	-0.51834	0.712632	0.700998	0.0275183	-0.294612	0.0509826	-0.0126271	-0.99862	0.0468642	
-0.699682	0.713052	-0.0447383	-0.518341	0.712633	0.700998	0.0275176	-0.294612	0.0509829	-0.0126284	-0.99862	0.0468646	
-0.699683	0.713052	-0.0447372	-0.51834	0.712632	0.700998	0.0275183	-0.294612	0.0509826	-0.0126271	-0.99862	0.0468642	
-0.699682	0.713052	-0.0447371	-0.518341	0.712633	0.700997	0.0275187	-0.294612	0.0509828	-0.0126268	-0.99862	0.0468646	
-0.699683	0.713052	-0.0447359	-0.51834	0.712632	0.700998	0.0275193	-0.294612	0.0509825	-0.0126255	-0.99862	0.0468642	
-0.699683	0.713052	-0.0447359	-0.51834	0.712632	0.700998	0.0275193	-0.294612	0.0509825	-0.0126255	-0.99862	0.0468642	
-0.699683	0.713052	-0.0447359	-0.51834	0.712632	0.700998	0.0275193	-0.294612	0.0509825	-0.0126255	-0.99862	0.0468642	
-0.699683	0.713051	-0.044738	-0.518341	0.712632	0.700998	0.0275198	-0.294612	0.0509843	-0.0126266	-0.99862	0.0468646	
-0.699682	0.713052	-0.0447383	-0.518341	0.712633	0.700998	0.0275176	-0.294612	0.0509829	-0.0126284	-0.99862	0.0468646	
-0.699683	0.713051	-0.044738	-0.518341	0.712632	0.700998	0.0275198	-0.294612	0.0509843	-0.0126266	-0.99862	0.0468646	
-0.699684	0.713051	-0.0447369	-0.51834	0.712631	0.700999	0.0275205	-0.294612	0.050984	-0.0126253	-0.99862	0.0468642	
-0.699684	0.713051	-0.0447369	-0.51834	0.712631	0.700999	0.0275205	-0.294612	0.050984	-0.0126253	-0.99862	0.0468642	
-0.699684	0.713051	-0.0447369	-0.51834	0.712631	0.700999	0.0275205	-0.294612	0.050984	-0.0126253	-0.99862	0.0468642	
-0.699684	0.713051	-0.0447382	-0.518341	0.712631	0.700999	0.0275194	-0.294612	0.0509841	-0.0126269	-0.99862	0.0468642	
-0.699683	0.713051	-0.044738	-0.518341	0.712632	0.700998	0.0275198	-0.294612	0.0509843	-0.0126266	-0.99862	0.0468646	
-0.699683	0.713051	-0.0447393	-0.518341	0.712632	0.700999	0.0275188	-0.294612	0.0509844	-0.0126282	-0.99862	0.0468646	
-0.699683	0.713051	-0.044738	-0.518341	0.712632	0.700998	0.0275198	-0.294612	0.0509843	-0.0126266	-0.99862	0.0468646	
-0.699684	0.713051	-0.0447369	-0.51834	0.712631	0.700999	0.0275205	-0.294612	0.050984	-0.0126253	-0.99862	0.0468642	
-0.699684	0.713051	-0.0447369	-0.51834	0.712631	0.700999	0.0275205	-0.294612	0.050984	-0.0126253	-0.99862	0.0468642	
-0.699684	0.713051	-0.0447369	-0.51834	0.712631	0.700999	0.0275205	-0.294612	0.050984	-0.0126253	-0.99862	0.0468642	
-0.699683	0.713051	-0.044738	-0.518341	0.712632	0.700998	0.0275198	-0.294612	0.0509843	-0.0126266	-0.99862	0.0468646	
-0.699683	0.713051	-0.044738	-0.518341	0.712632	0.700998	0.0275198	-0.294612	0.0509843	-0.0126266	-0.99862	0.0468646	
-0.699683	0.713051	-0.044738	-0.518341	0.712632	0.700998	0.0275198	-0.294612	0.0509843	-0.0126266	-0.99862	0.0468646	
-0.699683	0.713051	-0.044738	-0.518341	0.712632	0.700998	0.0275198	-0.294612	0.0509843	-0.0126266	-0.99862	0.0468646	
-0.699684	0.713051	-0.0447369	-0.51834	0.712631	0.700999	0.0275205	-0.294612	0.050984	-0.0126253	-0.99862	0.0468642	
-0.699684	0.713051	-0.0447369	-0.51834	0.712631	0.700999	0.0275205	-0.294612	0.050984	-0.0126253	-0.99862	0.0468642	
-0.699683	0.713051	-0.044738	-0.518341	0.712632	0.700998	0.0275198	-0.294612	0.0509843	-0.0126266	-0.99862	0.0468646	
-0.699683	0.713051	-0.044738	-0.518341	0.712632	0.700998	0.0275198	-0.294612	0.0509843	-0.0126266	-0.99862	0.0468646	
-0.699683	0.713051	-0.044738	-0.518341	0.712632	0.700998	0.0275198	-0.294612	0.0509843	-0.0126266	-0.99862	0.0468646	
-0.699683	0.713051	-0.044738	-0.518341	0.712632	0.700998	0.0275198	-0.294612	0.0509843	-0.0126266	-0.99862	0.0468646	
-0.699684	0.71305	-0.0447389	-0.518341	0.712631	0.700999	0.0275209	-0.294612	0.0509858	-0.0126263	-0.99862	0.0468646	
-0.699685	0.71305	-0.0447378	-0.51834	0.71263	0.701	0.0275216	-0.294611	0.0509855	-0.0126251	-0.99862	0.0468643	
-0.699683	0.713051	-0.044738	-0.518341	0.712632	0.700998	0.0275198	-0.294612	0.0509843	-0.0126266	-0.99862	0.0468646	
-0.699684	0.71305	-0.0447389	-0.518341	0.712631	0.700999	0.0275209	-0.294612	0.0509858	-0.0126263	-0.99862	0.0468646	
-0.699684	0.71305	-0.0447402	-0.518341	0.712631	0.701	0.0275199	-0.294612	0.0509859	-0.012628	-0.99862	0.0468646	
-0.699684	0.71305	-0.0447389	-0.518341	0.712631	0.700999	0.0275209	-0.294612	0.0509858	-0.0126263	-0.99862	0.0468646	
-0.699684	0.71305	-0.0447389	-0.518341	0.712631	0.700999	0.0275209	-0.294612	0.0509858	-0.0126263	-0.99862	0.0468646	
-0.699685	0.71305	-0.0447378	-0.51834	0.71263	0.701	0.0275216	-0.294611	0.0509855	-0.0126251	-0.99862	0.0468643	
-0.699684	0.71305	-0.0447389	-0.518341	0.712631	0.700999	0.0275209	-0.294612	0.0509858	-0.0126263	-0.99862	0.0468646	
-0.699685	0.71305	-0.0447378	-0.51834	0.71263	0.701	0.0275216	-0.294611	0.0509855	-0.0126251	-0.99862	0.0468643	
-0.699684	0.71305	-0.0447402	-0.518341	0.712631	0.701	0.0275199	-0.294612	0.0509859	-0.012628	-0.99862	0.0468646	
-0.699684	0.71305	-0.0447389	-0.518341	0.712631	0.700999	0.0275209	-0.294612	0.0509858	-0.0126263	-0.99862	0.0468646	
-0.699685	0.71305	-0.0447378	-0.51834	0.71263	0.701	0.0275216	-0.294611	0.0509855	-0.0126251	-0.99862	0.0468643	
-0.699685	0.713049	-0.0447399	-0.518341	0.71263	0.701001	0.0275221	-0.294611	0.0509873	-0.0126261	-0.998619	0.0468647	
-0.699685	0.713049	-0.0447387	-0.518341	0.712629	0.701001	0.0275228	-0.294611	0.050987	-0.0126249	-0.998619	0.0468643	
-0.699685	0.713049	-0.0447399	-0.518341	0.71263	0.701001	0.0275221	-0.294611	0.0509873	-0.0126261	-0.998619	0.0468647	
-0.699685	0.713049	-0.04474	-0.518341	0.712629	0.701001	0.0275217	-0.294611	0.0509871	-0.0126265	-0.998619	0.0468643	
-0.699685	0.713049	-0.0447399	-0.518341	0.71263	0.701001	0.0275221	-0.294611	0.0509873	-0.0126261	-0.998619	0.0468647	
-0.699685	0.713049	-0.0447399	-0.518341	0.71263	0.701001	0.0275221	-0.294611	0.0509873	-0.0126261	-0.998619	0.0468647	
-0.699685	0.713049	-0.0447399	-0.518341	0.71263	0.701001	0.0275221	-0.294611	0.0509873	-0.0126261	-0.998619	0.0468647	
-0.699685	0.713049	-0.0447387	-0.518341	0.712629	0.701001	0.0275228	-0.294611	0.050987	-0.0126249	-0.998619	0.0468643	
-0.699685	0.713049	-0.0447387	-0.518341	0.712629	0.701001	0.0275228	-0.294611	0.050987	-0.0126249	-0.998619	0.0468643	
-0.699685	0.713049	-0.0447399	-0.518341	0.71263	0.701001	0.0275221	-0.294611	0.0509873	-0.0126261	-0.998619	0.0468647	
-0.699685	0.713049	-0.0447399	-0.518341	0.71263	0.701001	0.0275221	-0.294611	0.0509873	-0.0126261	-0.998619	0.0468647	
-0.699685	0.713049	-0.0447399	-0.518341	0.71263	0.701001	0.0275221	-0.294611	0.0509873	-0.0126261	-0.998619	0.0468647	
-0.699685	0.713049	-0.0447399	-0.518341	0.71263	0.701001	0.0275221	-0.294611	0.0509873	-0.0126261	-0.998619	0.0468647	
-0.699685	0.713049	-0.0447399	-0.518341	0.71263	0.701001	0.0275221	-0.294611	0.0509873	-0.0126261	-0.998619	0.0468647	
-0.699686	0.713048	-0.0447408	-0.518342	0.712628	0.701001	0.0275232	-0.294611	0.0509888	-0.0126259	-0.998619	0.0468647	
-0.699685	0.713049	-0.0447399	-0.518341	0.71263	0.701001	0.0275221	-0.294611	0.0509873	-0.0126261	-0.998619	0.0468647	
-0.699685	0.713049	-0.0447399	-0.518341	0.71263	0.701001	0.0275221	-0.294611	0.0509873	-0.0126261	-0.998619	0.0468647	
-0.699686	0.713048	-0.0447408	-0.518342	0.712628	0.701001	0.0275232	-0.294611	0.0509888	-0.0126259	-0.998619	0.0468647	
-0.699686	0.713049	-0.0447412	-0.518342	0.712629	0.701001	0.0275241	-0.29461	0.0509897	-0.0126256	-0.998619	0.0468646	
-0.699686	0.713049	-0.0447412	-0.518342	0.712629	0.701001	0.0275241	-0.29461	0.0509897	-0.0126256	-0.998619	0.0468646	
-0.699686	0.713048	-0.0447408	-0.518342	0.712628	0.701001	0.0275232	-0.294611	0.0509888	-0.0126259	-0.998619	0.0468647	
-0.699686	0.713049	-0.0447412	-0.518342	0.712629	0.701001	0.0275241	-0.29461	0.0509897	-0.0126256	-0.998619	0.0468646	
-0.699686	0.713048	-0.0447408	-0.518342	0.712628	0.701001	0.0275232	-0.294611	0.0509888	-0.0126259	-0.998619	0.0468647	
-0.699686	0.713049	-0.0447412	-0.518342	0.712629	0.701001	0.0275241	-0.29461	0.0509897	-0.0126256	-0.998619	0.0468646	
-0.699686	0.713048	-0.0447408	-0.518342	0.712628	0.701001	0.0275232	-0.294611	0.0509888	-0.0126259	-0.998619	0.0468647	
-0.699686	0.713049	-0.0447412	-0.518342	0.712629	0.701001	0.0275241	-0.29461	0.0509897	-0.0126256	-0.998619	0.0468646	
-0.699686	0.713049	-0.0447401	-0.518341	0.712629	0.701001	0.0275248	-0.29461	0.0509894	-0.0126243	-0.998619	0.0468642	
-0.699686	0.713049	-0.0447401	-0.518341	0.712629	0.701001	0.0275248	-0.29461	0.0509894	-0.0126243	-0.998619	0.0468642	
-0.699686	0.713048	-0.0447408	-0.518342	0.712628	0.701001	0.0275232	-0.294611	0.0509888	-0.0126259	-0.998619	0.0468647	
-0.699686	0.713049	-0.0447412	-0.518342	0.712629	0.701001	0.0275241	-0.29461	0.0509897	-0.0126256	-0.998619	0.0468646	
-0.699686	0.713049	-0.0447412	-0.518342	0.712629	0.701001	0.0275241	-0.29461	0.0509897	-0.0126256	-0.998619	0.0468646	
-0.699686	0.713049	-0.0447412	-0.518342	0.712629	0.701001	0.0275241	-0.29461	0.0509897	-0.0126256	-0.998619	0.0468646	
-0.699686	0.713049	-0.0447412	-0.518342	0.712629	0.701001	0.0275241	-0.29461	0.0509897	-0.0126256	-0.998619	0.0468646	
-0.699686	0.713049	-0.0447412	-0.518342	0.712629	0.701001	0.0275241	-0.29461	0.0509897	-0.0126256	-0.998619	0.0468646	
-0.699686	0.713049	-0.0447412	-0.518342	0.712629	0.701001	0.0275241	-0.29461	0.0509897	-0.0126256	-0.998619	0.0468646	
-0.699686	0.713049	-0.0447412	-0.518342	0.712629	0.701001	0.0275241	-0.29461	0.0509897	-0.0126256	-0.998619	0.0468646	
-0.699686	0.713049	-0.0447412	-0.518342	0.712629	0.701001	0.0275241	-0.29461	0.0509897	-0.0126256	-0.998619	0.0468646	
-0.699686	0.713049	-0.0447412	-0.518342	0.712629	0.701001	0.0275241	-0.29461	0.0509897	-0.0126256	-0.998619	0.0468646	
-0.699686	0.713049	-0.0447412	-0.518342	0.712629	0.701001	0.0275241	-0.29461	0.0509897	-0.0126256	-0.998619	0.0468646	
-0.699686	0.713049	-0.0447412	-0.518342	0.712629	0.701001	0.0275241	-0.29461	0.0509897	-0.0126256	-0.998619	0.0468646	
-0.699687	0.713048	-0.0447421	-0.518342	0.712628	0.701002	0.0275253	-0.29461	0.0509912	-0.0126254	-0.998619	0.0468647	
-0.699686	0.713049	-0.0447412	-0.518342	0.712629	0.701001	0.0275241	-0.29461	0.0509897	-0.0126256	-0.998619	0.0468646	
-0.699687	0.713048	-0.0447421	-0.518342	0.712628	0.701002	0.0275253	-0.29461	0.0509912	-0.0126254	-0.998619	0.0468647	
-0.699687	0.713048	-0.0447421	-0.518342	0.712628	0.701002	0.0275253	-0.29461	0.0509912	-0.0126254	-0.998619	0.0468647	
-0.699687	0.713048	-0.0447421	-0.518342	0.712628	0.701002	0.0275253	-0.29461	0.0509912	-0.0126254	-0.998619	0.0468647	
-0.699687	0.713048	-0.0447421	-0.518342	0.712628	0.701002	0.0275253	-0.29461	0.0509912	-0.0126254	-0.998619	0.0468647	
-0.699687	0.713048	-0.044741	-0.518342	0.712628	0.701002	0.027526	-0.29461	0.0509909	-0.0126241	-0.998619	0.0468643	
-0.699687	0.713048	-0.0447421	-0.518342	0.712628	0.701002	0.0275253	-0.29461	0.0509912	-0.0126254	-0.998619	0.0468647	
-0.699687	0.713048	-0.0447421	-0.518342	0.712628	0.701002	0.0275253	-0.29461	0.0509912	-0.0126254	-0.998619	0.0468647	
-0.699687	0.713048	-0.0447421	-0.518342	0.712628	0.701002	0.0275253	-0.29461	0.0509912	-0.0126254	-0.998619	0.0468647	
-0.699687	0.713048	-0.0447421	-0.518342	0.712628	0.701002	0.0275253	-0.29461	0.0509912	-0.0126254	-0.998619	0.0468647	
-0.699687	0.713048	-0.0447421	-0.518342	0.712628	0.701002	0.0275253	-0.29461	0.0509912	-0.0126254	-0.998619	0.0468647	
-0.699687	0.713048	-0.0447421	-0.518342	0.712628	0.701002	0.0275253	-0.29461	0.0509912	-0.0126254	-0.998619	0.0468647	
-0.699687	0.713048	-0.0447421	-0.518342	0.712628	0.701002	0.0275253	-0.29461	0.0509912	-0.0126254	-0.998619	0.0468647	
-0.699687	0.713048	-0.0447421	-0.518342	0.712628	0.701002	0.0275253	-0.29461	0.0509912	-0.0126254	-0.998619	0.0468647	
-0.699687	0.713048	-0.0447421	-0.518342	0.712628	0.701002	0.0275253	-0.29461	0.0509912	-0.0126254	-0.998619	0.0468647	
-0.699687	0.713048	-0.0447421	-0.518342	0.712628	0.701002	0.0275253	-0.29461	0.0509912	-0.0126254	-0.998619	0.0468647	
-0.699687	0.713048	-0.0447421	-0.518342	0.712628	0.701002	0.0275253	-0.29461	0.0509912	-0.0126254	-0.998619	0.0468647	
-0.699687	0.713047	-0.0447431	-0.518342	0.712627	0.701003	0.0275264	-0.29461	0.0509927	-0.0126252	-0.998619	0.0468647	
-0.699687	0.713047	-0.0447431	-0.518342	0.712627	0.701003	0.0275264	-0.29461	0.0509927	-0.0126252	-0.998619	0.0468647	
-0.699687	0.713048	-0.0447421	-0.518342	0.712628	0.701002	0.0275253	-0.29461	0.0509912	-0.0126254	-0.998619	0.0468647	
-0.699687	0.713048	-0.0447421	-0.518342	0.712628	0.701002	0.0275253	-0.29461	0.0509912	-0.0126254	-0.998619	0.0468647	
-0.699687	0.713047	-0.0447431	-0.518342	0.712627	0.701003	0.0275264	-0.29461	0.0509927	-0.0126252	-0.998619	0.0468647	
-0.699687	0.713047	-0.0447431	-0.518342	0.712627	0.701003	0.0275264	-0.29461	0.0509927	-0.0126252	-0.998619	0.0468647	
-0.699687	0.713047	-0.0447431	-0.518342	0.712627	0.701003	0.0275264	-0.29461	0.0509927	-0.0126252	-0.998619	0.0468647	
-0.699687	0.713047	-0.0447431	-0.518342	0.712627	0.701003	0.0275264	-0.29461	0.0509927	-0.0126252	-0.998619	0.0468647	
-0.699687	0.713047	-0.0447431	-0.518342	0.712627	0.701003	0.0275264	-0.29461	0.0509927	-0.0126252	-0.998619	0.0468647	
-0.699687	0.713047	-0.0447431	-0.518342	0.712627	0.701003	0.0275264	-0.29461	0.0509927	-0.0126252	-0.998619	0.0468647	
-0.699687	0.713047	-0.0447431	-0.518342	0.712627	0.701003	0.0275264	-0.29461	0.0509927	-0.0126252	-0.998619	0.0468647	
-0.699687	0.713047	-0.0447431	-0.518342	0.712627	0.701003	0.0275264	-0.29461	0.0509927	-0.0126252	-0.998619	0.0468647	
-0.699687	0.713047	-0.0447431	-0.518342	0.712627	0.701003	0.0275264	-0.29461	0.0509927	-0.0126252	-0.998619	0.0468647	
-0.699687	0.713047	-0.0447431	-0.518342	0.712627	0.701003	0.0275264	-0.29461	0.0509927	-0.0126252	-0.998619	0.0468647	
-0.699687	0.713047	-0.0447431	-0.518342	0.712627	0.701003	0.0275264	-0.29461	0.0509927	-0.0126252	-0.998619	0.0468647	
-0.699687	0.713047	-0.0447431	-0.518342	0.712627	0.701003	0.0275264	-0.29461	0.0509927	-0.0126252	-0.998619	0.0468647	
-0.699687	0.713047	-0.0447431	-0.518342	0.712627	0.701003	0.0275264	-0.29461	0.0509927	-0.0126252	-0.998619	0.0468647	
-0.699687	0.713047	-0.0447431	-0.518342	0.712627	0.701003	0.0275264	-0.29461	0.0509927	-0.0126252	-0.998619	0.0468647	
-0.699687	0.713047	-0.0447431	-0.518342	0.712627	0.701003	0.0275264	-0.29461	0.0509927	-0.0126252	-0.998619	0.0468647	
-0.699687	0.713047	-0.0447431	-0.518342	0.712627	0.701003	0.0275264	-0.29461	0.0509927	-0.0126252	-0.998619	0.0468647	
-0.699687	0.713047	-0.0447444	-0.518343	0.712627	0.701003	0.0275254	-0.29461	0.0509928	-0.0126269	-0.998619	0.0468647	
-0.699687	0.713047	-0.0447431	-0.518342	0.712627	0.701003	0.0275264	-0.29461	0.0509927	-0.0126252	-0.998619	0.0468647	
-0.699687	0.713047	-0.0447431	-0.518342	0.712627	0.701003	0.0275264	-0.29461	0.0509927	-0.0126252	-0.998619	0.0468647	
-0.699687	0.713047	-0.0447431	-0.518342	0.712627	0.701003	0.0275264	-0.29461	0.0509927	-0.0126252	-0.998619	0.0468647	
-0.699687	0.713047	-0.0447431	-0.518342	0.712627	0.701003	0.0275264	-0.29461	0.0509927	-0.0126252	-0.998619	0.0468647	
-0.699687	0.713047	-0.0447431	-0.518342	0.712627	0.701003	0.0275264	-0.29461	0.0509927	-0.0126252	-0.998619	0.0468647	
-0.699688	0.713046	-0.044744	-0.518343	0.712626	0.701004	0.0275276	-0.294609	0.0509942	-0.012625	-0.998619	0.0468647	
-0.699688	0.713046	-0.044744	-0.518343	0.712626	0.701004	0.0275276	-0.294609	0.0509942	-0.012625	-0.998619	0.0468647	
-0.699688	0.713046	-0.044744	-0.518343	0.712626	0.701004	0.0275276	-0.294609	0.0509942	-0.012625	-0.998619	0.0468647	
-0.699687	0.713047	-0.0447431	-0.518342	0.712627	0.701003	0.0275264	-0.29461	0.0509927	-0.0126252	-0.998619	0.0468647	
-0.699687	0.713047	-0.0447431	-0.518342	0.712627	0.701003	0.0275264	-0.29461	0.0509927	-0.0126252	-0.998619	0.0468647	
-0.699688	0.713046	-0.044744	-0.518343	0.712626	0.701004	0.0275276	-0.294609	0.0509942	-0.012625	-0.998619	0.0468647	
-0.699689	0.713046	-0.0447429	-0.518342	0.712626	0.701004	0.0275282	-0.294609	0.0509938	-0.0126237	-0.998619	0.0468643	
-0.699688	0.713046	-0.044744	-0.518343	0.712626	0.701004	0.0275276	-0.294609	0.0509942	-0.012625	-0.998619	0.0468647	
-0.699688	0.713046	-0.044744	-0.518343	0.712626	0.701004	0.0275276	-0.294609	0.0509942	-0.012625	-0.998619	0.0468647	
-0.699688	0.713046	-0.044744	-0.518343	0.712626	0.701004	0.0275276	-0.294609	0.0509942	-0.012625	-0.998619	0.0468647	
-0.699688	0.713046	-0.044744	-0.518343	0.712626	0.701004	0.0275276	-0.294609	0.0509942	-0.012625	-0.998619	0.0468647	
-0.699688	0.713046	-0.044744	-0.518343	0.712626	0.701004	0.0275276	-0.294609	0.0509942	-0.012625	-0.998619	0.0468647	
-0.699688	0.713046	-0.044744	-0.518343	0.712626	0.701004	0.0275276	-0.294609	0.0509942	-0.012625	-0.998619	0.0468647	
-0.699688	0.713046	-0.044744	-0.518343	0.712626	0.701004	0.0275276	-0.294609	0.0509942	-0.012625	-0.998619	0.0468647	
-0.699688	0.713046	-0.044744	-0.518343	0.712626	0.701004	0.0275276	-0.294609	0.0509942	-0.012625	-0.998619	0.0468647	
-0.699688	0.713046	-0.044744	-0.518343	0.712626	0.701004	0.0275276	-0.294609	0.0509942	-0.012625	-0.998619	0.0468647	
-0.699688	0.713046	-0.044744	-0.518343	0.712626	0.701004	0.0275276	-0.294609	0.0509942	-0.012625	-0.998619	0.0468647	
-0.699688	0.713046	-0.044744	-0.518343	0.712626	0.701004	0.0275276	-0.294609	0.0509942	-0.012625	-0.998619	0.0468647	
-0.699688	0.713046	-0.044744	-0.518343	0.712626	0.701004	0.0275276	-0.294609	0.0509942	-0.012625	-0.998619	0.0468647	
-0.699688	0.713046	-0.044744	-0.518343	0.712626	0.701004	0.0275276	-0.294609	0.0509942	-0.012625	-0.998619	0.0468647	
-0.699688	0.713046	-0.044744	-0.518343	0.712626	0.701004	0.0275276	-0.294609	0.0509942	-0.012625	-0.998619	0.0468647	
-0.699688	0.713046	-0.044744	-0.518343	0.712626	0.701004	0.0275276	-0.294609	0.0509942	-0.012625	-0.998619	0.0468647	
-0.699688	0.713046	-0.044744	-0.518343	0.712626	0.701004	0.0275276	-0.294609	0.0509942	-0.012625	-0.998619	0.0468647	
-0.699688	0.713046	-0.044744	-0.518343	0.712626	0.701004	0.0275276	-0.294609	0.0509942	-0.012625	-0.998619	0.0468647	
-0.699688	0.713046	-0.044744	-0.518343	0.712626	0.701004	0.0275276	-0.294609	0.0509942	-0.012625	-0.998619	0.0468647	
-0.699688	0.713046	-0.044744	-0.518343	0.712626	0.701004	0.0275276	-0.294609	0.0509942	-0.012625	-0.998619	0.0468647	
-0.699688	0.713046	-0.044744	-0.518343	0.712626	0.701004	0.0275276	-0.294609	0.0509942	-0.012625	-0.998619	0.0468647	
-0.699688	0.713046	-0.044744	-0.518343	0.712626	0.701004	0.0275276	-0.294609	0.0509942	-0.012625	-0.998619	0.0468647	
-0.699688	0.713046	-0.044744	-0.518343	0.712626	0.701004	0.0275276	-0.294609	0.0509942	-0.012625	-0.998619	0.0468647	
-0.699688	0.713046	-0.044744	-0.518343	0.712626	0.701004	0.0275276	-0.294609	0.0509942	-0.012625	-0.998619	0.0468647	
-0.699688	0.713046	-0.044744	-0.518343	0.712626	0.701004	0.0275276	-0.294609	0.0509942	-0.012625	-0.998619	0.0468647	
-0.699689	0.713046	-0.0447429	-0.518342	0.712626	0.701004	0.0275282	-0.294609	0.0509938	-0.0126237	-0.998619	0.0468643	
-0.699688	0.713046	-0.044744	-0.518343	0.712626	0.701004	0.0275276	-0.294609	0.0509942	-0.012625	-0.998619	0.0468647	
-0.699689	0.713045	-0.044745	-0.518343	0.712625	0.701005	0.0275287	-0.294609	0.0509957	-0.0126248	-0.998619	0.0468647	
-0.699689	0.713045	-0.044745	-0.518343	0.712625	0.701005	0.0275287	-0.294609	0.0509957	-0.0126248	-0.998619	0.0468647	
-0.699688	0.713046	-0.044744	-0.518343	0.712626	0.701004	0.0275276	-0.294609	0.0509942	-0.012625	-0.998619	0.0468647	
-0.699689	0.713045	-0.044745	-0.518343	0.712625	0.701005	0.0275287	-0.294609	0.0509957	-0.0126248	-0.998619	0.0468647	
-0.699689	0.713046	-0.0447429	-0.518342	0.712626	0.701004	0.0275282	-0.294609	0.0509938	-0.0126237	-0.998619	0.0468643	
-0.699689	0.713045	-0.044745	-0.518343	0.712625	0.701005	0.0275287	-0.294609	0.0509957	-0.0126248	-0.998619	0.0468647	
-0.699689	0.713045	-0.044745	-0.518343	0.712625	0.701005	0.0275287	-0.294609	0.0509957	-0.0126248	-0.998619	0.0468647	
-0.699689	0.713045	-0.044745	-0.518343	0.712625	0.701005	0.0275287	-0.294609	0.0509957	-0.0126248	-0.998619	0.0468647	
-0.699689	0.713045	-0.044745	-0.518343	0.712625	0.701005	0.0275287	-0.294609	0.0509957	-0.0126248	-0.998619	0.0468647	
-0.699689	0.713045	-0.044745	-0.518343	0.712625	0.701005	0.0275287	-0.294609	0.0509957	-0.0126248	-0.998619	0.0468647	
-0.699689	0.713045	-0.044745	-0.518343	0.712625	0.701005	0.0275287	-0.294609	0.0509957	-0.0126248	-0.998619	0.0468647	
-0.699689	0.713045	-0.044745	-0.518343	0.712625	0.701005	0.0275287	-0.294609	0.0509957	-0.0126248	-0.998619	0.0468647	
-0.699689	0.713045	-0.044745	-0.518343	0.712625	0.701005	0.0275287	-0.294609	0.0509957	-0.0126248	-0.998619	0.0468647	
-0.699689	0.713045	-0.044745	-0.518343	0.712625	0.701005	0.0275287	-0.294609	0.0509957	-0.0126248	-0.998619	0.0468647	
-0.699689	0.713045	-0.044745	-0.518343	0.712625	0.701005	0.0275287	-0.294609	0.0509957	-0.0126248	-0.998619	0.0468647	
-0.699689	0.713045	-0.044745	-0.518343	0.712625	0.701005	0.0275287	-0.294609	0.0509957	-0.0126248	-0.998619	0.0468647	
-0.699689	0.713045	-0.044745	-0.518343	0.712625	0.701005	0.0275287	-0.294609	0.0509957	-0.0126248	-0.998619	0.0468647	
-0.699689	0.713045	-0.044745	-0.518343	0.712625	0.701005	0.0275287	-0.294609	0.0509957	-0.0126248	-0.998619	0.0468647	
-0.699689	0.713045	-0.044745	-0.518343	0.712625	0.701005	0.0275287	-0.294609	0.0509957	-0.0126248	-0.998619	0.0468647	
-0.699689	0.713045	-0.044745	-0.518343	0.712625	0.701005	0.0275287	-0.294609	0.0509957	-0.0126248	-0.998619	0.0468647	
-0.699689	0.713045	-0.044745	-0.518343	0.712625	0.701005	0.0275287	-0.294609	0.0509957	-0.0126248	-0.998619	0.0468647	
-0.699689	0.713045	-0.044745	-0.518343	0.712625	0.701005	0.0275287	-0.294609	0.0509957	-0.0126248	-0.998619	0.0468647	
-0.699689	0.713045	-0.044745	-0.518343	0.712625	0.701005	0.0275287	-0.294609	0.0509957	-0.0126248	-0.998619	0.0468647	
-0.699689	0.713045	-0.044745	-0.518343	0.712625	0.701005	0.0275287	-0.294609	0.0509957	-0.0126248	-0.998619	0.0468647	
-0.69969	0.713045	-0.0447438	-0.518342	0.712625	0.701005	0.0275294	-0.294609	0.0509953	-0.0126235	-0.998619	0.0468643	
-0.69969	0.713045	-0.0447438	-0.518342	0.712625	0.701005	0.0275294	-0.294609	0.0509953	-0.0126235	-0.998619	0.0468643	
-0.699689	0.713045	-0.044745	-0.518343	0.712625	0.701005	0.0275287	-0.294609	0.0509957	-0.0126248	-0.998619	0.0468647	
-0.699689	0.713045	-0.044745	-0.518343	0.712625	0.701005	0.0275287	-0.294609	0.0509957	-0.0126248	-0.998619	0.0468647	
-0.699689	0.713045	-0.044745	-0.518343	0.712625	0.701005	0.0275287	-0.294609	0.0509957	-0.0126248	-0.998619	0.0468647	
-0.699689	0.713045	-0.044745	-0.518343	0.712625	0.701005	0.0275287	-0.294609	0.0509957	-0.0126248	-0.998619	0.0468647	
-0.699689	0.713045	-0.044745	-0.518343	0.712625	0.701005	0.0275287	-0.294609	0.0509957	-0.0126248	-0.998619	0.0468647	
-0.69969	0.713045	-0.0447438	-0.518342	0.712625	0.701005	0.0275294	-0.294609	0.0509953	-0.0126235	-0.998619	0.0468643	
-0.69969	0.713045	-0.0447438	-0.518342	0.712625	0.701005	0.0275294	-0.294609	0.0509953	-0.0126235	-0.998619	0.0468643	
-0.69969	0.713045	-0.0447438	-0.518342	0.712625	0.701005	0.0275294	-0.294609	0.0509953	-0.0126235	-0.998619	0.0468643	
-0.699689	0.713045	-0.044745	-0.518343	0.712625	0.701005	0.0275287	-0.294609	0.0509957	-0.0126248	-0.998619	0.0468647	
-0.699689	0.713045	-0.044745	-0.518343	0.712625	0.701005	0.0275287	-0.294609	0.0509957	-0.0126248	-0.998619	0.0468647	
-0.699689	0.713045	-0.044745	-0.518343	0.712625	0.701005	0.0275287	-0.294609	0.0509957	-0.0126248	-0.998619	0.0468647	
-0.699689	0.713045	-0.0447462	-0.518343	0.712625	0.701005	0.0275277	-0.294609	0.0509958	-0.0126265	-0.998619	0.0468647	
-0.699689	0.713045	-0.044745	-0.518343	0.712625	0.701005	0.0275287	-0.294609	0.0509957	-0.0126248	-0.998619	0.0468647	
-0.699689	0.713045	-0.044745	-0.518343	0.712625	0.701005	0.0275287	-0.294609	0.0509957	-0.0126248	-0.998619	0.0468647	
-0.699689	0.713045	-0.044745	-0.518343	0.712625	0.701005	0.0275287	-0.294609	0.0509957	-0.0126248	-0.998619	0.0468647	
-0.699689	0.713045	-0.044745	-0.518343	0.712625	0.701005	0.0275287	-0.294609	0.0509957	-0.0126248	-0.998619	0.0468647	
-0.699689	0.713045	-0.044745	-0.518343	0.712625	0.701005	0.0275287	-0.294609	0.0509957	-0.0126248	-0.998619	0.0468647	
-0.699689	0.713045	-0.044745	-0.518343	0.712625	0.701005	0.0275287	-0.294609	0.0509957	-0.0126248	-0.998619	0.0468647	
-0.69969	0.713045	-0.0447438	-0.518342	0.712625	0.701005	0.0275294	-0.294609	0.0509953	-0.0126235	-0.998619	0.0468643	
-0.69969	0.713044	-0.0447448	-0.518343	0.712624	0.701006	0.0275305	-0.294609	0.0509968	-0.0126233	-0.998619	0.0468643	
-0.69969	0.713044	-0.0447459	-0.518343	0.712624	0.701006	0.0275299	-0.294609	0.0509971	-0.0126246	-0.998619	0.0468647	
-0.699689	0.713045	-0.044745	-0.518343	0.712625	0.701005	0.0275287	-0.294609	0.0509957	-0.0126248	-0.998619	0.0468647	
-0.699689	0.713045	-0.044745	-0.518343	0.712625	0.701005	0.0275287	-0.294609	0.0509957	-0.0126248	-0.998619	0.0468647	
-0.699689	0.713045	-0.044745	-0.518343	0.712625	0.701005	0.0275287	-0.294609	0.0509957	-0.0126248	-0.998619	0.0468647	
-0.69969	0.713045	-0.0447438	-0.518342	0.712625	0.701005	0.0275294	-0.294609	0.0509953	-0.0126235	-0.998619	0.0468643	
-0.69969	0.713044	-0.0447459	-0.518343	0.712624	0.701006	0.0275299	-0.294609	0.0509971	-0.0126246	-0.998619	0.0468647	
-0.699689	0.713045	-0.044745	-0.518343	0.712625	0.701005	0.0275287	-0.294609	0.0509957	-0.0126248	-0.998619	0.0468647	
-0.699689	0.713045	-0.044745	-0.518343	0.712625	0.701005	0.0275287	-0.294609	0.0509957	-0.0126248	-0.998619	0.0468647	
-0.69969	0.713044	-0.0447459	-0.518343	0.712624	0.701006	0.0275299	-0.294609	0.0509971	-0.0126246	-0.998619	0.0468647	
-0.699689	0.713045	-0.044745	-0.518343	0.712625	0.701005	0.0275287	-0.294609	0.0509957	-0.0126248	-0.998619	0.0468647	
-0.69969	0.713044	-0.0447459	-0.518343	0.712624	0.701006	0.0275299	-0.294609	0.0509971	-0.0126246	-0.998619	0.0468647	
-0.69969	0.713044	-0.0447448	-0.518343	0.712624	0.701006	0.0275305	-0.294609	0.0509968	-0.0126233	-0.998619	0.0468643	
-0.69969	0.713044	-0.0447459	-0.518343	0.712624	0.701006	0.0275299	-0.294609	0.0509971	-0.0126246	-0.998619	0.0468647	
-0.69969	0.713044	-0.0447459	-0.518343	0.712624	0.701006	0.0275299	-0.294609	0.0509971	-0.0126246	-0.998619	0.0468647	
-0.69969	0.713044	-0.0447459	-0.518343	0.712624	0.701006	0.0275299	-0.294609	0.0509971	-0.0126246	-0.998619	0.0468647	
-0.69969	0.713044	-0.0447459	-0.518343	0.712624	0.701006	0.0275299	-0.294609	0.0509971	-0.0126246	-0.998619	0.0468647	
-0.69969	0.713044	-0.0447459	-0.518343	0.712624	0.701006	0.0275299	-0.294609	0.0509971	-0.0126246	-0.998619	0.0468647	
-0.69969	0.713044	-0.0447459	-0.518343	0.712624	0.701006	0.0275299	-0.294609	0.0509971	-0.0126246	-0.998619	0.0468647	
-0.69969	0.713044	-0.0447459	-0.518343	0.712624	0.701006	0.0275299	-0.294609	0.0509971	-0.0126246	-0.998619	0.0468647	
-0.69969	0.713044	-0.0447459	-0.518343	0.712624	0.701006	0.0275299	-0.294609	0.0509971	-0.0126246	-0.998619	0.0468647	
-0.69969	0.713044	-0.0447459	-0.518343	0.712624	0.701006	0.0275299	-0.294609	0.0509971	-0.0126246	-0.998619	0.0468647	
-0.69969	0.713044	-0.0447459	-0.518343	0.712624	0.701006	0.0275299	-0.294609	0.0509971	-0.0126246	-0.998619	0.0468647	
-0.69969	0.713044	-0.0447459	-0.518343	0.712624	0.701006	0.0275299	-0.294609	0.0509971	-0.0126246	-0.998619	0.0468647	
-0.69969	0.713044	-0.0447459	-0.518343	0.712624	0.701006	0.0275299	-0.294609	0.0509971	-0.0126246	-0.998619	0.0468647	
-0.69969	0.713044	-0.0447459	-0.518343	0.712624	0.701006	0.0275299	-0.294609	0.0509971	-0.0126246	-0.998619	0.0468647	
-0.69969	0.713044	-0.0447459	-0.518343	0.712624	0.701006	0.0275299	-0.294609	0.0509971	-0.0126246	-0.998619	0.0468647	
-0.69969	0.713044	-0.0447459	-0.518343	0.712624	0.701006	0.0275299	-0.294609	0.0509971	-0.0126246	-0.998619	0.0468647	
-0.69969	0.713044	-0.0447459	-0.518343	0.712624	0.701006	0.0275299	-0.294609	0.0509971	-0.0126246	-0.998619	0.0468647	
-0.69969	0.713044	-0.0447459	-0.518343	0.712624	0.701006	0.0275299	-0.294609	0.0509971	-0.0126246	-0.998619	0.0468647	
-0.69969	0.713044	-0.0447459	-0.518343	0.712624	0.701006	0.0275299	-0.294609	0.0509971	-0.0126246	-0.998619	0.0468647	
-0.69969	0.713044	-0.0447459	-0.518343	0.712624	0.701006	0.0275299	-0.294609	0.0509971	-0.0126246	-0.998619	0.0468647	
-0.69969	0.713044	-0.0447459	-0.518343	0.712624	0.701006	0.0275299	-0.294609	0.0509971	-0.0126246	-0.998619	0.0468647	
-0.69969	0.713044	-0.0447459	-0.518343	0.712624	0.701006	0.0275299	-0.294609	0.0509971	-0.0126246	-0.998619	0.0468647	
-0.69969	0.713044	-0.0447459	-0.518343	0.712624	0.701006	0.0275299	-0.294609	0.0509971	-0.0126246	-0.998619	0.0468647	
-0.69969	0.713044	-0.0447459	-0.518343	0.712624	0.701006	0.0275299	-0.294609	0.0509971	-0.0126246	-0.998619	0.0468647	
-0.69969	0.713044	-0.0447459	-0.518343	0.712624	0.701006	0.0275299	-0.294609	0.0509971	-0.0126246	-0.998619	0.0468647	
-0.69969	0.713044	-0.0447459	-0.518343	0.712624	0.701006	0.0275299	-0.294609	0.0509971	-0.0126246	-0.998619	0.0468647	
-0.69969	0.713044	-0.0447459	-0.518343	0.712624	0.701006	0.0275299	-0.294609	0.0509971	-0.0126246	-0.998619	0.0468647	
-0.69969	0.713044	-0.0447459	-0.518343	0.712624	0.701006	0.0275299	-0.294609	0.0509971	-0.0126246	-0.998619	0.0468647	
-0.69969	0.713044	-0.0447459	-0.518343	0.712624	0.701006	0.0275299	-0.294609	0.0509971	-0.0126246	-0.998619	0.0468647	
-0.69969	0.713044	-0.0447459	-0.518343	0.712624	0.701006	0.0275299	-0.294609	0.0509971	-0.0126246	-0.998619	0.0468647	
-0.69969	0.713044	-0.0447459	-0.518343	0.712624	0.701006	0.0275299	-0.294609	0.0509971	-0.0126246	-0.998619	0.0468647	
-0.69969	0.713044	-0.0447459	-0.518343	0.712624	0.701006	0.0275299	-0.294609	0.0509971	-0.0126246	-0.998619	0.0468647	
-0.69969	0.713044	-0.0447459	-0.518343	0.712624	0.701006	0.0275299	-0.294609	0.0509971	-0.0126246	-0.998619	0.0468647	
-0.699691	0.713043	-0.0447468	-0.518343	0.712623	0.701007	0.027531	-0.294609	0.0509986	-0.0126244	-0.998619	0.0468647	
-0.69969	0.713044	-0.0447459	-0.518343	0.712624	0.701006	0.0275299	-0.294609	0.0509971	-0.0126246	-0.998619	0.0468647	
-0.69969	0.713044	-0.0447459	-0.518343	0.712624	0.701006	0.0275299	-0.294609	0.0509971	-0.0126246	-0.998619	0.0468647	
-0.69969	0.713044	-0.0447459	-0.518343	0.712624	0.701006	0.0275299	-0.294609	0.0509971	-0.0126246	-0.998619	0.0468647	
-0.69969	0.713044	-0.0447459	-0.518343	0.712624	0.701006	0.0275299	-0.294609	0.0509971	-0.0126246	-0.998619	0.0468647	
-0.699691	0.713043	-0.0447468	-0.518343	0.712623	0.701007	0.027531	-0.294609	0.0509986	-0.0126244	-0.998619	0.0468647	
-0.699691	0.713043	-0.0447468	-0.518343	0.712623	0.701007	0.027531	-0.294609	0.0509986	-0.0126244	-0.998619	0.0468647	
-0.699691	0.713043	-0.0447468	-0.518343	0.712623	0.701007	0.027531	-0.294609	0.0509986	-0.0126244	-0.998619	0.0468647	
-0.699691	0.713043	-0.0447468	-0.518343	0.712623	0.701007	0.027531	-0.294609	0.0509986	-0.0126244	-0.998619	0.0468647	
-0.699691	0.713043	-0.0447468	-0.518343	0.712623	0.701007	0.027531	-0.294609	0.0509986	-0.0126244	-0.998619	0.0468647	
-0.69969	0.713044	-0.0447459	-0.518343	0.712624	0.701006	0.0275299	-0.294609	0.0509971	-0.0126246	-0.998619	0.0468647	
-0.699691	0.713043	-0.0447468	-0.518343	0.712623	0.701007	0.027531	-0.294609	0.0509986	-0.0126244	-0.998619	0.0468647	
-0.699691	0.713043	-0.0447468	-0.518343	0.712623	0.701007	0.027531	-0.294609	0.0509986	-0.0126244	-0.998619	0.0468647	
-0.699691	0.713043	-0.0447468	-0.518343	0.712623	0.701007	0.027531	-0.294609	0.0509986	-0.0126244	-0.998619	0.0468647	
-0.699691	0.713043	-0.0447468	-0.518343	0.712623	0.701007	0.027531	-0.294609	0.0509986	-0.0126244	-0.998619	0.0468647	
-0.699691	0.713043	-0.0447468	-0.518343	0.712623	0.701007	0.027531	-0.294609	0.0509986	-0.0126244	-0.998619	0.0468647	
-0.699691	0.713043	-0.0447468	-0.518343	0.712623	0.701007	0.027531	-0.294609	0.0509986	-0.0126244	-0.998619	0.0468647	
-0.699691	0.713043	-0.0447468	-0.518343	0.712623	0.701007	0.027531	-0.294609	0.0509986	-0.0126244	-0.998619	0.0468647	
-0.699691	0.713043	-0.0447468	-0.518343	0.712623	0.701007	0.027531	-0.294609	0.0509986	-0.0126244	-0.998619	0.0468647	
-0.699691	0.713043	-0.0447468	-0.518343	0.712623	0.701007	0.027531	-0.294609	0.0509986	-0.0126244	-0.998619	0.0468647	
-0.699691	0.713043	-0.0447468	-0.518343	0.712623	0.701007	0.027531	-0.294609	0.0509986	-0.0126244	-0.998619	0.0468647	
-0.699691	0.713043	-0.0447468	-0.518343	0.712623	0.701007	0.027531	-0.294609	0.0509986	-0.0126244	-0.998619	0.0468647	
-0.699691	0.713043	-0.0447468	-0.518343	0.712623	0.701007	0.027531	-0.294609	0.0509986	-0.0126244	-0.998619	0.0468647	
-0.699691	0.713043	-0.0447468	-0.518343	0.712623	0.701007	0.027531	-0.294609	0.0509986	-0.0126244	-0.998619	0.0468647	
-0.699691	0.713043	-0.0447468	-0.518343	0.712623	0.701007	0.027531	-0.294609	0.0509986	-0.0126244	-0.998619	0.0468647	
-0.699691	0.713043	-0.0447481	-0.518344	0.712623	0.701007	0.02753	-0.294609	0.0509988	-0.0126261	-0.998619	0.0468648	
-0.699691	0.713043	-0.0447468	-0.518343	0.712623	0.701007	0.027531	-0.294609	0.0509986	-0.0126244	-0.998619	0.0468647	
-0.699691	0.713043	-0.0447468	-0.518343	0.712623	0.701007	0.027531	-0.294609	0.0509986	-0.0126244	-0.998619	0.0468647	
-0.699691	0.713043	-0.0447468	-0.518343	0.712623	0.701007	0.027531	-0.294609	0.0509986	-0.0126244	-0.998619	0.0468647	
-0.699691	0.713043	-0.0447468	-0.518343	0.712623	0.701007	0.027531	-0.294609	0.0509986	-0.0126244	-0.998619	0.0468647	
-0.699691	0.713043	-0.0447468	-0.518343	0.712623	0.701007	0.027531	-0.294609	0.0509986	-0.0126244	-0.998619	0.0468647	
-0.699691	0.713043	-0.0447468	-0.518343	0.712623	0.701007	0.027531	-0.294609	0.0509986	-0.0126244	-0.998619	0.0468647	
-0.699691	0.713043	-0.0447468	-0.518343	0.712623	0.701007	0.027531	-0.294609	0.0509986	-0.0126244	-0.998619	0.0468647	
-0.699691	0.713043	-0.0447468	-0.518343	0.712623	0.701007	0.027531	-0.294609	0.0509986	-0.0126244	-0.998619	0.0468647	
-0.699691	0.713043	-0.0447468	-0.518343	0.712623	0.701007	0.027531	-0.294609	0.0509986	-0.0126244	-0.998619	0.0468647	
-0.699691	0.713043	-0.0447468	-0.518343	0.712623	0.701007	0.027531	-0.294609	0.0509986	-0.0126244	-0.998619	0.0468647	
-0.699691	0.713043	-0.0447468	-0.518343	0.712623	0.701007	0.027531	-0.294609	0.0509986	-0.0126244	-0.998619	0.0468647	
-0.699691	0.713043	-0.0447468	-0.518343	0.712623	0.701007	0.027531	-0.294609	0.0509986	-0.0126244	-0.998619	0.0468647	
-0.699692	0.713042	-0.0447478	-0.518344	0.712622	0.701008	0.0275322	-0.294608	0.0510001	-0.0126242	-0.998619	0.0468648	
-0.699692	0.713042	-0.0447478	-0.518344	0.712622	0.701008	0.0275322	-0.294608	0.0510001	-0.0126242	-0.998619	0.0468648	
-0.699692	0.713042	-0.0447478	-0.518344	0.712622	0.701008	0.0275322	-0.294608	0.0510001	-0.0126242	-0.998619	0.0468648	
-0.699691	0.713043	-0.0447468	-0.518343	0.712623	0.701007	0.027531	-0.294609	0.0509986	-0.0126244	-0.998619	0.0468647	
-0.699692	0.713042	-0.0447478	-0.518344	0.712622	0.701008	0.0275322	-0.294608	0.0510001	-0.0126242	-0.998619	0.0468648	
-0.699692	0.713042	-0.0447478	-0.518344	0.712622	0.701008	0.0275322	-0.294608	0.0510001	-0.0126242	-0.998619	0.0468648	
-0.699692	0.713042	-0.0447478	-0.518344	0.712622	0.701008	0.0275322	-0.294608	0.0510001	-0.0126242	-0.998619	0.0468648	
-0.699692	0.713042	-0.0447478	-0.518344	0.712622	0.701008	0.0275322	-0.294608	0.0510001	-0.0126242	-0.998619	0.0468648	
-0.699692	0.713042	-0.0447478	-0.518344	0.712622	0.701008	0.0275322	-0.294608	0.0510001	-0.0126242	-0.998619	0.0468648	
-0.699692	0.713042	-0.0447478	-0.518344	0.712622	0.701008	0.0275322	-0.294608	0.0510001	-0.0126242	-0.998619	0.0468648	
-0.699692	0.713042	-0.0447478	-0.518344	0.712622	0.701008	0.0275322	-0.294608	0.0510001	-0.0126242	-0.998619	0.0468648	
-0.699692	0.713042	-0.0447478	-0.518344	0.712622	0.701008	0.0275322	-0.294608	0.0510001	-0.0126242	-0.998619	0.0468648	
-0.699692	0.713042	-0.0447478	-0.518344	0.712622	0.701008	0.0275322	-0.294608	0.0510001	-0.0126242	-0.998619	0.0468648	
-0.699692	0.713042	-0.0447478	-0.518344	0.712622	0.701008	0.0275322	-0.294608	0.0510001	-0.0126242	-0.998619	0.0468648	
-0.699692	0.713042	-0.0447478	-0.518344	0.712622	0.701008	0.0275322	-0.294608	0.0510001	-0.0126242	-0.998619	0.0468648	
-0.699692	0.713042	-0.0447478	-0.518344	0.712622	0.701008	0.0275322	-0.294608	0.0510001	-0.0126242	-0.998619	0.0468648	
-0.699692	0.713042	-0.0447478	-0.518344	0.712622	0.701008	0.0275322	-0.294608	0.0510001	-0.0126242	-0.998619	0.0468648	
-0.699692	0.713042	-0.0447478	-0.518344	0.712622	0.701008	0.0275322	-0.294608	0.0510001	-0.0126242	-0.998619	0.0468648	
