-0.687606	0.725399	-0.031539	-0.53521	0.724498	0.688326	0.0361929	-0.368229	0.0479634	0.00203652	-0.998847	0.147004	
-0.687555	0.725448	-0.0315114	-0.535226	0.724546	0.688274	0.036218	-0.368182	0.0479627	0.00207041	-0.998847	0.146991	
-0.687448	0.725551	-0.03148	-0.53526	0.724645	0.688165	0.0363044	-0.368089	0.0480042	0.00214553	-0.998845	0.146966	
-0.687203	0.725784	-0.0314459	-0.535363	0.724868	0.687918	0.0365425	-0.367848	0.0481541	0.00231799	-0.998837	0.146902	
-0.687013	0.725964	-0.0314476	-0.535448	0.72504	0.687728	0.0367041	-0.367669	0.0482733	0.00241542	-0.998831	0.146872	
-0.686891	0.726081	-0.0314134	-0.53549	0.725151	0.687604	0.0368278	-0.367543	0.04834	0.00251718	-0.998828	0.146839	
-0.686724	0.726241	-0.0313682	-0.535544	0.725301	0.687435	0.0370324	-0.36736	0.0484581	0.00267964	-0.998822	0.146786	
-0.686536	0.726419	-0.0313651	-0.535621	0.725467	0.687246	0.0372896	-0.367146	0.0486435	0.00284631	-0.998812	0.146736	
-0.686367	0.726578	-0.0313792	-0.535697	0.725612	0.687077	0.0375822	-0.366926	0.0488664	0.00302606	-0.998801	0.146685	
-0.686212	0.726723	-0.0314077	-0.535772	0.725742	0.686923	0.0378786	-0.366706	0.0491019	0.00319889	-0.998789	0.146642	
-0.68605	0.726874	-0.0314617	-0.535859	0.725879	0.686763	0.0381739	-0.366475	0.0493543	0.00335185	-0.998776	0.146612	
-0.685846	0.727064	-0.0315196	-0.535964	0.726053	0.686561	0.0384851	-0.366212	0.0496212	0.00350994	-0.998762	0.146584	
-0.685598	0.727295	-0.0315696	-0.536085	0.726267	0.686315	0.038828	-0.365913	0.0499061	0.00369246	-0.998747	0.146546	
-0.685345	0.727532	-0.0316157	-0.536206	0.726487	0.686062	0.039173	-0.365611	0.05019	0.00387859	-0.998732	0.146507	
-0.685097	0.727764	-0.0316482	-0.536319	0.726703	0.685815	0.0395044	-0.365317	0.0504547	0.0040655	-0.998718	0.146467	
-0.684849	0.727997	-0.0316525	-0.536424	0.726919	0.685567	0.0398317	-0.365026	0.0506973	0.00426992	-0.998705	0.146415	
-0.684594	0.728238	-0.0316329	-0.536525	0.727143	0.68531	0.0401667	-0.364725	0.0509293	0.00449626	-0.998692	0.146354	
-0.684316	0.728501	-0.0315924	-0.536627	0.72739	0.685028	0.0405083	-0.364407	0.051152	0.00474051	-0.99868	0.146288	
-0.684013	0.728787	-0.0315414	-0.536733	0.727659	0.684722	0.0408516	-0.364072	0.0513692	0.00499165	-0.998667	0.146221	
-0.683692	0.729091	-0.0314746	-0.536837	0.727947	0.684396	0.0411796	-0.36373	0.0515648	0.00524235	-0.998656	0.146158	
-0.683351	0.729415	-0.0313979	-0.536945	0.728253	0.68405	0.0415096	-0.363375	0.0517555	0.00550003	-0.998645	0.146094	
-0.682997	0.729749	-0.0313185	-0.537057	0.728572	0.683691	0.0418373	-0.363011	0.0519429	0.00575706	-0.998633	0.146032	
-0.682651	0.730077	-0.031217	-0.537158	0.728884	0.683338	0.0421652	-0.362649	0.0521156	0.00603062	-0.998623	0.145964	
-0.682309	0.730403	-0.031089	-0.537249	0.729193	0.682987	0.0424983	-0.362284	0.0522743	0.00632707	-0.998613	0.145884	
-0.681966	0.730728	-0.0309491	-0.537339	0.729502	0.682636	0.0428249	-0.36192	0.0524204	0.00662771	-0.998603	0.145801	
-0.68161	0.731067	-0.0308159	-0.537439	0.729825	0.682271	0.0431429	-0.36155	0.0525652	0.00691641	-0.998594	0.145722	
-0.681238	0.73142	-0.0306609	-0.537539	0.730162	0.681889	0.0434791	-0.361161	0.0527088	0.00723216	-0.998584	0.145631	
-0.680838	0.731799	-0.0305034	-0.537651	0.730524	0.681479	0.0438226	-0.36075	0.0528567	0.00755264	-0.998574	0.145539	
-0.680425	0.732188	-0.0303636	-0.537774	0.730898	0.681057	0.0441496	-0.360337	0.0530051	0.00784779	-0.998563	0.14546	
-0.680013	0.732577	-0.030226	-0.537896	0.731272	0.680635	0.0444656	-0.359927	0.0531473	0.00813377	-0.998554	0.145385	
-0.679601	0.732965	-0.0300843	-0.538016	0.731644	0.680215	0.0447801	-0.359516	0.053286	0.00842158	-0.998544	0.145311	
-0.679186	0.733355	-0.0299528	-0.538141	0.732019	0.67979	0.0450893	-0.359103	0.0534281	0.00869798	-0.998534	0.145243	
-0.67876	0.733755	-0.0298152	-0.538268	0.732405	0.679355	0.045389	-0.358687	0.0535595	0.00897143	-0.998524	0.145176	
-0.678339	0.73415	-0.0296605	-0.538385	0.732786	0.678924	0.0456868	-0.358274	0.0536782	0.00925632	-0.998515	0.145105	
-0.677905	0.734558	-0.0294951	-0.538502	0.733179	0.678479	0.0459848	-0.357854	0.0537903	0.00954811	-0.998507	0.145032	
-0.677441	0.734992	-0.0293383	-0.538632	0.733598	0.678005	0.0463013	-0.357408	0.0539226	0.00984391	-0.998497	0.144961	
-0.67696	0.735441	-0.0291814	-0.538767	0.734032	0.677513	0.046621	-0.356948	0.0540578	0.0101405	-0.998486	0.144895	
-0.676465	0.735903	-0.0290218	-0.538905	0.734478	0.677007	0.0469362	-0.356482	0.0541884	0.0104348	-0.998476	0.144831	
-0.675982	0.736352	-0.0288759	-0.53904	0.734913	0.676514	0.0472464	-0.356024	0.0543249	0.0107164	-0.998466	0.144774	
-0.67549	0.73681	-0.0287163	-0.539176	0.735356	0.67601	0.047548	-0.355565	0.0544464	0.0110015	-0.998456	0.144713	
-0.674999	0.737266	-0.0285531	-0.539313	0.735797	0.675508	0.0478788	-0.355094	0.0545873	0.0113089	-0.998445	0.144642	
-0.674501	0.737727	-0.0283921	-0.539452	0.736242	0.674999	0.0482057	-0.35462	0.0547273	0.0116113	-0.998434	0.144574	
-0.674017	0.738176	-0.0282365	-0.539584	0.736676	0.674503	0.0485271	-0.354155	0.0548672	0.0119069	-0.998423	0.144512	
-0.673518	0.738637	-0.0280888	-0.539725	0.73712	0.673993	0.048862	-0.353674	0.055023	0.0122046	-0.998411	0.144452	
-0.673006	0.739109	-0.0279552	-0.539876	0.737575	0.67347	0.0492029	-0.35318	0.0551933	0.0124948	-0.998398	0.144398	
-0.672486	0.739587	-0.0278215	-0.540029	0.738036	0.67294	0.0495415	-0.352681	0.0553624	0.0127827	-0.998384	0.144346	
-0.671964	0.740067	-0.0276755	-0.540178	0.7385	0.672407	0.0498699	-0.352186	0.0555162	0.0130724	-0.998372	0.144292	
-0.671423	0.740563	-0.0275152	-0.54033	0.738982	0.671854	0.050175	-0.351689	0.0556439	0.0133554	-0.998361	0.144238	
-0.670864	0.741076	-0.0273492	-0.540486	0.739481	0.671283	0.0504723	-0.351185	0.0557628	0.0136359	-0.998351	0.144185	
-0.670294	0.741598	-0.0271704	-0.540641	0.739991	0.6707	0.0507385	-0.350693	0.0558508	0.0139038	-0.998342	0.144133	
-0.669709	0.742133	-0.0269874	-0.5408	0.740514	0.670103	0.0509932	-0.3502	0.055928	0.014166	-0.998334	0.144081	
-0.669105	0.742684	-0.0268103	-0.54097	0.741054	0.669486	0.0512487	-0.349695	0.0560108	0.0144229	-0.998326	0.14403	
-0.668498	0.743237	-0.026639	-0.541142	0.741597	0.668867	0.0514879	-0.349192	0.0560856	0.0146641	-0.998318	0.143987	
-0.667882	0.743795	-0.0265076	-0.541329	0.742144	0.668242	0.0517142	-0.348688	0.0561782	0.0148665	-0.99831	0.143965	
-0.667263	0.744355	-0.02638	-0.541517	0.742694	0.667614	0.0519366	-0.34818	0.0562709	0.0150631	-0.998302	0.143948	
-0.666654	0.744905	-0.0262529	-0.541699	0.743235	0.666996	0.0521352	-0.347688	0.0563464	0.015244	-0.998295	0.143937	
-0.666051	0.745449	-0.0261182	-0.541875	0.743771	0.666385	0.0523128	-0.347208	0.0564013	0.0154171	-0.998289	0.143928	
-0.665436	0.746003	-0.0259745	-0.542052	0.744319	0.66576	0.0524715	-0.34673	0.0564367	0.0155831	-0.998285	0.14392	
-0.664811	0.746566	-0.0258097	-0.542225	0.744876	0.665125	0.0526193	-0.346251	0.0564504	0.0157568	-0.998281	0.143908	
-0.664177	0.747136	-0.0256409	-0.542397	0.745442	0.664481	0.0527321	-0.345781	0.056436	0.0159096	-0.998279	0.143904	
-0.663529	0.747717	-0.0254547	-0.542565	0.746023	0.663823	0.0528112	-0.345316	0.0563853	0.016052	-0.99828	0.143904	
-0.662871	0.748308	-0.0252518	-0.542726	0.746614	0.663154	0.0528558	-0.34486	0.0562983	0.0161831	-0.998283	0.14391	
-0.662204	0.748905	-0.0250446	-0.542884	0.747214	0.662477	0.0528696	-0.344414	0.0561858	0.0162967	-0.998287	0.143925	
-0.661526	0.74951	-0.0248445	-0.543047	0.747824	0.66179	0.0528588	-0.34397	0.0560601	0.0163882	-0.998293	0.143949	
-0.660846	0.750117	-0.0246366	-0.543206	0.748436	0.6611	0.0528274	-0.343533	0.055914	0.0164719	-0.9983	0.143976	
-0.660171	0.750719	-0.0243924	-0.54335	0.749046	0.660414	0.0527709	-0.343109	0.0557252	0.0165668	-0.998309	0.143996	
-0.659489	0.751327	-0.0241361	-0.54349	0.749662	0.65972	0.0526877	-0.342691	0.0555088	0.016653	-0.998319	0.144019	
-0.658809	0.751931	-0.0238847	-0.543631	0.750276	0.65903	0.0525932	-0.342277	0.0552872	0.0167288	-0.99833	0.144046	
-0.658145	0.752521	-0.0236309	-0.543764	0.750875	0.658354	0.0525022	-0.341869	0.0550665	0.0168102	-0.998341	0.144072	
-0.657484	0.753106	-0.023377	-0.543898	0.751469	0.657682	0.0524194	-0.341457	0.054852	0.0168979	-0.998352	0.144095	
-0.656814	0.753698	-0.0231251	-0.544033	0.752072	0.657002	0.0523125	-0.341048	0.054621	0.0169679	-0.998363	0.144128	
-0.656142	0.754291	-0.0228467	-0.544155	0.752678	0.656319	0.0521692	-0.340653	0.0543455	0.0170342	-0.998377	0.144161	
-0.655451	0.754902	-0.0225289	-0.544267	0.753304	0.655615	0.051988	-0.340264	0.0540161	0.0171045	-0.998394	0.144191	
-0.654739	0.755529	-0.0221943	-0.544377	0.753949	0.654891	0.0517564	-0.339887	0.0536383	0.0171535	-0.998413	0.144229	
-0.654029	0.756154	-0.0218502	-0.54448	0.754594	0.654168	0.0514943	-0.339527	0.0532313	0.0171907	-0.998434	0.144268	
-0.653305	0.756789	-0.0214928	-0.544584	0.75525	0.653431	0.0512347	-0.339156	0.0528179	0.0172395	-0.998455	0.144302	
-0.652589	0.757417	-0.0211416	-0.544688	0.755898	0.652702	0.0509622	-0.33879	0.0523988	0.0172765	-0.998477	0.144343	
-0.651865	0.758049	-0.0207966	-0.544793	0.756552	0.651968	0.0506718	-0.338423	0.0519705	0.0172975	-0.998499	0.144394	
-0.651116	0.758703	-0.0204198	-0.544894	0.757229	0.651206	0.0503496	-0.338056	0.0514979	0.017321	-0.998523	0.144443	
-0.650351	0.75937	-0.0200228	-0.544988	0.757922	0.650428	0.0499754	-0.337702	0.0509732	0.0173259	-0.99855	0.1445	
-0.649573	0.760047	-0.0196042	-0.545079	0.758625	0.649637	0.0496015	-0.337342	0.0504351	0.0173475	-0.998577	0.144548	
-0.648788	0.760727	-0.0191938	-0.545178	0.759329	0.648839	0.0492619	-0.336959	0.0499285	0.0173861	-0.998601	0.144591	
-0.648021	0.761391	-0.0187852	-0.545274	0.760016	0.648058	0.0489533	-0.336566	0.0494465	0.0174457	-0.998624	0.144628	
-0.647253	0.762054	-0.0183456	-0.545357	0.760703	0.647276	0.0486306	-0.336177	0.0489339	0.0175208	-0.998648	0.144659	
-0.64648	0.762721	-0.0179212	-0.545441	0.761395	0.64649	0.0482644	-0.335804	0.0483982	0.0175569	-0.998674	0.144709	
-0.645699	0.763392	-0.0174766	-0.545515	0.762093	0.645696	0.0478668	-0.335443	0.0478257	0.0175887	-0.998701	0.144761	
-0.644923	0.764058	-0.0170236	-0.545582	0.762785	0.644907	0.0474747	-0.335084	0.047252	0.0176322	-0.998727	0.144809	
-0.644157	0.764714	-0.016577	-0.545648	0.763467	0.644127	0.0470954	-0.334724	0.0466923	0.0176808	-0.998753	0.144855	
-0.643388	0.76537	-0.0161356	-0.545716	0.764148	0.643346	0.0467193	-0.334361	0.0461383	0.0177287	-0.998778	0.144903	
-0.642628	0.766018	-0.0156825	-0.545772	0.764822	0.642573	0.0463329	-0.334009	0.0455689	0.0177805	-0.998803	0.144951	
-0.641867	0.766665	-0.0152262	-0.545826	0.765494	0.6418	0.0459536	-0.333653	0.0450032	0.0178405	-0.998828	0.144997	
-0.641117	0.767301	-0.0147871	-0.545884	0.766153	0.641037	0.0456133	-0.333282	0.0444782	0.0179143	-0.99885	0.14504	
-0.64039	0.767916	-0.0143633	-0.545939	0.766789	0.640298	0.0453146	-0.332904	0.0439946	0.0180054	-0.998869	0.145081	
-0.639684	0.768511	-0.0139603	-0.545992	0.767403	0.63958	0.0450526	-0.332517	0.0435521	0.0181062	-0.998887	0.145124	
-0.639009	0.76908	-0.0135457	-0.546026	0.76799	0.638893	0.0447951	-0.332149	0.0431052	0.0182215	-0.998904	0.145163	
-0.638348	0.769636	-0.0131518	-0.546059	0.768564	0.63822	0.0445437	-0.331787	0.0426762	0.0183264	-0.998921	0.145209	
-0.637692	0.770185	-0.0127728	-0.546098	0.76913	0.637553	0.0443268	-0.33141	0.0422832	0.018443	-0.998935	0.145252	
-0.637057	0.770717	-0.0123835	-0.546126	0.769676	0.636906	0.04415	-0.331026	0.0419143	0.0185947	-0.998948	0.145283	
-0.636423	0.771247	-0.0120013	-0.546156	0.77022	0.636259	0.0439957	-0.330631	0.0415675	0.0187563	-0.99896	0.145313	
-0.635793	0.771772	-0.0116368	-0.546189	0.770756	0.635618	0.043865	-0.330222	0.0412503	0.01892	-0.99897	0.145348	
-0.635179	0.772283	-0.0112712	-0.546213	0.77128	0.634992	0.0437393	-0.329821	0.0409362	0.019089	-0.998979	0.145382	
-0.634566	0.772792	-0.0108894	-0.546231	0.7718	0.634366	0.0436389	-0.329409	0.0406317	0.0192874	-0.998988	0.145407	
-0.633951	0.773302	-0.0104918	-0.546243	0.772321	0.633738	0.0435524	-0.328987	0.0403282	0.0195071	-0.998996	0.145425	
-0.633332	0.773814	-0.0100993	-0.546255	0.772845	0.633106	0.0434399	-0.328577	0.0400083	0.0197067	-0.999005	0.145449	
-0.632701	0.774336	-0.00967614	-0.546261	0.773379	0.632461	0.0433261	-0.328162	0.0396687	0.0199291	-0.999014	0.145463	
-0.632067	0.774859	-0.00922288	-0.546254	0.773916	0.631813	0.0432105	-0.327746	0.0393092	0.0201742	-0.999023	0.145469	
-0.631422	0.77539	-0.00877624	-0.546248	0.774462	0.631153	0.0430684	-0.327335	0.0389339	0.0203974	-0.999034	0.145484	
-0.630761	0.775933	-0.00830259	-0.546238	0.775019	0.630478	0.0429337	-0.326914	0.0385483	0.0206463	-0.999043	0.14549	
-0.630092	0.776481	-0.00781503	-0.546224	0.775583	0.629794	0.0427804	-0.326495	0.03814	0.0208944	-0.999054	0.145496	
-0.629401	0.777046	-0.00729217	-0.546201	0.776166	0.629088	0.0425899	-0.326084	0.0376817	0.0211462	-0.999066	0.145497	
-0.628694	0.777624	-0.00673823	-0.546171	0.776763	0.628365	0.0423789	-0.325674	0.0371889	0.0214093	-0.999079	0.145492	
-0.627984	0.778202	-0.00614892	-0.546122	0.777363	0.627639	0.042136	-0.325282	0.0366497	0.0216808	-0.999093	0.145483	
-0.62727	0.778782	-0.00555588	-0.546068	0.777965	0.626911	0.041866	-0.324901	0.0360875	0.021939	-0.999108	0.145483	
-0.626554	0.779363	-0.00495826	-0.546009	0.778569	0.62618	0.0415839	-0.324524	0.0355137	0.0221942	-0.999123	0.145485	
-0.625834	0.779945	-0.00435015	-0.545943	0.779175	0.625446	0.0412826	-0.324155	0.0349189	0.0224465	-0.999138	0.145489	
-0.625108	0.780529	-0.00374972	-0.545882	0.779783	0.624707	0.0409845	-0.32378	0.0343321	0.0226958	-0.999153	0.145496	
-0.624403	0.781096	-0.00316357	-0.545819	0.780372	0.623989	0.0407129	-0.323405	0.0337747	0.0229525	-0.999166	0.145502	
-0.623728	0.781637	-0.00260739	-0.545758	0.780934	0.623301	0.0404736	-0.32303	0.0332609	0.0232083	-0.999177	0.145511	
-0.623061	0.78217	-0.00207488	-0.545704	0.781486	0.622623	0.0402652	-0.322645	0.0327861	0.0234662	-0.999187	0.14552	
-0.622424	0.782679	-0.00153683	-0.545638	0.782012	0.621972	0.0401067	-0.322253	0.0323465	0.0237615	-0.999194	0.145517	
-0.621802	0.783174	-0.00101046	-0.545571	0.782524	0.621337	0.0399673	-0.321861	0.0319292	0.024061	-0.9992	0.145513	
-0.621196	0.783655	-0.00051578	-0.545513	0.78302	0.620718	0.0398585	-0.321463	0.0315555	0.0243561	-0.999205	0.145512	
-0.620629	0.784104	-2.45765e-05	-0.545444	0.783482	0.620138	0.0398077	-0.32106	0.0312286	0.0246866	-0.999207	0.145499	
-0.620098	0.784525	0.000437637	-0.545371	0.783914	0.619593	0.0397964	-0.320657	0.0309501	0.0250207	-0.999208	0.145492	
-0.619583	0.78493	0.000871328	-0.545301	0.784329	0.619065	0.0398258	-0.320239	0.0307211	0.0253588	-0.999206	0.145491	
-0.619081	0.785326	0.00131212	-0.545224	0.784735	0.618548	0.0398817	-0.319815	0.0305085	0.0257197	-0.999204	0.145482	
-0.618585	0.785716	0.00173163	-0.545151	0.785133	0.618039	0.0399249	-0.319402	0.0302994	0.0260565	-0.999201	0.145484	
-0.618089	0.786106	0.00214995	-0.545077	0.785533	0.617529	0.0399604	-0.318992	0.0300854	0.0263879	-0.999199	0.145487	
-0.617583	0.786501	0.0026318	-0.544983	0.78594	0.617008	0.0399999	-0.318579	0.0298361	0.0267717	-0.999196	0.145467	
-0.617088	0.786888	0.00309498	-0.544888	0.786338	0.616499	0.0400274	-0.318178	0.0295891	0.0271341	-0.999194	0.145456	
-0.616582	0.787283	0.00355549	-0.544796	0.786744	0.615979	0.040046	-0.317775	0.0293374	0.0274889	-0.999192	0.145451	
-0.616062	0.787687	0.00402207	-0.544705	0.78716	0.615446	0.0400578	-0.317367	0.0290777	0.0278441	-0.999189	0.145446	
-0.615534	0.788098	0.00450165	-0.54461	0.787584	0.614904	0.0400558	-0.31696	0.0287998	0.0282011	-0.999187	0.145441	
-0.614985	0.788523	0.00500038	-0.544509	0.788023	0.614342	0.0400356	-0.316551	0.0284971	0.0285617	-0.999186	0.145437	
-0.614422	0.788959	0.00546227	-0.544422	0.788473	0.613767	0.0399944	-0.31614	0.0282014	0.0288803	-0.999185	0.145456	
-0.613871	0.789384	0.00591196	-0.54433	0.788912	0.613205	0.0399683	-0.315729	0.0279251	0.0291994	-0.999183	0.14548	
-0.613331	0.7898	0.00636494	-0.544233	0.789342	0.612653	0.039945	-0.315324	0.0276491	0.0295236	-0.999182	0.145501	
-0.61279	0.790216	0.00681062	-0.544142	0.789771	0.6121	0.0399372	-0.314912	0.0273903	0.029852	-0.999179	0.145519	
-0.612237	0.790641	0.00727432	-0.544047	0.790209	0.611535	0.0399385	-0.314489	0.0271285	0.0302	-0.999176	0.14553	
-0.611668	0.791077	0.00774311	-0.543952	0.790659	0.610953	0.0399434	-0.314058	0.0268676	0.0305542	-0.999172	0.14554	
-0.611079	0.791527	0.0082028	-0.543865	0.791122	0.610353	0.0399447	-0.313618	0.0266107	0.0308988	-0.999168	0.145556	
-0.610487	0.791979	0.0086564	-0.543778	0.791588	0.60975	0.0399101	-0.313195	0.0263298	0.0312169	-0.999166	0.145582	
-0.609918	0.792412	0.00911302	-0.543677	0.792037	0.60917	0.0398757	-0.312785	0.0260466	0.0315387	-0.999163	0.14561	
-0.609344	0.792848	0.00955326	-0.543578	0.792487	0.608586	0.0398432	-0.312369	0.0257756	0.031849	-0.99916	0.145649	
-0.608781	0.793275	0.00997745	-0.543478	0.792927	0.608013	0.039827	-0.311948	0.0255274	0.0321573	-0.999157	0.145696	
-0.608236	0.793688	0.0103799	-0.543378	0.793353	0.607458	0.0398158	-0.311532	0.025296	0.0324524	-0.999153	0.145751	
-0.607709	0.794087	0.0107935	-0.543267	0.793765	0.606921	0.0397995	-0.311128	0.0250534	0.0327539	-0.999149	0.145803	
-0.607176	0.794488	0.0112297	-0.54315	0.79418	0.606378	0.0397999	-0.310714	0.0248111	0.0330839	-0.999145	0.145843	
-0.606641	0.794891	0.011672	-0.543027	0.794597	0.605832	0.0397991	-0.310299	0.0245646	0.0334183	-0.99914	0.145885	
-0.60611	0.795288	0.012127	-0.542893	0.795009	0.605291	0.0397874	-0.309894	0.0243021	0.0337566	-0.999135	0.145928	
-0.605568	0.795695	0.0125453	-0.542771	0.79543	0.604741	0.039742	-0.309498	0.0240359	0.0340454	-0.999131	0.145993	
-0.605028	0.796099	0.0129682	-0.542644	0.795849	0.604192	0.039706	-0.309098	0.0237746	0.034344	-0.999127	0.146058	
-0.604508	0.796486	0.0134366	-0.542493	0.796253	0.603662	0.0396745	-0.308707	0.0234891	0.0346825	-0.999122	0.146105	
-0.604005	0.79686	0.0138849	-0.542344	0.796642	0.603149	0.0396581	-0.308317	0.0232273	0.0350149	-0.999117	0.146157	
-0.603519	0.797221	0.0142826	-0.542209	0.797017	0.602654	0.0396493	-0.30793	0.0230018	0.0353126	-0.999112	0.146225	
-0.603059	0.797562	0.0146765	-0.542068	0.797371	0.602185	0.0396493	-0.307552	0.0227848	0.0356135	-0.999106	0.146291	
-0.602627	0.79788	0.0150933	-0.541907	0.797704	0.601742	0.0396889	-0.307173	0.0225847	0.0359575	-0.999098	0.146342	
-0.60219	0.798202	0.0154862	-0.541755	0.798038	0.601295	0.039741	-0.306784	0.0224096	0.0362903	-0.99909	0.146401	
-0.601746	0.79853	0.0158282	-0.541619	0.798377	0.600842	0.03979	-0.306391	0.0222632	0.0365803	-0.999083	0.146483	
-0.601306	0.798855	0.0161792	-0.541481	0.798712	0.600392	0.0398453	-0.305998	0.0221167	0.0368818	-0.999075	0.146559	
-0.600875	0.79917	0.0166046	-0.541314	0.799042	0.599949	0.0399232	-0.305606	0.0219435	0.0372566	-0.999065	0.1466	
-0.600428	0.799498	0.0170147	-0.541156	0.799382	0.59949	0.0399976	-0.305208	0.0217779	0.0376169	-0.999055	0.146647	
-0.599965	0.799838	0.0173771	-0.541019	0.799734	0.599016	0.0400694	-0.304803	0.0216399	0.0379373	-0.999046	0.146713	
-0.599505	0.800174	0.0177412	-0.54088	0.800081	0.598546	0.0401556	-0.304395	0.0215125	0.0382679	-0.999036	0.146775	
-0.599064	0.800496	0.0181316	-0.540725	0.800415	0.598092	0.0402673	-0.303986	0.0213895	0.0386355	-0.999024	0.146823	
-0.598641	0.800804	0.0184923	-0.540572	0.800735	0.597656	0.0403866	-0.303582	0.0212897	0.0389845	-0.999013	0.146882	
-0.598216	0.801114	0.0188267	-0.540431	0.801054	0.597219	0.0405364	-0.303161	0.0212306	0.0393307	-0.999001	0.146946	
-0.597787	0.801426	0.0191482	-0.540296	0.801374	0.596776	0.0407156	-0.302725	0.0212034	0.0396841	-0.998987	0.147007	
-0.59737	0.801729	0.019482	-0.54015	0.801686	0.596344	0.0409182	-0.302283	0.0211874	0.0400617	-0.998973	0.147062	
-0.596956	0.80203	0.0197889	-0.540008	0.801994	0.595915	0.0411183	-0.301843	0.0211856	0.0404164	-0.998958	0.147133	
-0.596548	0.802326	0.0200777	-0.539867	0.802297	0.595492	0.0413415	-0.301395	0.0212132	0.0407705	-0.998943	0.147209	
-0.596142	0.802622	0.020333	-0.539738	0.802598	0.595071	0.0415608	-0.300949	0.021258	0.0410953	-0.998929	0.147297	
-0.59575	0.802906	0.0205915	-0.539601	0.802887	0.594664	0.0418088	-0.300499	0.0213235	0.0414403	-0.998913	0.14738	
-0.595366	0.803184	0.0208635	-0.539456	0.80317	0.594262	0.0420817	-0.300044	0.021401	0.0418109	-0.998896	0.147453	
-0.594973	0.803469	0.0210894	-0.539329	0.803458	0.593852	0.0423773	-0.299574	0.0215249	0.0421577	-0.998879	0.14754	
-0.594563	0.803768	0.0212534	-0.539225	0.803757	0.593426	0.0426644	-0.299094	0.0216799	0.0424493	-0.998863	0.147656	
-0.594157	0.804063	0.0214471	-0.539104	0.804053	0.593003	0.0429745	-0.298605	0.021836	0.0427782	-0.998846	0.147763	
-0.59376	0.804352	0.0216187	-0.538984	0.804341	0.592589	0.0432814	-0.298121	0.0220025	0.0430876	-0.998829	0.147882	
-0.593365	0.80464	0.0217487	-0.538875	0.804628	0.592178	0.0435765	-0.297645	0.0221843	0.0433564	-0.998813	0.148018	
-0.592978	0.804921	0.0219012	-0.538756	0.804908	0.591774	0.0438923	-0.297166	0.0223693	0.0436556	-0.998796	0.148143	
-0.592603	0.805192	0.0220897	-0.538617	0.805179	0.59138	0.0442235	-0.296687	0.022545	0.0439932	-0.998777	0.148253	
-0.592233	0.80546	0.0222483	-0.538484	0.805446	0.590993	0.0445407	-0.296217	0.0227271	0.0442983	-0.99876	0.148379	
-0.591866	0.805725	0.022386	-0.538358	0.80571	0.590609	0.0448457	-0.295754	0.0229119	0.0445793	-0.998743	0.148514	
-0.591504	0.805987	0.0225533	-0.538221	0.805972	0.590228	0.0451683	-0.295288	0.0230935	0.0448946	-0.998725	0.148633	
-0.591124	0.80626	0.0227334	-0.538084	0.806244	0.58983	0.0455079	-0.294807	0.0232824	0.0452294	-0.998705	0.148745	
-0.590742	0.806535	0.0229138	-0.537947	0.80652	0.589427	0.045844	-0.294323	0.0234688	0.0455624	-0.998686	0.148858	
-0.590357	0.806812	0.0230734	-0.537815	0.806795	0.589024	0.0461716	-0.293842	0.023661	0.0458733	-0.998667	0.148982	
-0.589986	0.807077	0.0232977	-0.537658	0.807061	0.588631	0.0465343	-0.293356	0.0238431	0.0462573	-0.998645	0.149074	
-0.589622	0.807336	0.0235364	-0.537493	0.807322	0.588245	0.0469047	-0.292872	0.0240226	0.0466575	-0.998622	0.149158	
-0.589255	0.807598	0.0237311	-0.537344	0.807584	0.587856	0.0472536	-0.292397	0.0242114	0.0470092	-0.998601	0.149261	
-0.588876	0.807869	0.023922	-0.537204	0.807855	0.587456	0.0476055	-0.291915	0.0244059	0.0473592	-0.99858	0.149362	
-0.588495	0.80814	0.0241516	-0.537046	0.808126	0.587052	0.0479831	-0.291421	0.0245988	0.0477554	-0.998556	0.149448	
-0.588119	0.808407	0.0243658	-0.53689	0.808394	0.586652	0.0483492	-0.290933	0.0247916	0.0481323	-0.998533	0.149543	
-0.587741	0.808676	0.0245663	-0.53674	0.808663	0.586252	0.0487147	-0.290447	0.0249923	0.0484975	-0.998511	0.149642	
-0.587363	0.808944	0.0247718	-0.536588	0.808931	0.585851	0.0490851	-0.28996	0.0251945	0.0488694	-0.998487	0.149736	
-0.586987	0.809211	0.0249827	-0.536431	0.809198	0.58545	0.0494567	-0.289472	0.0253948	0.0492464	-0.998464	0.149832	
-0.586605	0.809481	0.0251946	-0.536273	0.809469	0.585045	0.0498266	-0.288979	0.0255937	0.0496228	-0.99844	0.149931	
-0.586239	0.80974	0.0254017	-0.536108	0.809728	0.584656	0.0501797	-0.2885	0.0257812	0.0499857	-0.998417	0.150037	
-0.58588	0.809992	0.0256355	-0.535928	0.809982	0.584272	0.050553	-0.288016	0.0259694	0.0503822	-0.998392	0.150133	
-0.585529	0.810238	0.0258877	-0.535737	0.810229	0.583896	0.0509333	-0.287533	0.0261524	0.0507979	-0.998366	0.150221	
-0.585176	0.810487	0.0260746	-0.535569	0.810478	0.583521	0.0512675	-0.287066	0.0263366	0.0511335	-0.998344	0.150343	
-0.584827	0.810733	0.0262557	-0.535398	0.810725	0.583149	0.0515976	-0.2866	0.0265209	0.0514618	-0.998323	0.150472	
-0.584476	0.810978	0.0264871	-0.535206	0.810972	0.582775	0.0519451	-0.286124	0.0266904	0.051841	-0.998299	0.150584	
-0.584135	0.811217	0.0266984	-0.535017	0.811212	0.582411	0.0522808	-0.28566	0.0268616	0.0521971	-0.998275	0.150705	
-0.583801	0.811451	0.0269185	-0.534824	0.811448	0.582054	0.0525927	-0.285212	0.0270084	0.0525466	-0.998253	0.150824	
-0.583473	0.811677	0.0272167	-0.534599	0.811679	0.5817	0.0529342	-0.28476	0.0271335	0.0529768	-0.998227	0.150908	
-0.583141	0.811906	0.027493	-0.53438	0.811913	0.581343	0.0532683	-0.284307	0.0272659	0.0533849	-0.998202	0.151006	
-0.582813	0.812133	0.0277398	-0.534174	0.812144	0.580991	0.0535855	-0.283865	0.027402	0.053759	-0.998178	0.151112	
-0.582482	0.81236	0.0280346	-0.533954	0.812377	0.580634	0.053926	-0.283414	0.0275294	0.0541856	-0.998151	0.151194	
-0.582153	0.812585	0.0283412	-0.533729	0.812609	0.580277	0.0542767	-0.282958	0.0276587	0.0546276	-0.998124	0.151271	
-0.581831	0.812806	0.0286169	-0.533512	0.812835	0.579929	0.0546107	-0.282514	0.0277922	0.055035	-0.998098	0.151361	
-0.58152	0.813019	0.028875	-0.533298	0.813053	0.579594	0.054926	-0.282085	0.0279201	0.0554175	-0.998073	0.15146	
-0.581212	0.813228	0.0291899	-0.533064	0.813269	0.579257	0.0552782	-0.281643	0.0280454	0.0558676	-0.998044	0.151531	
-0.580903	0.813438	0.0295025	-0.532832	0.813485	0.578919	0.0556325	-0.2812	0.028174	0.056317	-0.998015	0.151597	
-0.58059	0.813651	0.0297867	-0.532615	0.813704	0.578579	0.0559695	-0.280762	0.0283057	0.0567329	-0.997988	0.151677	
-0.580276	0.813861	0.0301489	-0.532371	0.813924	0.578234	0.0563325	-0.280316	0.0284137	0.0572273	-0.997957	0.151721	
-0.579967	0.814069	0.0305112	-0.532123	0.814141	0.577893	0.0566993	-0.279867	0.0285249	0.0577241	-0.997925	0.151768	
-0.57965	0.814284	0.0307959	-0.531903	0.814362	0.577549	0.0570199	-0.279436	0.0286443	0.0581306	-0.997898	0.151849	
-0.579341	0.814491	0.0311121	-0.531671	0.814577	0.577211	0.0573642	-0.279002	0.0287643	0.0585766	-0.997868	0.151913	
-0.579036	0.814694	0.0314865	-0.531418	0.814791	0.576874	0.0577229	-0.278563	0.0288628	0.0590786	-0.997836	0.151955	
-0.578725	0.814903	0.0317927	-0.531188	0.815008	0.576535	0.0580373	-0.278138	0.0289652	0.0594989	-0.997808	0.152028	
-0.578396	0.815123	0.0321192	-0.530956	0.815238	0.576178	0.0583673	-0.277696	0.0290702	0.0599443	-0.997778	0.152094	
-0.578066	0.815342	0.0325096	-0.5307	0.815469	0.575816	0.058705	-0.277254	0.0291451	0.060446	-0.997746	0.152136	
-0.577741	0.815559	0.032834	-0.530461	0.815696	0.575463	0.0590064	-0.276827	0.0292284	0.060873	-0.997717	0.152211	
-0.577413	0.815779	0.0331428	-0.530231	0.815926	0.575108	0.0592823	-0.276414	0.0293006	0.0612724	-0.997691	0.152291	
-0.577084	0.815997	0.0335053	-0.529983	0.816157	0.574751	0.0595799	-0.275993	0.0293598	0.0617283	-0.997661	0.152349	
-0.57675	0.816221	0.0338025	-0.529751	0.816391	0.574392	0.0598353	-0.275582	0.029423	0.0621061	-0.997636	0.152441	
-0.576403	0.816455	0.0340658	-0.529534	0.816633	0.574023	0.060057	-0.275181	0.0294793	0.0624363	-0.997613	0.152551	
-0.576041	0.816698	0.0343512	-0.529314	0.816887	0.573639	0.0602745	-0.274772	0.0295209	0.0627816	-0.997591	0.152654	
-0.575675	0.816945	0.0346222	-0.529098	0.817144	0.573253	0.0604657	-0.274371	0.0295499	0.0630999	-0.99757	0.152758	
-0.575311	0.817191	0.0348782	-0.528887	0.8174	0.57287	0.0606396	-0.273978	0.0295734	0.063396	-0.99755	0.152864	
-0.574945	0.817438	0.0351301	-0.528677	0.817657	0.572485	0.0608205	-0.273581	0.0296055	0.0636927	-0.99753	0.152965	
-0.574582	0.817681	0.0353929	-0.528462	0.81791	0.572102	0.0610178	-0.273178	0.0296447	0.0640079	-0.997509	0.153058	
-0.574218	0.817925	0.035655	-0.528247	0.818164	0.571717	0.0612218	-0.272769	0.0296903	0.0643263	-0.997487	0.153148	
-0.573856	0.818172	0.0358299	-0.528063	0.818416	0.57134	0.0613729	-0.272379	0.0297425	0.064543	-0.997472	0.153262	
-0.573507	0.818408	0.0360255	-0.527871	0.818659	0.570974	0.0615312	-0.271993	0.029788	0.0647811	-0.997455	0.153371	
-0.573166	0.818636	0.0362732	-0.527654	0.818897	0.570614	0.0617067	-0.271603	0.0298174	0.0650722	-0.997435	0.153459	
-0.572823	0.818868	0.0364655	-0.527458	0.819135	0.570254	0.061879	-0.271213	0.0298762	0.0653159	-0.997417	0.153565	
-0.572471	0.819107	0.0366232	-0.527276	0.819378	0.569886	0.0620522	-0.270813	0.0299563	0.0655313	-0.997401	0.153669	
-0.572118	0.819342	0.0368744	-0.527066	0.819622	0.569511	0.0622736	-0.270398	0.030023	0.0658509	-0.997378	0.153733	
-0.57177	0.819577	0.0370536	-0.526878	0.819862	0.569144	0.0624643	-0.269993	0.0301054	0.066094	-0.997359	0.153811	
-0.57141	0.819823	0.0371595	-0.526715	0.82011	0.568772	0.0625965	-0.269604	0.0301828	0.0662431	-0.997347	0.153906	
-0.571054	0.820062	0.0373446	-0.526525	0.820354	0.568399	0.06278	-0.2692	0.0302569	0.0664865	-0.997328	0.153975	
-0.5707	0.820303	0.0374677	-0.526351	0.820598	0.568031	0.0629301	-0.268809	0.030339	0.0666601	-0.997314	0.154052	
-0.570343	0.820547	0.0375581	-0.526188	0.820842	0.567661	0.0630815	-0.268415	0.0304411	0.0668073	-0.997301	0.154141	
-0.569988	0.82079	0.0376344	-0.526034	0.821084	0.567293	0.0632327	-0.268021	0.030551	0.0669429	-0.997289	0.154226	
-0.569634	0.821034	0.0376883	-0.525882	0.821327	0.566928	0.0633579	-0.267634	0.0306524	0.0670452	-0.997279	0.154321	
-0.569274	0.82128	0.0377686	-0.525722	0.821572	0.566556	0.063518	-0.267231	0.030768	0.0671887	-0.997266	0.154411	
-0.568912	0.821531	0.0377767	-0.525581	0.821819	0.566186	0.0636152	-0.266847	0.0308732	0.067237	-0.997259	0.154505	
-0.568552	0.82178	0.0377689	-0.525444	0.822063	0.565819	0.0637236	-0.266458	0.0309964	0.0672787	-0.997253	0.154601	
-0.568208	0.822019	0.0377382	-0.525307	0.822296	0.56547	0.0638242	-0.266077	0.0311249	0.0672974	-0.997247	0.154679	
-0.567855	0.822269	0.0376019	-0.5252	0.822535	0.565117	0.0638706	-0.265705	0.0312694	0.0671981	-0.99725	0.154784	
-0.567513	0.822516	0.0373785	-0.525118	0.822764	0.564781	0.0638856	-0.265345	0.0314362	0.0670095	-0.997257	0.154905	
-0.567171	0.82276	0.0371865	-0.52502	0.822994	0.564444	0.0639078	-0.264981	0.0315911	0.0668509	-0.997263	0.155008	
-0.56684	0.822998	0.0369528	-0.524927	0.823215	0.564119	0.0639253	-0.26462	0.0317646	0.0666556	-0.99727	0.15511	
-0.566516	0.823235	0.036654	-0.52486	0.823431	0.563805	0.0639131	-0.264275	0.0319499	0.0663898	-0.997282	0.155222	
-0.566189	0.823471	0.0364072	-0.524774	0.823649	0.563484	0.0639397	-0.263913	0.0321376	0.0661886	-0.997289	0.155308	
-0.565869	0.823698	0.0362376	-0.52466	0.823862	0.563165	0.0640074	-0.263541	0.032315	0.0660745	-0.997291	0.155374	
-0.565541	0.823934	0.0359861	-0.524571	0.824079	0.562844	0.0640288	-0.263178	0.0325009	0.0658663	-0.997299	0.155448	
-0.565211	0.824174	0.0356975	-0.524502	0.824299	0.562523	0.0640222	-0.262825	0.0326848	0.0656115	-0.99731	0.155523	
-0.564893	0.8244	0.0355022	-0.524393	0.82451	0.56221	0.0640551	-0.262462	0.0328473	0.0654562	-0.997315	0.155554	
-0.56457	0.824631	0.0352666	-0.524296	0.824725	0.561895	0.064058	-0.262107	0.0330081	0.0652505	-0.997323	0.15559	
-0.564254	0.824859	0.0349922	-0.524209	0.824934	0.561589	0.0640441	-0.261763	0.0331761	0.0650034	-0.997333	0.155643	
-0.563924	0.825094	0.0347721	-0.524106	0.825154	0.561267	0.0640298	-0.261414	0.0333141	0.0648003	-0.997342	0.155673	
-0.563607	0.825318	0.0346136	-0.52398	0.825365	0.560952	0.0640676	-0.26105	0.0334595	0.0646777	-0.997345	0.155673	
-0.563276	0.825553	0.0343917	-0.523873	0.825586	0.560631	0.0640442	-0.260702	0.0335908	0.0644678	-0.997354	0.155679	
-0.562947	0.825786	0.0341823	-0.523765	0.825805	0.56031	0.0640184	-0.260354	0.0337128	0.0642669	-0.997363	0.155677	
-0.562634	0.826004	0.0340578	-0.523617	0.826014	0.560001	0.0640281	-0.260002	0.0338151	0.0641567	-0.997367	0.15564	
-0.562324	0.826221	0.0339029	-0.523479	0.82622	0.559696	0.0640419	-0.259646	0.0339375	0.0640236	-0.997371	0.155618	
-0.562013	0.826445	0.0336214	-0.523383	0.826425	0.559396	0.0640096	-0.259305	0.0340927	0.0637599	-0.997383	0.15562	
-0.561691	0.826672	0.0334065	-0.523265	0.826638	0.559081	0.064019	-0.25894	0.0342458	0.063574	-0.997389	0.155593	
-0.561383	0.826889	0.0332216	-0.523129	0.826841	0.558777	0.0640459	-0.258568	0.0343954	0.0634232	-0.997394	0.155533	
-0.561076	0.827109	0.0329162	-0.523026	0.827043	0.558484	0.063994	-0.258223	0.0345468	0.0631286	-0.997407	0.155503	
-0.560777	0.82732	0.0327046	-0.522889	0.827239	0.558193	0.0639977	-0.257861	0.0346912	0.062943	-0.997414	0.15545	
-0.560498	0.827518	0.0325121	-0.522733	0.827423	0.557919	0.0640034	-0.257503	0.0348248	0.0627751	-0.99742	0.15537	
-0.560218	0.82772	0.0321828	-0.522616	0.827606	0.557655	0.0639435	-0.257168	0.0349804	0.0624569	-0.997434	0.155327	
-0.55994	0.827919	0.0318996	-0.522484	0.827788	0.55739	0.063903	-0.256825	0.0351259	0.062188	-0.997446	0.155254	
-0.559664	0.828115	0.0316528	-0.522335	0.827969	0.557124	0.063877	-0.256475	0.035263	0.0619572	-0.997456	0.15517	
-0.559374	0.828325	0.0312761	-0.522231	0.828158	0.556853	0.0637804	-0.25614	0.0354147	0.0615786	-0.997474	0.155115	
-0.559082	0.828536	0.0309023	-0.522116	0.82835	0.556581	0.0636716	-0.255806	0.0355545	0.0611956	-0.997492	0.155061	
-0.558785	0.828748	0.0305898	-0.521981	0.828545	0.556301	0.0635861	-0.255459	0.0356797	0.060876	-0.997507	0.154981	
-0.558486	0.828963	0.0302311	-0.521857	0.82874	0.556022	0.0634794	-0.255117	0.0358129	0.0605061	-0.997525	0.154906	
-0.5582	0.829169	0.0298643	-0.521733	0.828928	0.555755	0.0633644	-0.25479	0.0359425	0.0601254	-0.997544	0.154834	
-0.557918	0.829372	0.0294887	-0.521605	0.829112	0.555495	0.063239	-0.254466	0.0360678	0.0597316	-0.997563	0.154759	
-0.557652	0.829563	0.0291557	-0.521464	0.829286	0.555247	0.0631351	-0.254145	0.0361859	0.0593858	-0.997579	0.154677	
-0.557385	0.829753	0.0288308	-0.521312	0.82946	0.554999	0.0630255	-0.25382	0.0362946	0.0590435	-0.997595	0.154591	
-0.557113	0.829947	0.0285121	-0.521159	0.829639	0.554745	0.0629142	-0.253493	0.0363986	0.0587051	-0.997612	0.154505	
-0.556854	0.83013	0.028256	-0.520982	0.829808	0.554499	0.0628403	-0.253159	0.0364977	0.0584399	-0.997624	0.154393	
-0.556585	0.83032	0.0279711	-0.520815	0.829984	0.554246	0.0627554	-0.252822	0.0366042	0.0581443	-0.997637	0.154285	
-0.556319	0.830511	0.027584	-0.520684	0.830156	0.554002	0.0626328	-0.252501	0.0367356	0.0577428	-0.997655	0.154205	
-0.556062	0.830692	0.0273109	-0.520505	0.830323	0.553758	0.0625669	-0.25216	0.0368501	0.057468	-0.997667	0.154083	
-0.555798	0.830881	0.0269504	-0.520358	0.830495	0.553514	0.0624563	-0.251831	0.0369763	0.0570953	-0.997684	0.153985	
-0.555527	0.831074	0.0265495	-0.520224	0.830669	0.553265	0.062343	-0.251499	0.0371227	0.0566871	-0.997702	0.153905	
-0.555251	0.83127	0.0261976	-0.520074	0.830848	0.553008	0.0622323	-0.251161	0.0372444	0.0563208	-0.997718	0.153783	
-0.554981	0.831461	0.0258408	-0.519929	0.831023	0.552757	0.0621332	-0.250826	0.0373777	0.055957	-0.997733	0.153676	
-0.554713	0.831652	0.0254825	-0.51978	0.831196	0.552508	0.0620269	-0.250492	0.0375055	0.055588	-0.997749	0.153562	
-0.554437	0.831849	0.0250371	-0.519661	0.831374	0.552258	0.0618704	-0.250173	0.0376399	0.0551185	-0.99777	0.153467	
-0.554158	0.832046	0.0246741	-0.519516	0.831553	0.551998	0.0617795	-0.249831	0.0377833	0.0547535	-0.997785	0.153369	
-0.553871	0.832249	0.0242774	-0.519381	0.831738	0.551733	0.0616628	-0.249488	0.0379242	0.0543457	-0.997802	0.153253	
-0.553576	0.832456	0.0238952	-0.519245	0.831928	0.551457	0.061565	-0.249136	0.0380729	0.0539599	-0.997817	0.153153	
-0.55329	0.832654	0.0236343	-0.519064	0.832113	0.551184	0.0615234	-0.248767	0.0382009	0.0537067	-0.997826	0.153022	
-0.552998	0.832856	0.0233212	-0.518899	0.832301	0.550909	0.0614419	-0.24841	0.0383245	0.0533875	-0.997838	0.152909	
-0.552707	0.83306	0.0229408	-0.518753	0.832487	0.550637	0.0613519	-0.248057	0.0384778	0.0530076	-0.997853	0.152838	
-0.552412	0.833262	0.0226911	-0.518563	0.832677	0.550355	0.0613145	-0.247684	0.0386029	0.0527653	-0.997861	0.152728	
-0.55211	0.833471	0.0223761	-0.5184	0.832871	0.550067	0.0612593	-0.247314	0.0387495	0.0524583	-0.997871	0.152649	
-0.551805	0.833682	0.0220372	-0.518243	0.833065	0.549779	0.0612061	-0.246943	0.0389109	0.0521323	-0.997882	0.152585	
-0.551498	0.833892	0.0217618	-0.518062	0.833262	0.549486	0.0611563	-0.246571	0.0390399	0.0518609	-0.997891	0.152507	
-0.551207	0.834091	0.0215086	-0.517868	0.833448	0.549206	0.0611318	-0.246196	0.0391768	0.0516226	-0.997898	0.15244	
-0.550906	0.834296	0.0212643	-0.51767	0.833641	0.548916	0.0611053	-0.245818	0.0393077	0.0513901	-0.997905	0.152381	
-0.550607	0.834501	0.020984	-0.517485	0.833831	0.54863	0.0610809	-0.245443	0.0394596	0.0511287	-0.997912	0.152347	
-0.550315	0.8347	0.0207109	-0.517292	0.834017	0.548349	0.0610625	-0.245067	0.0396121	0.0508768	-0.997919	0.152306	
-0.550012	0.834905	0.0205252	-0.517075	0.83421	0.548053	0.0610868	-0.244674	0.0397528	0.0507208	-0.997921	0.152262	
-0.549714	0.835105	0.0203591	-0.51685	0.8344	0.54776	0.061119	-0.244279	0.0398889	0.0505856	-0.997923	0.152221	
-0.54941	0.835307	0.0202674	-0.516599	0.834595	0.547458	0.0611691	-0.243875	0.0399994	0.050522	-0.997922	0.152164	
-0.549106	0.83551	0.0201594	-0.516357	0.834789	0.547155	0.0612337	-0.243467	0.040131	0.0504526	-0.99792	0.152114	
-0.548789	0.83572	0.020051	-0.516119	0.83499	0.546839	0.0613058	-0.243054	0.0402698	0.0503863	-0.997918	0.152085	
-0.548483	0.835921	0.0200578	-0.515845	0.835185	0.546527	0.061432	-0.24263	0.0403901	0.0504464	-0.99791	0.152034	
-0.548173	0.836126	0.0199719	-0.515601	0.835383	0.546216	0.0615077	-0.242223	0.0405193	0.0504011	-0.997907	0.152021	
-0.547834	0.836348	0.0199804	-0.515334	0.835599	0.545871	0.0616469	-0.24178	0.0406515	0.0504679	-0.997898	0.151993	
-0.547495	0.836568	0.0200686	-0.515042	0.835815	0.54552	0.0618188	-0.241326	0.0407678	0.0506192	-0.997886	0.151938	
-0.547148	0.836793	0.0201396	-0.514758	0.836036	0.545162	0.0619824	-0.240875	0.0408871	0.050751	-0.997874	0.151911	
-0.546783	0.837028	0.0202959	-0.514458	0.83627	0.544781	0.0621794	-0.240413	0.0409891	0.0509715	-0.997859	0.151883	
-0.546413	0.837267	0.0204312	-0.514168	0.836507	0.544395	0.062363	-0.239958	0.0410918	0.0511668	-0.997844	0.151869	
-0.546027	0.837512	0.0206699	-0.513847	0.836754	0.543988	0.0626013	-0.23948	0.0411852	0.0514776	-0.997825	0.151842	
-0.545632	0.837765	0.0208822	-0.51354	0.837008	0.543573	0.0628199	-0.239007	0.0412773	0.0517551	-0.997806	0.151818	
-0.545237	0.838016	0.0211258	-0.513223	0.83726	0.543156	0.0630623	-0.238524	0.0413726	0.0520717	-0.997786	0.151798	
-0.544827	0.838274	0.0214353	-0.512884	0.837523	0.54272	0.0633204	-0.238029	0.0414465	0.0524512	-0.997763	0.151783	
-0.544415	0.838535	0.0216826	-0.512568	0.837787	0.542286	0.0635594	-0.237541	0.0415387	0.0527681	-0.997742	0.151794	
-0.543991	0.838804	0.0219561	-0.51224	0.838058	0.541837	0.0638125	-0.237041	0.0416295	0.0531139	-0.99772	0.151811	
-0.543571	0.839068	0.0222348	-0.511914	0.838325	0.541392	0.0640741	-0.236543	0.0417248	0.0534688	-0.997697	0.151833	
-0.543142	0.839339	0.0224923	-0.511589	0.838598	0.540939	0.0643212	-0.236045	0.0418203	0.0537976	-0.997676	0.15189	
-0.54272	0.839604	0.0228095	-0.511247	0.838868	0.54049	0.0645858	-0.235547	0.0418981	0.0541862	-0.997651	0.151951	
-0.542272	0.839883	0.0231738	-0.510892	0.839155	0.540013	0.0648471	-0.235041	0.0419498	0.0546112	-0.997626	0.152014	
-0.541825	0.84016	0.0235939	-0.510519	0.839442	0.539532	0.0651377	-0.23453	0.0419964	0.0550989	-0.997597	0.152081	
-0.541361	0.840449	0.0239549	-0.510172	0.839739	0.53904	0.0653761	-0.234035	0.0420326	0.055508	-0.997573	0.152175	
-0.54088	0.840747	0.0243589	-0.50981	0.840047	0.538527	0.0656457	-0.233524	0.0420735	0.0559691	-0.997546	0.152273	
-0.540399	0.841041	0.0248744	-0.509417	0.840355	0.538007	0.0659735	-0.23299	0.0421038	0.0565553	-0.997511	0.152335	
-0.539898	0.841348	0.0253489	-0.509038	0.840676	0.53747	0.0662573	-0.232468	0.0421212	0.0570824	-0.997481	0.152422	
-0.539389	0.841658	0.0258906	-0.508639	0.841001	0.53692	0.0665907	-0.231919	0.0421455	0.0576924	-0.997444	0.152484	
-0.538866	0.841977	0.0264133	-0.508244	0.841337	0.536359	0.0668745	-0.231386	0.0421398	0.0582589	-0.997412	0.152554	
-0.538331	0.842303	0.0269482	-0.507848	0.84168	0.535785	0.0671464	-0.230857	0.0421192	0.0588287	-0.997379	0.152623	
-0.537799	0.842625	0.0274856	-0.507451	0.842022	0.535216	0.0674022	-0.230337	0.0420841	0.0593923	-0.997347	0.152688	
-0.537237	0.842966	0.0280043	-0.507068	0.842383	0.534619	0.0676276	-0.229817	0.0420361	0.0599224	-0.997318	0.152764	
