-0.687024	0.725932	-0.0319624	-0.535551	0.725134	0.687767	0.0340246	-0.368759	0.0466822	0.000198686	-0.99891	0.147798	
-0.686987	0.725967	-0.0319476	-0.535564	0.725169	0.687729	0.0340372	-0.368728	0.0466812	0.000215681	-0.99891	0.147792	
-0.686887	0.726062	-0.0319409	-0.535598	0.725261	0.687629	0.0340855	-0.368661	0.0467117	0.000247433	-0.998908	0.147783	
-0.686658	0.726276	-0.0319876	-0.535712	0.725469	0.687403	0.0342413	-0.36847	0.0468571	0.000306066	-0.998902	0.147766	
-0.68648	0.726444	-0.0320069	-0.535798	0.72563	0.687225	0.0343789	-0.368309	0.0469703	0.000375259	-0.998896	0.147747	
-0.68633	0.726585	-0.0320221	-0.53587	0.725766	0.687076	0.0344966	-0.368173	0.0470663	0.000435447	-0.998892	0.14773	
-0.686195	0.726711	-0.0320412	-0.535936	0.725887	0.686943	0.034619	-0.368046	0.0471685	0.000497101	-0.998887	0.147712	
-0.686055	0.726843	-0.0320606	-0.536003	0.726011	0.686803	0.0347731	-0.367904	0.0472939	0.000579836	-0.998881	0.147688	
-0.685901	0.726987	-0.0320773	-0.536073	0.726148	0.68665	0.0349411	-0.36775	0.0474277	0.000673307	-0.998874	0.147661	
-0.685731	0.727147	-0.032093	-0.536148	0.7263	0.686482	0.035101	-0.367585	0.0475548	0.000760775	-0.998868	0.147641	
-0.68555	0.727317	-0.032117	-0.536231	0.726464	0.686301	0.0352313	-0.367417	0.0476662	0.000820996	-0.998863	0.147635	
-0.685347	0.727507	-0.0321489	-0.536324	0.726648	0.6861	0.0353529	-0.367236	0.0477768	0.000868048	-0.998858	0.147639	
-0.685125	0.727715	-0.0321698	-0.536422	0.726849	0.685879	0.0354977	-0.367034	0.0478968	0.000937767	-0.998852	0.147635	
-0.684886	0.727939	-0.0321863	-0.536525	0.727066	0.685641	0.0356595	-0.366816	0.0480262	0.00102113	-0.998846	0.147625	
-0.68466	0.728151	-0.0321976	-0.536623	0.727271	0.685416	0.0358184	-0.366608	0.04815	0.00110709	-0.998839	0.147612	
-0.684446	0.728352	-0.032196	-0.536711	0.727464	0.685202	0.0359676	-0.366409	0.0482578	0.00119645	-0.998834	0.147596	
-0.684238	0.728549	-0.0321759	-0.536791	0.727654	0.684993	0.0361155	-0.366213	0.0483521	0.00129864	-0.998829	0.147574	
-0.684011	0.728762	-0.0321592	-0.536881	0.727861	0.684765	0.0362663	-0.366001	0.048451	0.0013991	-0.998825	0.147555	
-0.68377	0.728989	-0.0321432	-0.536975	0.72808	0.684523	0.036427	-0.365775	0.0485577	0.0015049	-0.998819	0.147537	
-0.683517	0.729227	-0.0321336	-0.537075	0.728311	0.684269	0.0365901	-0.365539	0.0486706	0.00160672	-0.998814	0.147524	
-0.683259	0.729469	-0.0321294	-0.537178	0.728545	0.684012	0.036743	-0.365301	0.0487797	0.00169729	-0.998808	0.147518	
-0.682998	0.729714	-0.0321205	-0.537282	0.728783	0.68375	0.0368874	-0.365065	0.0488797	0.00178512	-0.998803	0.147511	
-0.682737	0.729958	-0.03211	-0.537385	0.729021	0.683489	0.0370315	-0.364828	0.0489783	0.00187391	-0.998798	0.147504	
-0.682478	0.7302	-0.0321028	-0.537489	0.729256	0.68323	0.0371708	-0.364594	0.0490757	0.00195711	-0.998793	0.147499	
-0.682217	0.730445	-0.0320835	-0.537591	0.729495	0.682968	0.037307	-0.364359	0.0491627	0.00204678	-0.998789	0.14749	
-0.681946	0.730699	-0.0320621	-0.537695	0.729743	0.682696	0.0374418	-0.364118	0.0492474	0.00213626	-0.998784	0.147483	
-0.681653	0.730974	-0.0320366	-0.537806	0.730011	0.682402	0.0375755	-0.363865	0.0493286	0.00222634	-0.99878	0.147475	
-0.681338	0.731269	-0.0320047	-0.537923	0.7303	0.682085	0.0377137	-0.363596	0.0494088	0.00232278	-0.998776	0.147467	
-0.680996	0.731589	-0.0319656	-0.538047	0.730614	0.681741	0.0378457	-0.363314	0.0494798	0.00241825	-0.998772	0.147461	
-0.680647	0.731916	-0.0319148	-0.538166	0.730935	0.68139	0.0379551	-0.363038	0.0495263	0.00250636	-0.99877	0.147458	
-0.680292	0.732249	-0.0318541	-0.538279	0.731264	0.681033	0.0380444	-0.362767	0.0495516	0.00258752	-0.998768	0.147461	
-0.679928	0.73259	-0.0317831	-0.538392	0.731601	0.680665	0.0381391	-0.362487	0.049574	0.00267929	-0.998767	0.147461	
-0.679552	0.732942	-0.0317072	-0.538505	0.73195	0.680285	0.0382294	-0.362201	0.0495899	0.00277077	-0.998766	0.147463	
-0.679166	0.733304	-0.0316084	-0.538612	0.732308	0.679895	0.0383117	-0.361911	0.0495845	0.00287294	-0.998766	0.147463	
-0.678769	0.733677	-0.0314919	-0.538717	0.732678	0.679492	0.0383794	-0.361618	0.0495566	0.00297727	-0.998767	0.147462	
-0.678374	0.734047	-0.0313581	-0.53881	0.733047	0.679091	0.0384253	-0.361334	0.049501	0.00307973	-0.998769	0.147465	
-0.677963	0.734433	-0.0312163	-0.538904	0.733432	0.678674	0.0384597	-0.361045	0.0494317	0.00317924	-0.998772	0.14747	
-0.677534	0.734834	-0.0310824	-0.539006	0.733832	0.678239	0.0385019	-0.360743	0.0493738	0.00327703	-0.998775	0.147478	
-0.67709	0.73525	-0.0309417	-0.53911	0.734248	0.677788	0.0385207	-0.360437	0.0492942	0.00336314	-0.998779	0.147495	
-0.67663	0.73568	-0.0307651	-0.539206	0.73468	0.67732	0.0385121	-0.360132	0.0491704	0.00345593	-0.998784	0.147508	
-0.676165	0.736115	-0.0305706	-0.539295	0.735117	0.676847	0.0384835	-0.35983	0.0490199	0.00354822	-0.998792	0.147522	
-0.6757	0.736551	-0.0303662	-0.53938	0.735556	0.676372	0.038447	-0.359531	0.048857	0.00364254	-0.998799	0.147535	
-0.675226	0.736993	-0.0301844	-0.539477	0.736	0.67589	0.0384243	-0.359218	0.0487198	0.0037294	-0.998806	0.147554	
-0.67476	0.737427	-0.0300054	-0.539572	0.736436	0.675416	0.0384146	-0.358899	0.0485941	0.00382359	-0.998811	0.147574	
-0.674287	0.737868	-0.029809	-0.539663	0.736879	0.674934	0.0383832	-0.358583	0.0484408	0.0039157	-0.998818	0.147595	
-0.673822	0.7383	-0.0296134	-0.539746	0.737315	0.674461	0.0383331	-0.358278	0.0482744	0.00399531	-0.998826	0.147624	
-0.673332	0.738755	-0.0293993	-0.539832	0.737775	0.673962	0.0382629	-0.357969	0.0480809	0.00407359	-0.998835	0.14765	
-0.672817	0.739233	-0.0291853	-0.539928	0.738257	0.673437	0.0381899	-0.357645	0.0478857	0.00414859	-0.998844	0.147679	
-0.672272	0.739738	-0.0289462	-0.540025	0.738769	0.672881	0.0380944	-0.357315	0.0476572	0.00422527	-0.998855	0.147706	
-0.671713	0.740256	-0.0286819	-0.540113	0.739295	0.672311	0.0379536	-0.357	0.0473786	0.00428951	-0.998868	0.147738	
-0.671129	0.740796	-0.0283954	-0.540196	0.739844	0.671716	0.0377983	-0.356681	0.0470745	0.00435932	-0.998882	0.147767	
-0.670498	0.741379	-0.0280985	-0.540285	0.740436	0.671072	0.0376359	-0.356348	0.0467586	0.00442963	-0.998896	0.147796	
-0.669843	0.741983	-0.0277878	-0.540364	0.74105	0.670404	0.0374677	-0.35602	0.0464294	0.0045053	-0.998911	0.147824	
-0.669148	0.742622	-0.0274657	-0.540435	0.7417	0.669696	0.037276	-0.355696	0.0460756	0.0045719	-0.998927	0.147859	
-0.668389	0.743317	-0.0271366	-0.540511	0.742406	0.668924	0.0370619	-0.355363	0.0457011	0.00462539	-0.998944	0.147903	
-0.667558	0.744076	-0.0267654	-0.540584	0.74318	0.668078	0.0368107	-0.355023	0.0452714	0.00468176	-0.998964	0.147945	
-0.66666	0.744895	-0.0263638	-0.540653	0.744015	0.667165	0.0365098	-0.354685	0.0447849	0.00472454	-0.998985	0.147992	
-0.665691	0.745775	-0.0259641	-0.540737	0.744912	0.666181	0.0361874	-0.354338	0.0442845	0.00474867	-0.999008	0.148044	
-0.66469	0.746682	-0.0255408	-0.540814	0.745835	0.665164	0.0358733	-0.353985	0.0437748	0.00479538	-0.99903	0.148084	
-0.663672	0.747602	-0.0251161	-0.540882	0.746772	0.664129	0.0355625	-0.353638	0.0432669	0.00484577	-0.999052	0.148125	
-0.662604	0.748563	-0.0246797	-0.540949	0.74775	0.663045	0.0352287	-0.35329	0.0427347	0.00488839	-0.999075	0.14817	
-0.661499	0.749554	-0.0242367	-0.541011	0.74876	0.661925	0.0348527	-0.352951	0.0421668	0.00490753	-0.999099	0.14823	
-0.660366	0.750568	-0.0237735	-0.54107	0.749793	0.660775	0.0344544	-0.352607	0.0415693	0.0049273	-0.999123	0.148291	
-0.65922	0.751589	-0.023299	-0.541127	0.750834	0.659613	0.0340422	-0.35226	0.0409541	0.00494762	-0.999149	0.148355	
-0.658084	0.752599	-0.0227975	-0.541172	0.751864	0.65846	0.0336282	-0.351915	0.0403198	0.00498959	-0.999174	0.148411	
-0.656942	0.753613	-0.0222492	-0.541203	0.752899	0.657299	0.0331779	-0.351576	0.0396277	0.00504455	-0.999202	0.148461	
-0.655803	0.754621	-0.0216892	-0.541232	0.753928	0.656142	0.0327229	-0.351234	0.0389246	0.0051077	-0.999229	0.148508	
-0.654659	0.755629	-0.0211342	-0.541263	0.754957	0.65498	0.0322562	-0.350895	0.0382162	0.00516143	-0.999256	0.148559	
-0.653525	0.756626	-0.0205665	-0.541288	0.755975	0.653827	0.0318114	-0.350549	0.0375163	0.00524176	-0.999282	0.148599	
-0.652382	0.757628	-0.0199596	-0.54129	0.756997	0.652665	0.0313611	-0.35021	0.0367869	0.00535009	-0.999309	0.148631	
-0.651215	0.758646	-0.0193551	-0.54129	0.758037	0.65148	0.0308802	-0.349879	0.0360366	0.00543779	-0.999336	0.148674	
-0.650035	0.759673	-0.0187582	-0.541294	0.759084	0.650282	0.0303995	-0.34954	0.0352918	0.00552164	-0.999362	0.148724	
-0.648851	0.7607	-0.0181247	-0.541284	0.760132	0.64908	0.0299101	-0.349201	0.034517	0.00562998	-0.999388	0.148765	
-0.647669	0.761721	-0.0174777	-0.541268	0.761175	0.647879	0.0294114	-0.348861	0.0337267	0.00574529	-0.999415	0.148806	
-0.646483	0.762742	-0.0168465	-0.541253	0.762217	0.646676	0.0289098	-0.348519	0.0329449	0.00584902	-0.99944	0.148857	
-0.645308	0.76375	-0.016209	-0.541228	0.763244	0.645484	0.0284297	-0.348178	0.0321758	0.00597449	-0.999464	0.148902	
-0.644081	0.764799	-0.015575	-0.541207	0.764311	0.64424	0.0279789	-0.347819	0.0314323	0.00611656	-0.999487	0.148941	
-0.642815	0.765875	-0.0149504	-0.54119	0.765405	0.642959	0.027561	-0.347447	0.0307208	0.00627354	-0.999508	0.148975	
-0.641497	0.766992	-0.0143133	-0.54117	0.766538	0.641625	0.0271466	-0.347067	0.030005	0.00644278	-0.999529	0.149005	
-0.64015	0.768128	-0.0136715	-0.541148	0.767692	0.640262	0.0267145	-0.346684	0.0292735	0.00660573	-0.99955	0.149042	
-0.638806	0.769258	-0.0130237	-0.541123	0.768839	0.638903	0.0262656	-0.346304	0.0285259	0.00676549	-0.99957	0.149084	
-0.637448	0.770394	-0.0123935	-0.541112	0.769992	0.637531	0.0258242	-0.345906	0.027796	0.00691868	-0.99959	0.149132	
-0.636084	0.77153	-0.0117676	-0.541106	0.771144	0.636153	0.025428	-0.345485	0.0271045	0.00709983	-0.999607	0.149171	
-0.634694	0.772684	-0.0111039	-0.541088	0.772313	0.634749	0.0250241	-0.345061	0.0263839	0.00730697	-0.999625	0.149198	
-0.633309	0.773829	-0.0104273	-0.541057	0.773474	0.63335	0.0245963	-0.344645	0.0256375	0.00751176	-0.999643	0.149235	
-0.631938	0.774958	-0.00973528	-0.541016	0.774619	0.631966	0.0241826	-0.344228	0.0248928	0.00774077	-0.99966	0.149263	
-0.630601	0.776055	-0.00903358	-0.540969	0.775732	0.630615	0.0237563	-0.343815	0.0241329	0.00797314	-0.999677	0.149292	
-0.629308	0.777111	-0.00830261	-0.540906	0.776804	0.629309	0.0233409	-0.343404	0.0233634	0.00823914	-0.999693	0.149308	
-0.628038	0.778146	-0.00752253	-0.54083	0.777855	0.628025	0.0229499	-0.342979	0.0225827	0.00856199	-0.999708	0.1493	
-0.626809	0.779143	-0.00679202	-0.540757	0.778866	0.626783	0.0226005	-0.342551	0.0218662	0.00887613	-0.999722	0.149301	
-0.62562	0.780104	-0.00607969	-0.54068	0.77984	0.625583	0.022266	-0.342127	0.0211731	0.00918886	-0.999734	0.149309	
-0.624433	0.78106	-0.00533947	-0.540591	0.78081	0.624383	0.0219256	-0.341699	0.0204591	0.00952194	-0.999745	0.149311	
-0.623285	0.781981	-0.00463155	-0.540508	0.781744	0.623225	0.0216038	-0.34127	0.0197802	0.00984462	-0.999756	0.149322	
-0.622169	0.782874	-0.00387862	-0.540404	0.782651	0.622097	0.0212986	-0.34084	0.019087	0.0102157	-0.999766	0.149312	
-0.62111	0.783717	-0.00314081	-0.540289	0.783507	0.621028	0.0209896	-0.340427	0.0184004	0.010576	-0.999775	0.149314	
-0.620089	0.784528	-0.00236391	-0.540156	0.784332	0.619996	0.0206838	-0.340018	0.0176926	0.0109717	-0.999783	0.1493	
-0.619104	0.785307	-0.00160568	-0.540031	0.785124	0.619002	0.0204163	-0.339591	0.017027	0.0113791	-0.99979	0.149283	
-0.61819	0.786028	-0.000889689	-0.539912	0.785856	0.618078	0.0202339	-0.339148	0.0164543	0.0118092	-0.999795	0.149259	
-0.617317	0.786714	-0.000186023	-0.539797	0.786553	0.617195	0.020091	-0.338686	0.0159207	0.0122562	-0.999798	0.149231	
-0.616491	0.787362	0.000494024	-0.539681	0.787211	0.616361	0.0199755	-0.338217	0.0154234	0.0127036	-0.9998	0.14921	
-0.615718	0.787966	0.00118797	-0.539553	0.787825	0.615578	0.0198633	-0.337753	0.0149203	0.0131661	-0.999802	0.149186	
-0.614953	0.788562	0.00186992	-0.539436	0.788432	0.614805	0.0197589	-0.337274	0.0144315	0.0136251	-0.999803	0.149164	
-0.614229	0.789123	0.00257306	-0.539308	0.789004	0.614072	0.0197232	-0.336774	0.013984	0.0141447	-0.999802	0.149118	
-0.613524	0.789669	0.00328628	-0.539171	0.78956	0.613357	0.0196992	-0.336272	0.0135401	0.0146806	-0.999801	0.149068	
-0.612826	0.790208	0.00395047	-0.539049	0.790109	0.612651	0.0196556	-0.335779	0.0131118	0.0151668	-0.999799	0.14904	
-0.61214	0.790736	0.00463621	-0.538913	0.790648	0.611957	0.0196104	-0.335295	0.0126695	0.0156699	-0.999797	0.149007	
-0.61142	0.791288	0.00536086	-0.538772	0.791212	0.611228	0.0195727	-0.334792	0.0122109	0.0162087	-0.999794	0.148957	
-0.610695	0.791843	0.00605705	-0.53864	0.791778	0.610495	0.0195664	-0.33427	0.0117957	0.016745	-0.99979	0.148915	
-0.60996	0.792404	0.00670163	-0.538526	0.79235	0.609754	0.0195444	-0.333747	0.0114007	0.0172313	-0.999787	0.148898	
-0.609243	0.792949	0.00737754	-0.538396	0.792907	0.609028	0.0195825	-0.333204	0.0110348	0.0177802	-0.999781	0.148859	
-0.608559	0.793467	0.00806809	-0.538246	0.793436	0.608336	0.0196567	-0.332664	0.0106889	0.0183638	-0.999774	0.148807	
-0.607889	0.793974	0.00871285	-0.538106	0.793955	0.607657	0.0197143	-0.332138	0.0103582	0.0189017	-0.999768	0.148777	
-0.607229	0.794472	0.00934462	-0.537967	0.794464	0.60699	0.01978	-0.331615	0.0100425	0.0194349	-0.999761	0.148747	
-0.606567	0.794969	0.0100409	-0.537802	0.794973	0.606319	0.0198634	-0.331087	0.00970282	0.0200307	-0.999752	0.148693	
-0.605896	0.795472	0.0107097	-0.537646	0.795489	0.605641	0.0199281	-0.330559	0.00936603	0.0205938	-0.999744	0.148658	
-0.605228	0.795971	0.0113393	-0.537497	0.796001	0.604966	0.0199737	-0.330041	0.00903857	0.0211148	-0.999736	0.148644	
-0.604572	0.796461	0.0119545	-0.537342	0.796503	0.604304	0.0200003	-0.329535	0.00870531	0.0216134	-0.999729	0.148647	
-0.603911	0.796953	0.0125868	-0.537177	0.797008	0.603636	0.0200348	-0.32902	0.00836895	0.022131	-0.99972	0.148647	
-0.603254	0.79744	0.0131963	-0.537015	0.797508	0.602974	0.0200629	-0.328511	0.00804193	0.0226272	-0.999712	0.148657	
-0.602602	0.797922	0.0138023	-0.536852	0.798005	0.602317	0.0200718	-0.328013	0.00770235	0.0231096	-0.999703	0.148672	
-0.601968	0.798389	0.0144812	-0.536658	0.798487	0.601676	0.0201158	-0.327511	0.0073472	0.0236721	-0.999693	0.148654	
-0.601348	0.798843	0.0151613	-0.536453	0.798957	0.601051	0.0201438	-0.327025	0.00697905	0.0242266	-0.999682	0.148641	
-0.600729	0.799297	0.01577	-0.536271	0.799426	0.600428	0.0201316	-0.326555	0.00662236	0.0247005	-0.999673	0.148662	
-0.60011	0.79975	0.0163888	-0.536085	0.799893	0.599805	0.0201542	-0.326069	0.0062882	0.025204	-0.999663	0.148675	
-0.5995	0.800193	0.0170702	-0.535869	0.800353	0.599189	0.0201992	-0.325578	0.005935	0.0257716	-0.99965	0.148665	
-0.598889	0.800636	0.0177064	-0.535669	0.800813	0.598574	0.0202123	-0.325101	0.00558411	0.0262845	-0.999639	0.148674	
-0.598274	0.801081	0.0183462	-0.535466	0.801275	0.597955	0.0202106	-0.324629	0.00522008	0.0267918	-0.999627	0.148688	
-0.597661	0.801523	0.0190352	-0.535244	0.801734	0.597338	0.0202443	-0.324148	0.00485584	0.0273604	-0.999614	0.148674	
-0.597061	0.801954	0.0196841	-0.535029	0.802183	0.596734	0.0202804	-0.323671	0.00451778	0.0278989	-0.999601	0.148677	
-0.596452	0.802393	0.0202766	-0.53484	0.802638	0.596121	0.0203102	-0.323188	0.00420946	0.0283888	-0.999588	0.148701	
-0.595856	0.802819	0.0209136	-0.534631	0.803082	0.59552	0.0203826	-0.322696	0.00390907	0.0289405	-0.999573	0.148698	
-0.595261	0.803243	0.0215507	-0.534421	0.803524	0.59492	0.0204642	-0.3222	0.00361677	0.0294981	-0.999558	0.148694	
-0.594646	0.803683	0.0221237	-0.534243	0.803981	0.594301	0.0205196	-0.321705	0.00334317	0.0299889	-0.999545	0.148714	
-0.594038	0.804116	0.0227366	-0.534048	0.804431	0.593688	0.0206003	-0.321206	0.00306657	0.0305274	-0.999529	0.148713	
-0.593424	0.80455	0.023371	-0.533842	0.804885	0.593071	0.0206801	-0.320708	0.00277748	0.031083	-0.999513	0.148709	
-0.5928	0.804994	0.0239448	-0.533661	0.805346	0.592441	0.0207639	-0.320199	0.00252894	0.0315927	-0.999498	0.148725	
-0.592178	0.805434	0.024516	-0.53348	0.805804	0.591815	0.020868	-0.319682	0.00229883	0.0321126	-0.999482	0.148738	
-0.591563	0.805868	0.0250962	-0.533294	0.806256	0.591193	0.0210087	-0.319149	0.00209354	0.0326619	-0.999464	0.148741	
-0.590965	0.80629	0.0256198	-0.533124	0.806695	0.590589	0.0211588	-0.318619	0.00192938	0.0331715	-0.999448	0.148761	
-0.590379	0.806705	0.0260928	-0.532966	0.807125	0.589998	0.0212804	-0.318106	0.00177233	0.0336237	-0.999433	0.148806	
-0.58981	0.807105	0.0265849	-0.532789	0.807541	0.589423	0.0214204	-0.317596	0.00161875	0.0341024	-0.999417	0.148846	
-0.589233	0.807508	0.0270948	-0.532606	0.807962	0.58884	0.0215777	-0.317075	0.00146966	0.0346059	-0.9994	0.148878	
-0.588652	0.807918	0.0275237	-0.53245	0.808385	0.588254	0.0217051	-0.316561	0.00134501	0.0350265	-0.999385	0.148946	
-0.588088	0.808312	0.0279835	-0.532279	0.808796	0.587683	0.0218601	-0.316046	0.00122435	0.0354886	-0.999369	0.148998	
-0.58752	0.808709	0.0284756	-0.532093	0.809209	0.587108	0.0220265	-0.315525	0.00109482	0.0359837	-0.999352	0.149038	
-0.586944	0.809114	0.0288475	-0.531948	0.809627	0.586527	0.0221451	-0.315014	0.000998116	0.0363537	-0.999339	0.14913	
-0.586376	0.809511	0.0292373	-0.531791	0.810038	0.585954	0.0222756	-0.314508	0.000900694	0.0367452	-0.999324	0.14922	
-0.585819	0.8099	0.0296363	-0.531622	0.810441	0.585391	0.0224232	-0.313998	0.000811783	0.0371544	-0.999309	0.149307	
-0.585273	0.810283	0.029957	-0.53148	0.810836	0.584838	0.0225767	-0.313486	0.000773548	0.0375037	-0.999296	0.149422	
-0.584751	0.810649	0.0302616	-0.531338	0.811213	0.584308	0.0227554	-0.312974	0.000764482	0.0378548	-0.999283	0.149534	
-0.584248	0.810998	0.0305875	-0.531182	0.811575	0.583797	0.0229613	-0.312463	0.000764683	0.0382392	-0.999268	0.149632	
-0.58376	0.811338	0.0308986	-0.531023	0.811926	0.5833	0.0231843	-0.31195	0.000787107	0.0386215	-0.999254	0.149737	
-0.583281	0.811671	0.0311958	-0.530866	0.81227	0.582813	0.0233905	-0.311449	0.000804136	0.0389827	-0.99924	0.149845	
-0.58282	0.811989	0.0315331	-0.530688	0.812601	0.582342	0.0236268	-0.310951	0.00082167	0.039394	-0.999223	0.149934	
-0.582362	0.812305	0.0318474	-0.530516	0.812929	0.581873	0.0238856	-0.310446	0.000871256	0.0397997	-0.999207	0.150024	
-0.581896	0.812629	0.0321077	-0.530367	0.813263	0.581396	0.0241465	-0.309933	0.000954906	0.0401628	-0.999193	0.150133	
-0.581435	0.812949	0.0323529	-0.530219	0.813592	0.580923	0.0244194	-0.309417	0.00105717	0.0405204	-0.999178	0.150249	
-0.580994	0.813252	0.0326543	-0.530046	0.813907	0.580469	0.0247214	-0.308901	0.00114992	0.0409406	-0.999161	0.150338	
-0.580548	0.81356	0.0329427	-0.52988	0.814225	0.580009	0.0250463	-0.308376	0.00126959	0.0413634	-0.999143	0.150423	
-0.5801	0.81387	0.0331718	-0.529738	0.814544	0.579547	0.0253723	-0.30785	0.00142516	0.0417383	-0.999128	0.150523	
-0.579662	0.814169	0.0334695	-0.529569	0.814855	0.579092	0.0257537	-0.307307	0.00158601	0.0422012	-0.999108	0.150592	
-0.579242	0.814456	0.0337662	-0.529392	0.815154	0.578654	0.0261409	-0.306771	0.00175171	0.0426665	-0.999088	0.150657	
-0.578831	0.81474	0.0339567	-0.529248	0.815445	0.578228	0.0264785	-0.30626	0.00193838	0.0430164	-0.999072	0.150762	
-0.578419	0.815022	0.0342099	-0.529083	0.815737	0.577798	0.0268743	-0.305729	0.00213671	0.0434509	-0.999053	0.150843	
-0.578	0.815309	0.0344437	-0.528922	0.816033	0.577362	0.0272625	-0.305192	0.0023409	0.0438649	-0.999035	0.150932	
-0.577576	0.815603	0.0345969	-0.528788	0.816333	0.576922	0.0276042	-0.304671	0.00255438	0.0441861	-0.99902	0.151058	
-0.57716	0.81589	0.03479	-0.528637	0.816626	0.576489	0.0279674	-0.304147	0.0027623	0.0445521	-0.999003	0.151172	
-0.576758	0.816165	0.0350032	-0.528471	0.81691	0.576069	0.0283378	-0.303625	0.00296403	0.0449385	-0.998985	0.151279	
-0.576353	0.816444	0.0351637	-0.528324	0.817195	0.575647	0.0286853	-0.303114	0.00317805	0.0452684	-0.99897	0.151403	
-0.575951	0.816719	0.0353605	-0.528164	0.817478	0.575228	0.0290433	-0.302599	0.00337985	0.0456339	-0.998953	0.151516	
-0.575562	0.816984	0.0355603	-0.527993	0.81775	0.574822	0.0294049	-0.30209	0.00358254	0.0460038	-0.998935	0.151627	
-0.575173	0.817253	0.0356874	-0.527839	0.818023	0.574417	0.0297329	-0.301591	0.00379985	0.0462947	-0.998921	0.151771	
-0.574786	0.817521	0.0357842	-0.527694	0.818294	0.574014	0.0300562	-0.301096	0.00403093	0.0465579	-0.998907	0.151924	
-0.574399	0.817788	0.0359107	-0.527539	0.818565	0.57361	0.0303952	-0.300596	0.0042581	0.0468542	-0.998893	0.152058	
-0.57401	0.818054	0.0360583	-0.527371	0.818836	0.573203	0.030752	-0.300085	0.00448804	0.0471777	-0.998876	0.152189	
-0.573628	0.818318	0.0361488	-0.527218	0.819102	0.572806	0.0310647	-0.299594	0.00471457	0.0474291	-0.998863	0.15233	
-0.573272	0.81856	0.0363051	-0.527036	0.81935	0.572433	0.0314046	-0.29911	0.00492432	0.0477499	-0.998847	0.152441	
-0.572929	0.818792	0.0365069	-0.526833	0.819589	0.57207	0.0317729	-0.29862	0.00513091	0.0481242	-0.998828	0.152528	
-0.57259	0.819025	0.0366052	-0.526662	0.819825	0.571716	0.0320716	-0.29816	0.00533964	0.0483737	-0.998815	0.152643	
-0.572274	0.819239	0.0367306	-0.526471	0.820044	0.571385	0.0323692	-0.297709	0.00553079	0.0486448	-0.998801	0.152746	
-0.571969	0.819444	0.036912	-0.526253	0.820255	0.571063	0.0326922	-0.297253	0.0057104	0.0489762	-0.998784	0.152812	
-0.571673	0.819648	0.036971	-0.52607	0.820461	0.570753	0.0329371	-0.296827	0.00589557	0.0491625	-0.998773	0.15291	
-0.57138	0.81985	0.0370297	-0.525885	0.820663	0.570448	0.0331837	-0.296404	0.00608216	0.0493494	-0.998763	0.153001	
-0.571098	0.820043	0.0371004	-0.525688	0.820858	0.570153	0.0334331	-0.295984	0.00626367	0.0495478	-0.998752	0.153065	
-0.570815	0.820236	0.0371789	-0.525487	0.821053	0.569856	0.0336919	-0.295559	0.00644871	0.0497577	-0.99874	0.153136	
-0.57054	0.820425	0.0372338	-0.525291	0.821243	0.569569	0.0339249	-0.295147	0.00662558	0.0499335	-0.998731	0.1532	
-0.570267	0.820612	0.0373086	-0.525088	0.821431	0.569283	0.0341664	-0.294732	0.00679816	0.0501304	-0.99872	0.153251	
-0.569992	0.820805	0.0372702	-0.524917	0.821621	0.568999	0.0343498	-0.294334	0.0069878	0.0502011	-0.998715	0.153323	
-0.569727	0.820993	0.0371677	-0.524758	0.821803	0.568727	0.0344849	-0.293957	0.00717358	0.0501914	-0.998714	0.153398	
-0.569476	0.82117	0.0371039	-0.524574	0.821975	0.568469	0.0346382	-0.293574	0.00735142	0.0502241	-0.998711	0.153446	
-0.56923	0.821347	0.0369733	-0.524406	0.822144	0.568218	0.0347488	-0.293206	0.00753189	0.0501775	-0.998712	0.153504	
-0.568994	0.821517	0.0368297	-0.524234	0.822306	0.567978	0.0348417	-0.292848	0.00770463	0.05011	-0.998714	0.153558	
-0.568763	0.821682	0.0367064	-0.524048	0.822464	0.567743	0.034948	-0.292484	0.00787643	0.0500668	-0.998715	0.153598	
-0.568528	0.821852	0.0365417	-0.523876	0.822624	0.567506	0.0350204	-0.292128	0.00804394	0.0499702	-0.998718	0.153666	
-0.568307	0.822013	0.0363663	-0.5237	0.822776	0.567282	0.0350871	-0.29178	0.00821207	0.0498615	-0.998722	0.153728	
-0.568094	0.822166	0.0362253	-0.523506	0.822921	0.567066	0.0351663	-0.291431	0.0083704	0.0497884	-0.998725	0.15377	
-0.56789	0.822316	0.0360182	-0.52333	0.82306	0.566862	0.0351997	-0.291101	0.00852794	0.0496347	-0.998731	0.153818	
-0.567702	0.822455	0.0358	-0.523147	0.823188	0.566674	0.0352267	-0.290782	0.00868543	0.0494684	-0.998738	0.153867	
-0.567523	0.822585	0.0356571	-0.522935	0.82331	0.566494	0.0352891	-0.290453	0.00882878	0.0493842	-0.998741	0.153881	
-0.56735	0.822711	0.0355048	-0.522725	0.823428	0.566319	0.035349	-0.290129	0.00897495	0.0492909	-0.998744	0.1539	
-0.567188	0.822828	0.0353673	-0.522506	0.823538	0.566155	0.0354074	-0.289813	0.00911082	0.049209	-0.998747	0.153914	
-0.567027	0.822949	0.035152	-0.52231	0.823647	0.565996	0.0354174	-0.289512	0.00925088	0.0490355	-0.998754	0.153933	
-0.566863	0.823071	0.0349326	-0.522114	0.823758	0.565833	0.0354288	-0.289207	0.00939438	0.0488593	-0.998761	0.153952	
-0.566705	0.823187	0.0347567	-0.521898	0.823866	0.565675	0.0354515	-0.288898	0.00952224	0.0487254	-0.998767	0.153938	
-0.566559	0.823294	0.0345978	-0.521677	0.823965	0.565529	0.0354804	-0.288597	0.00964474	0.0486091	-0.998771	0.15392	
-0.566434	0.823387	0.0344574	-0.521443	0.82405	0.565404	0.0355116	-0.288307	0.00975749	0.0485096	-0.998775	0.153895	
-0.566312	0.823476	0.0343185	-0.521205	0.824132	0.565282	0.0355395	-0.288017	0.00986626	0.0484094	-0.998779	0.153846	
-0.566196	0.823563	0.0341479	-0.520974	0.824211	0.565167	0.0355461	-0.287737	0.00997523	0.0482711	-0.998784	0.153796	
-0.566082	0.823647	0.0340133	-0.520728	0.824287	0.565053	0.0355713	-0.28745	0.0100789	0.048173	-0.998788	0.153733	
-0.565969	0.823731	0.0338618	-0.52049	0.824364	0.564941	0.0355825	-0.28717	0.0101804	0.0480531	-0.998793	0.153672	
-0.565853	0.823821	0.0336219	-0.520278	0.824442	0.564829	0.0355471	-0.286902	0.0102938	0.0478337	-0.998802	0.153628	
-0.565749	0.823902	0.0333904	-0.520054	0.824512	0.564729	0.0355056	-0.28664	0.0103966	0.0476181	-0.998811	0.153567	
-0.565655	0.823975	0.0331657	-0.519824	0.824575	0.56464	0.0354622	-0.286382	0.0104932	0.047407	-0.998821	0.153507	
-0.565573	0.824039	0.0329737	-0.519576	0.82463	0.564561	0.0354387	-0.286124	0.0105872	0.0472343	-0.998828	0.153433	
-0.565485	0.824112	0.0326538	-0.519373	0.824689	0.564481	0.0353436	-0.285889	0.0106946	0.0469155	-0.998842	0.153391	
-0.565406	0.824178	0.0323712	-0.51915	0.824742	0.564408	0.0352691	-0.285649	0.0107975	0.0466392	-0.998853	0.153334	
-0.565336	0.824235	0.0321255	-0.518911	0.824789	0.564344	0.0352059	-0.285409	0.0108881	0.0463999	-0.998864	0.153258	
-0.565278	0.824285	0.0318592	-0.518673	0.824828	0.564292	0.0351221	-0.28518	0.0109727	0.0461321	-0.998875	0.153205	
-0.565223	0.82433	0.0316686	-0.518408	0.824864	0.564242	0.0350807	-0.284939	0.0110494	0.0459507	-0.998883	0.153129	
-0.565174	0.824373	0.0314388	-0.518153	0.824897	0.564197	0.0350231	-0.284705	0.0111344	0.0457279	-0.998892	0.153063	
-0.565129	0.82441	0.0312514	-0.517888	0.824926	0.564156	0.0349913	-0.284472	0.0112165	0.0455547	-0.998899	0.153009	
-0.565095	0.824438	0.0311231	-0.517604	0.824948	0.564124	0.0349885	-0.284236	0.0112886	0.0454468	-0.998903	0.152922	
-0.565057	0.82447	0.0309724	-0.517326	0.824974	0.564088	0.0349775	-0.284	0.0113668	0.0453157	-0.998908	0.152856	
-0.565025	0.824496	0.0308586	-0.517036	0.824994	0.564057	0.0349853	-0.283762	0.0114392	0.0452258	-0.998911	0.152771	
-0.564999	0.824517	0.0307821	-0.516735	0.825011	0.564031	0.0350095	-0.283524	0.0115039	0.0451759	-0.998913	0.152681	
-0.56498	0.824531	0.0307666	-0.516418	0.825024	0.564009	0.0350702	-0.283281	0.0115638	0.0451971	-0.998911	0.152581	
-0.564961	0.824545	0.0307473	-0.516101	0.825036	0.563987	0.0351322	-0.283038	0.011627	0.045216	-0.99891	0.152485	
-0.564944	0.82456	0.0306591	-0.515805	0.825046	0.563971	0.0351498	-0.282813	0.0116923	0.0451528	-0.998912	0.152415	
-0.564936	0.824565	0.030658	-0.515479	0.825051	0.563959	0.0352217	-0.282573	0.0117527	0.0451924	-0.998909	0.152318	
-0.564936	0.824563	0.0307234	-0.515134	0.825051	0.563954	0.0353249	-0.282332	0.011801	0.0453046	-0.998904	0.152213	
-0.564936	0.824559	0.0308195	-0.514786	0.82505	0.563947	0.0354495	-0.282086	0.0118497	0.0454543	-0.998896	0.152098	
-0.564936	0.824556	0.0309088	-0.514437	0.825049	0.563941	0.0355678	-0.281841	0.0118969	0.0455949	-0.998889	0.151982	
-0.564937	0.824551	0.0310041	-0.514092	0.825048	0.563935	0.0356858	-0.281602	0.0119405	0.0457401	-0.998882	0.151865	
-0.564936	0.824546	0.0311663	-0.513726	0.825048	0.563924	0.0358502	-0.281345	0.0119847	0.0459667	-0.998871	0.151738	
-0.564932	0.824542	0.0313487	-0.513362	0.82505	0.56391	0.0360294	-0.281087	0.0120299	0.0462184	-0.998859	0.151622	
-0.564922	0.824543	0.0314943	-0.513011	0.825055	0.563891	0.0361977	-0.280833	0.0120872	0.0464334	-0.998848	0.151525	
-0.564916	0.824539	0.0317032	-0.512642	0.825059	0.563873	0.0363966	-0.28057	0.0121339	0.046718	-0.998834	0.151416	
-0.564921	0.824528	0.031899	-0.512274	0.825055	0.563867	0.0365842	-0.280317	0.0121779	0.0469856	-0.998821	0.151314	
-0.564924	0.824516	0.0321536	-0.511884	0.825053	0.563856	0.0368096	-0.28005	0.0122201	0.047323	-0.998805	0.151214	
-0.564917	0.824513	0.0323512	-0.51152	0.825057	0.563837	0.0370055	-0.279791	0.0122707	0.0475967	-0.998791	0.151132	
-0.564912	0.824507	0.0325954	-0.511142	0.825059	0.563818	0.0372412	-0.279523	0.0123277	0.0479312	-0.998775	0.151061	
-0.564918	0.824488	0.0329612	-0.510727	0.825054	0.563805	0.0375382	-0.279243	0.0123661	0.0484008	-0.998751	0.150968	
-0.564921	0.824472	0.0333094	-0.510324	0.825051	0.56379	0.0378284	-0.278969	0.0124089	0.0488521	-0.998729	0.150894	
-0.56493	0.824448	0.0337535	-0.50989	0.825045	0.563776	0.0381773	-0.278679	0.0124458	0.0494156	-0.998701	0.150814	
-0.564934	0.82443	0.0341289	-0.509478	0.825041	0.56376	0.0384884	-0.278399	0.0124905	0.0499012	-0.998676	0.150758	
-0.564934	0.824414	0.0345202	-0.509065	0.825041	0.563738	0.0388196	-0.278113	0.0125431	0.0504111	-0.99865	0.150714	
-0.56493	0.824398	0.0349676	-0.508636	0.825043	0.56371	0.0391789	-0.277816	0.0125874	0.0509831	-0.99862	0.150657	
-0.564917	0.82439	0.035352	-0.508235	0.825051	0.563675	0.0395105	-0.277528	0.012645	0.0514873	-0.998594	0.150627	
-0.564901	0.824381	0.0358119	-0.507813	0.825061	0.563634	0.0398942	-0.277223	0.0127032	0.0520833	-0.998562	0.15059	
-0.564885	0.824372	0.0362665	-0.507395	0.825071	0.563592	0.0402648	-0.276924	0.0127537	0.0526675	-0.998531	0.150553	
-0.564869	0.824363	0.036725	-0.506977	0.825081	0.56355	0.0406444	-0.276622	0.0128094	0.0532598	-0.998498	0.150523	
-0.564849	0.824353	0.0372559	-0.506542	0.825094	0.563501	0.0410618	-0.276308	0.0128557	0.0539334	-0.998462	0.150474	
-0.56482	0.82435	0.0377698	-0.506121	0.825113	0.563442	0.0414827	-0.275993	0.0129152	0.0545946	-0.998425	0.15044	
-0.564785	0.824352	0.0382408	-0.505719	0.825136	0.56338	0.0418796	-0.275686	0.0129794	0.0552068	-0.998391	0.150434	
-0.564749	0.824352	0.0387665	-0.5053	0.82516	0.563312	0.0423111	-0.275367	0.0130415	0.0558837	-0.998352	0.150402	
-0.564714	0.824351	0.0392842	-0.504881	0.825183	0.563246	0.0427406	-0.275046	0.0131066	0.0565528	-0.998314	0.150374	
-0.564671	0.824357	0.0397739	-0.504473	0.825211	0.563174	0.0431553	-0.274729	0.0131757	0.0571904	-0.998276	0.15036	
-0.564627	0.82436	0.0403411	-0.504041	0.82524	0.563095	0.0436172	-0.274394	0.0132404	0.0579185	-0.998233	0.150308	
-0.564577	0.824369	0.0408546	-0.503631	0.825273	0.563013	0.0440509	-0.274067	0.0133125	0.0585863	-0.998194	0.150274	
-0.56452	0.824383	0.0413519	-0.503232	0.825311	0.562924	0.0444805	-0.273742	0.0133909	0.0592383	-0.998154	0.150247	
-0.564465	0.824393	0.0419024	-0.502812	0.825347	0.562835	0.0449377	-0.273404	0.0134622	0.0599498	-0.998111	0.150197	
-0.564395	0.824415	0.0424116	-0.50241	0.825394	0.562731	0.045378	-0.273066	0.013544	0.0606174	-0.998069	0.150165	
-0.564322	0.824441	0.0428815	-0.502022	0.825443	0.562625	0.0457992	-0.272733	0.0136325	0.0612417	-0.99803	0.150149	
-0.564242	0.824469	0.0433884	-0.501625	0.825496	0.562511	0.0462418	-0.272387	0.0137185	0.0619085	-0.997988	0.150115	
-0.564151	0.824504	0.0438839	-0.501233	0.825556	0.562386	0.0466838	-0.272038	0.0138112	0.0625654	-0.997945	0.150085	
-0.564054	0.824546	0.0443449	-0.500856	0.825621	0.562255	0.0471079	-0.27169	0.0139095	0.0631835	-0.997905	0.15007	
-0.563956	0.824589	0.0448018	-0.500475	0.825686	0.562124	0.0475289	-0.27134	0.0140076	0.0637964	-0.997865	0.150057	
-0.563857	0.824634	0.045213	-0.500109	0.825752	0.561994	0.0479232	-0.270999	0.0141097	0.0643566	-0.997827	0.150059	
-0.563754	0.824683	0.0455894	-0.499755	0.82582	0.561862	0.0482935	-0.270663	0.0142119	0.0648743	-0.997792	0.150065	
-0.563645	0.824736	0.0459908	-0.499392	0.825893	0.561721	0.0486795	-0.270316	0.0143137	0.0654214	-0.997755	0.150056	
-0.563534	0.824791	0.0463555	-0.499043	0.825967	0.561581	0.0490418	-0.269978	0.0144169	0.0659248	-0.99772	0.150057	
-0.563417	0.824852	0.0466839	-0.498702	0.826045	0.561437	0.0493847	-0.269638	0.0145251	0.0663872	-0.997688	0.150071	
-0.563299	0.824912	0.0470596	-0.498343	0.826124	0.561288	0.0497537	-0.269286	0.0146284	0.0669032	-0.997652	0.150068	
-0.563173	0.824982	0.047342	-0.498015	0.826208	0.561136	0.0500705	-0.268948	0.014742	0.0673127	-0.997623	0.150088	
-0.563034	0.825062	0.0476027	-0.497696	0.8263	0.560972	0.0503859	-0.268602	0.0148677	0.0677031	-0.997595	0.150113	
-0.562896	0.825139	0.0478882	-0.497369	0.826392	0.560808	0.050707	-0.268253	0.0149842	0.0681172	-0.997565	0.150116	
-0.562752	0.825225	0.0480944	-0.497066	0.826488	0.560642	0.0509847	-0.267915	0.0151102	0.0684412	-0.997541	0.150139	
-0.562613	0.825309	0.0482891	-0.496765	0.82658	0.56048	0.0512496	-0.267582	0.0152316	0.0687485	-0.997518	0.150162	
-0.562464	0.825396	0.04854	-0.496447	0.826679	0.560307	0.0515511	-0.26723	0.0153528	0.0691227	-0.99749	0.150161	
-0.562317	0.825484	0.0487419	-0.496145	0.826777	0.560138	0.0518271	-0.26689	0.0154802	0.069442	-0.997466	0.15018	
-0.562177	0.825565	0.0489783	-0.495835	0.82687	0.559974	0.0521137	-0.266551	0.0155967	0.0697958	-0.997439	0.150189	
-0.562033	0.82565	0.0492085	-0.495522	0.826965	0.559806	0.052394	-0.266209	0.0157118	0.0701409	-0.997413	0.150192	
-0.561878	0.825746	0.0493583	-0.495238	0.827069	0.559631	0.0526352	-0.265875	0.0158409	0.0703973	-0.997393	0.150219	
-0.561711	0.825852	0.0494982	-0.494959	0.82718	0.559445	0.0528733	-0.265534	0.015974	0.0706434	-0.997374	0.150245	
-0.561549	0.825952	0.0496585	-0.494669	0.827287	0.559263	0.0531167	-0.265192	0.0160997	0.0709095	-0.997353	0.150248	
-0.561388	0.826052	0.0498145	-0.494382	0.827394	0.559083	0.0533522	-0.264853	0.0162212	0.0711675	-0.997332	0.150248	
-0.561221	0.826158	0.0499328	-0.494107	0.827504	0.558898	0.0535666	-0.264517	0.0163472	0.0713823	-0.997315	0.150249	
-0.561055	0.82626	0.0501101	-0.49381	0.827615	0.558711	0.0538126	-0.264167	0.0164661	0.0716637	-0.997293	0.150231	
-0.560879	0.826374	0.0502107	-0.493541	0.827732	0.558518	0.0540136	-0.263828	0.0165918	0.071856	-0.997277	0.150228	
-0.560703	0.826491	0.0502471	-0.493287	0.827848	0.55833	0.0541753	-0.2635	0.0167209	0.0719733	-0.997266	0.150227	
-0.560517	0.826609	0.0503748	-0.493004	0.827971	0.558126	0.0543988	-0.263145	0.016851	0.0722004	-0.997248	0.150198	
-0.560318	0.826747	0.0503294	-0.492782	0.828103	0.557918	0.0545308	-0.262814	0.0170035	0.0722325	-0.997243	0.150213	
-0.560118	0.826885	0.0502929	-0.492555	0.828235	0.557708	0.0546649	-0.262479	0.0171528	0.0722731	-0.997237	0.150237	
-0.559922	0.827021	0.0502351	-0.492327	0.828365	0.557504	0.0547789	-0.262148	0.017297	0.0722849	-0.997234	0.150241	
-0.559721	0.827166	0.0500948	-0.492119	0.828497	0.5573	0.0548489	-0.261824	0.0174513	0.0722035	-0.997237	0.150267	
-0.559509	0.827319	0.049925	-0.491922	0.828637	0.557087	0.054901	-0.2615	0.017608	0.0720873	-0.997243	0.15028	
-0.559296	0.827478	0.0496745	-0.491744	0.828778	0.556878	0.0549043	-0.261185	0.0177694	0.0718769	-0.997255	0.150292	
-0.559087	0.827639	0.0493602	-0.491581	0.828915	0.556677	0.0548613	-0.260887	0.0179277	0.0715876	-0.997273	0.150332	
-0.558883	0.827798	0.0489969	-0.491429	0.829049	0.556485	0.0547831	-0.260599	0.0180833	0.0712381	-0.997295	0.150372	
-0.558674	0.82796	0.0486318	-0.491268	0.829187	0.556289	0.0546985	-0.260302	0.0182348	0.0708835	-0.997318	0.150404	
-0.558472	0.828124	0.0481772	-0.49113	0.82932	0.556104	0.0545593	-0.260025	0.0183903	0.0704241	-0.997348	0.15044	
-0.558275	0.828282	0.0477283	-0.490986	0.829449	0.555926	0.0544142	-0.259751	0.0185369	0.0699663	-0.997377	0.150471	
-0.558091	0.82843	0.0473074	-0.490822	0.82957	0.555758	0.0542864	-0.259472	0.018681	0.0695415	-0.997404	0.150488	
-0.557896	0.828595	0.0467205	-0.490713	0.829697	0.55559	0.054063	-0.259222	0.0188389	0.0689253	-0.997444	0.150531	
-0.557706	0.828753	0.046191	-0.49058	0.829822	0.555423	0.0538675	-0.258957	0.0189873	0.0683725	-0.997479	0.15055	
-0.557521	0.828905	0.0456686	-0.490439	0.829942	0.555262	0.0536693	-0.258697	0.0191288	0.0678241	-0.997514	0.150557	
-0.557328	0.829073	0.0449799	-0.490354	0.830068	0.555101	0.0533784	-0.258461	0.0192862	0.0670856	-0.997561	0.150596	
-0.557128	0.829242	0.0443421	-0.49025	0.830199	0.554931	0.0531237	-0.258207	0.0194456	0.0664095	-0.997603	0.150626	
-0.556934	0.829403	0.0437708	-0.490118	0.830326	0.554762	0.0528954	-0.257945	0.0195892	0.0658032	-0.99764	0.150624	
-0.556746	0.829562	0.0431456	-0.490002	0.830449	0.554603	0.0526364	-0.257696	0.0197364	0.0651353	-0.997681	0.150637	
-0.556563	0.829717	0.0425156	-0.489888	0.830568	0.554449	0.0523749	-0.257451	0.0198836	0.064462	-0.997722	0.150648	
-0.556376	0.829877	0.0418244	-0.489788	0.830689	0.554296	0.0520717	-0.257215	0.02003	0.0637145	-0.997767	0.150657	
-0.556197	0.830031	0.0411405	-0.489684	0.830805	0.55415	0.0517731	-0.256982	0.0201753	0.0629758	-0.997811	0.150663	
-0.556021	0.830184	0.0404453	-0.489575	0.83092	0.554007	0.0514645	-0.256751	0.0203181	0.0622222	-0.997855	0.15066	
-0.555838	0.830341	0.0397149	-0.489476	0.831039	0.553859	0.0511387	-0.256518	0.0204661	0.0614294	-0.997902	0.150657	
-0.555655	0.830497	0.039006	-0.489366	0.831157	0.55371	0.0508249	-0.256278	0.020612	0.0606612	-0.997946	0.150644	
-0.55547	0.830658	0.0382139	-0.489271	0.831278	0.553562	0.0504595	-0.256047	0.0207609	0.0597951	-0.997995	0.150645	
-0.555283	0.830819	0.0374224	-0.489181	0.831398	0.553413	0.0501044	-0.255816	0.0209176	0.058935	-0.998043	0.15066	
-0.555105	0.830977	0.0365568	-0.489099	0.831514	0.553277	0.0496991	-0.255597	0.0210728	0.0579856	-0.998095	0.150661	
-0.55492	0.831137	0.0357058	-0.489015	0.831633	0.553133	0.0493023	-0.255376	0.0212269	0.0570529	-0.998145	0.150669	
-0.554746	0.831294	0.034742	-0.488957	0.831745	0.553005	0.048845	-0.255174	0.0213921	0.0559931	-0.998202	0.150703	
-0.554574	0.831449	0.0337666	-0.4889	0.831856	0.55288	0.0483709	-0.254978	0.0215491	0.0549141	-0.998259	0.15074	
-0.554409	0.831593	0.0329108	-0.488795	0.831961	0.552756	0.047972	-0.254757	0.0217015	0.0539767	-0.998306	0.150755	
-0.554248	0.831737	0.0319692	-0.488715	0.832065	0.55264	0.047508	-0.254557	0.0218467	0.0529317	-0.998359	0.150772	
-0.554089	0.83188	0.0309861	-0.488646	0.832166	0.552528	0.0470356	-0.254363	0.0220073	0.0518475	-0.998412	0.150819	
-0.553936	0.83202	0.0299606	-0.488582	0.832264	0.552423	0.0465262	-0.254178	0.0221598	0.0507077	-0.998468	0.150847	
-0.553792	0.832149	0.0290177	-0.488489	0.832356	0.552324	0.046063	-0.253978	0.0223041	0.0496624	-0.998517	0.150845	
-0.553647	0.83228	0.0280391	-0.488398	0.832449	0.552225	0.0455637	-0.253788	0.0224379	0.0485673	-0.998568	0.150838	
-0.553519	0.832397	0.0270578	-0.488308	0.832531	0.552143	0.0450485	-0.253612	0.0225585	0.0474617	-0.998618	0.150822	
-0.553398	0.832506	0.0261402	-0.488185	0.832608	0.552066	0.044575	-0.25342	0.0226778	0.0464322	-0.998664	0.150792	
-0.553276	0.832619	0.0251189	-0.488097	0.832686	0.551992	0.0440303	-0.253253	0.0227951	0.0452771	-0.998714	0.150769	
-0.553162	0.832723	0.0241825	-0.48798	0.832759	0.551921	0.043543	-0.253069	0.0229124	0.0442245	-0.998759	0.150732	
-0.553045	0.832829	0.0231814	-0.487879	0.832833	0.55185	0.0430123	-0.252898	0.0230292	0.0430939	-0.998806	0.150693	
-0.552933	0.832929	0.0222356	-0.487762	0.832904	0.551782	0.0425157	-0.252719	0.0231434	0.0420284	-0.998848	0.15066	
-0.552822	0.833026	0.021346	-0.48762	0.832975	0.551711	0.042048	-0.252528	0.0232502	0.0410258	-0.998888	0.150598	
-0.552718	0.833118	0.0204456	-0.487485	0.833041	0.551647	0.0415644	-0.25235	0.0233493	0.0400055	-0.998927	0.150545	
-0.55262	0.833205	0.0195175	-0.487355	0.833103	0.551591	0.0410775	-0.252176	0.0234603	0.0389603	-0.998965	0.150499	
-0.552524	0.833291	0.0185436	-0.487238	0.833164	0.551537	0.0405577	-0.252015	0.0235689	0.0378589	-0.999005	0.150477	
-0.552437	0.833367	0.0176884	-0.487081	0.833219	0.551487	0.0401093	-0.251833	0.0236709	0.0368962	-0.999039	0.150416	
-0.552354	0.833441	0.0167759	-0.486934	0.83327	0.551444	0.0396172	-0.251666	0.0237676	0.0358616	-0.999074	0.150376	
-0.552286	0.833501	0.0160192	-0.486738	0.833314	0.551408	0.0392158	-0.251477	0.0238533	0.0350074	-0.999102	0.150305	
-0.552219	0.833563	0.0150851	-0.486588	0.833355	0.55138	0.0387212	-0.251315	0.0239589	0.0339538	-0.999136	0.150275	
