-0.689547	0.723559	-0.0314354	-0.534467	0.722614	0.690257	0.0370682	-0.369261	0.0485196	0.00284459	-0.998818	0.146511	
-0.689511	0.723592	-0.0314387	-0.534486	0.722648	0.690222	0.0370756	-0.369234	0.0485273	0.00284491	-0.998818	0.146512	
-0.68946	0.723642	-0.031434	-0.534508	0.722696	0.69017	0.0371017	-0.369194	0.0485431	0.00286295	-0.998817	0.146507	
-0.689296	0.723799	-0.0314099	-0.534577	0.722845	0.690005	0.037273	-0.36903	0.0486512	0.00298764	-0.998811	0.146459	
-0.689159	0.723929	-0.0314275	-0.534643	0.722969	0.689868	0.0373751	-0.368907	0.0487377	0.00303628	-0.998807	0.146446	
-0.68905	0.724033	-0.0314088	-0.534685	0.723068	0.689758	0.037499	-0.36879	0.0488149	0.00312797	-0.998803	0.146417	
-0.688904	0.724173	-0.0313785	-0.534735	0.7232	0.68961	0.0376677	-0.368635	0.0489169	0.00325647	-0.998798	0.146377	
-0.688757	0.724314	-0.0313555	-0.534787	0.723332	0.689461	0.0378744	-0.368466	0.0490513	0.00340579	-0.99879	0.146332	
-0.688618	0.724447	-0.03133	-0.534834	0.723453	0.689321	0.0381034	-0.368291	0.0492003	0.00357296	-0.998783	0.146281	
-0.688486	0.724573	-0.0313044	-0.534879	0.723568	0.689187	0.0383486	-0.368108	0.049361	0.00375163	-0.998774	0.146228	
-0.688349	0.724705	-0.0312847	-0.534929	0.723686	0.689048	0.0386075	-0.367912	0.0495357	0.00393505	-0.998765	0.146178	
-0.688187	0.724859	-0.0312647	-0.534989	0.723828	0.688884	0.0388742	-0.367696	0.0497161	0.00412244	-0.998755	0.146127	
-0.687997	0.725041	-0.0312396	-0.535058	0.723996	0.688692	0.0391581	-0.367457	0.0499057	0.00432331	-0.998745	0.146073	
-0.687783	0.725245	-0.031211	-0.535138	0.724185	0.688476	0.0394528	-0.3672	0.0501009	0.00453243	-0.998734	0.146015	
-0.687563	0.725455	-0.0311752	-0.535218	0.72438	0.688253	0.0397567	-0.366937	0.0502981	0.00475257	-0.998723	0.145952	
-0.687343	0.725666	-0.0311278	-0.535296	0.724576	0.68803	0.0400666	-0.366672	0.0504918	0.00498506	-0.998712	0.14588	
-0.687133	0.725867	-0.0310778	-0.535371	0.724761	0.687816	0.0403764	-0.366412	0.0506837	0.00521998	-0.998701	0.145807	
-0.686912	0.726079	-0.0310153	-0.535447	0.724958	0.68759	0.0406927	-0.366141	0.050872	0.00546749	-0.99869	0.145728	
-0.686668	0.726312	-0.0309526	-0.535533	0.725175	0.687342	0.041021	-0.36585	0.051069	0.00572176	-0.998679	0.145648	
-0.686412	0.726557	-0.0308825	-0.535621	0.725404	0.687081	0.0413466	-0.365552	0.0512595	0.00597855	-0.998667	0.145567	
-0.686141	0.726816	-0.0308036	-0.535713	0.725648	0.686804	0.0416603	-0.36525	0.0514354	0.00623223	-0.998657	0.145487	
-0.685853	0.727092	-0.0307145	-0.535808	0.725909	0.68651	0.0419644	-0.364941	0.0515978	0.00648547	-0.998647	0.145407	
-0.685559	0.727373	-0.0306176	-0.535901	0.726175	0.686209	0.0422664	-0.364631	0.0517535	0.0067423	-0.998637	0.145325	
-0.685242	0.727675	-0.030524	-0.536006	0.726463	0.685886	0.0425635	-0.364309	0.0519083	0.00699175	-0.998627	0.145246	
-0.684915	0.727988	-0.0304286	-0.536117	0.726761	0.685552	0.0428645	-0.363978	0.0520652	0.00724421	-0.998617	0.145165	
-0.684576	0.728311	-0.0303118	-0.536227	0.727069	0.685206	0.0431723	-0.363636	0.0522127	0.00751597	-0.998608	0.145074	
-0.684232	0.728639	-0.030191	-0.536337	0.727382	0.684854	0.0434817	-0.363288	0.0523589	0.00779121	-0.998598	0.144984	
-0.683874	0.72898	-0.030073	-0.536455	0.727708	0.684487	0.0437974	-0.362928	0.052512	0.00806754	-0.998588	0.144894	
-0.683501	0.729334	-0.0299516	-0.536578	0.728047	0.684106	0.0441174	-0.362556	0.0526664	0.00834815	-0.998577	0.144803	
-0.683124	0.729693	-0.0298323	-0.536704	0.72839	0.68372	0.0444322	-0.362181	0.0528188	0.00862313	-0.998567	0.144714	
-0.682731	0.730066	-0.0297102	-0.536837	0.728748	0.683319	0.0447383	-0.361799	0.0529634	0.00889296	-0.998557	0.144628	
-0.682333	0.730443	-0.0295926	-0.536975	0.729111	0.682913	0.0450336	-0.361417	0.0531037	0.0091516	-0.998547	0.144545	
-0.68194	0.730814	-0.0294817	-0.537112	0.729468	0.682512	0.0453172	-0.361043	0.0532401	0.00939764	-0.998538	0.144467	
-0.681543	0.731188	-0.0293922	-0.537258	0.729829	0.682108	0.0455835	-0.360673	0.0533788	0.00961583	-0.998528	0.144402	
-0.681145	0.731562	-0.0293164	-0.537408	0.73019	0.681705	0.045838	-0.360306	0.0535184	0.00981581	-0.998519	0.144345	
-0.680734	0.731947	-0.0292509	-0.537568	0.730563	0.681288	0.0460819	-0.359932	0.0536578	0.00999984	-0.998509	0.144297	
-0.680323	0.732331	-0.0291907	-0.537728	0.730936	0.680873	0.046318	-0.359561	0.0537952	0.0101747	-0.9985	0.144254	
-0.679911	0.732716	-0.0291241	-0.537886	0.73131	0.680455	0.046548	-0.359191	0.0539241	0.0103498	-0.998491	0.14421	
-0.679498	0.733102	-0.0290623	-0.538046	0.731683	0.680038	0.0467776	-0.358821	0.0540562	0.0105209	-0.998482	0.144168	
-0.679087	0.733485	-0.0289846	-0.5382	0.732055	0.679621	0.0470096	-0.358453	0.0541794	0.0107053	-0.998474	0.144118	
-0.678664	0.73388	-0.0289049	-0.538359	0.732439	0.679192	0.0472371	-0.358079	0.0542984	0.010887	-0.998465	0.144069	
-0.678257	0.734259	-0.0288226	-0.538508	0.732807	0.678779	0.0474608	-0.357718	0.0544127	0.0110692	-0.998457	0.14402	
-0.677843	0.734645	-0.0287373	-0.538657	0.733182	0.678358	0.0476856	-0.357353	0.0545262	0.0112536	-0.998449	0.143971	
-0.677406	0.73505	-0.0286793	-0.538825	0.733575	0.677916	0.047935	-0.356963	0.0546768	0.011433	-0.998439	0.143928	
-0.676967	0.735456	-0.028625	-0.538994	0.733968	0.677473	0.0481855	-0.356571	0.0548309	0.0116102	-0.998428	0.143887	
-0.676525	0.735865	-0.0285718	-0.539165	0.734365	0.677026	0.0484248	-0.356179	0.054978	0.0117785	-0.998418	0.143851	
-0.6761	0.736258	-0.0285206	-0.539329	0.734745	0.676596	0.0486529	-0.355804	0.055118	0.0119388	-0.998408	0.143816	
-0.675666	0.736658	-0.0284688	-0.539497	0.735134	0.676158	0.0488708	-0.355429	0.0552505	0.012092	-0.998399	0.143782	
-0.675227	0.737062	-0.028423	-0.539671	0.735527	0.675714	0.0491007	-0.355046	0.0553961	0.0122482	-0.998389	0.143746	
-0.674775	0.737478	-0.0283778	-0.539851	0.735931	0.675258	0.0493165	-0.354661	0.0555321	0.0123934	-0.99838	0.143714	
-0.674323	0.737892	-0.0283353	-0.54003	0.736336	0.674802	0.0495148	-0.354286	0.0556573	0.0125247	-0.998371	0.143688	
-0.673875	0.738303	-0.0283031	-0.540209	0.736737	0.674351	0.0496936	-0.35392	0.0557751	0.0126354	-0.998363	0.14367	
-0.673407	0.738731	-0.0282824	-0.540401	0.737156	0.67388	0.0498668	-0.353545	0.0558971	0.0127322	-0.998355	0.143657	
-0.672918	0.739176	-0.0282799	-0.540609	0.737592	0.67339	0.0500497	-0.353154	0.056039	0.0128203	-0.998346	0.143649	
-0.672432	0.739618	-0.0282836	-0.540817	0.738024	0.672903	0.0502137	-0.352772	0.0561711	0.0128914	-0.998338	0.143647	
-0.671966	0.740042	-0.0282819	-0.541016	0.73844	0.672436	0.0503615	-0.352409	0.0562874	0.0129567	-0.998331	0.143645	
-0.671486	0.740477	-0.0282938	-0.541226	0.738867	0.671956	0.0505007	-0.352042	0.0564068	0.0130051	-0.998323	0.143649	
-0.670993	0.740923	-0.0283056	-0.541443	0.739305	0.671463	0.050653	-0.351662	0.0565361	0.0130613	-0.998315	0.143649	
-0.670502	0.741367	-0.0283165	-0.541658	0.739741	0.670972	0.0507956	-0.351289	0.0566578	0.0131117	-0.998308	0.143651	
-0.670002	0.741819	-0.0283311	-0.541877	0.740185	0.670471	0.050937	-0.350912	0.0567812	0.0131577	-0.9983	0.143654	
-0.669491	0.742279	-0.0283507	-0.542103	0.740636	0.669961	0.0510971	-0.350521	0.0569222	0.0132115	-0.998291	0.143654	
-0.668953	0.742763	-0.0283763	-0.542342	0.741111	0.669423	0.0512626	-0.350112	0.0570717	0.0132623	-0.998282	0.143657	
-0.668419	0.743242	-0.0284132	-0.542584	0.74158	0.66889	0.0514325	-0.349703	0.0572321	0.0133078	-0.998272	0.143662	
-0.66789	0.743716	-0.0284529	-0.542824	0.742045	0.668363	0.0515868	-0.349304	0.0573828	0.013341	-0.998263	0.143672	
-0.667365	0.744185	-0.0285001	-0.543065	0.742505	0.667839	0.051738	-0.348907	0.0575362	0.0133667	-0.998254	0.143685	
-0.666832	0.744661	-0.0285586	-0.543315	0.742972	0.667309	0.0518844	-0.34851	0.0576937	0.0133799	-0.998245	0.143701	
-0.666301	0.745134	-0.0286163	-0.543563	0.743437	0.66678	0.0520168	-0.34812	0.0578403	0.0133845	-0.998236	0.143719	
-0.665772	0.745605	-0.0286617	-0.543804	0.7439	0.666254	0.0521315	-0.347741	0.0579654	0.0133862	-0.998229	0.143736	
-0.665232	0.746084	-0.02871	-0.544051	0.744374	0.665717	0.0522299	-0.347361	0.0580806	0.013374	-0.998222	0.143759	
-0.66469	0.746566	-0.0287518	-0.544297	0.74485	0.665177	0.0523167	-0.346983	0.0581829	0.0133586	-0.998217	0.143782	
-0.66414	0.747053	-0.0287933	-0.544544	0.745333	0.66463	0.0523906	-0.346606	0.0582755	0.0133341	-0.998212	0.143808	
-0.663584	0.747546	-0.028836	-0.544792	0.745822	0.664077	0.0524576	-0.346229	0.0583638	0.0133035	-0.998207	0.143839	
-0.663027	0.748039	-0.0288703	-0.545039	0.746311	0.663522	0.0525232	-0.345851	0.0584455	0.0132781	-0.998202	0.143866	
-0.662473	0.748528	-0.0289	-0.545283	0.746797	0.66297	0.0525861	-0.345476	0.058522	0.0132544	-0.998198	0.143892	
-0.66193	0.749008	-0.0289214	-0.545518	0.747272	0.662429	0.0526465	-0.34511	0.058591	0.0132361	-0.998194	0.143914	
-0.661384	0.749489	-0.0289518	-0.545759	0.747749	0.661885	0.0527154	-0.344737	0.0586723	0.0132164	-0.99819	0.143938	
-0.660829	0.749976	-0.028984	-0.546005	0.748232	0.661333	0.052797	-0.344353	0.0587645	0.0132031	-0.998185	0.143958	
-0.660285	0.750454	-0.0290204	-0.546248	0.748705	0.660791	0.0528824	-0.343973	0.0588622	0.0131898	-0.998179	0.143979	
-0.659741	0.750931	-0.0290546	-0.54649	0.749177	0.660249	0.0529649	-0.343595	0.0589562	0.0131761	-0.998174	0.144001	
-0.6592	0.751405	-0.0290898	-0.546731	0.749646	0.65971	0.0530434	-0.343218	0.0590479	0.0131592	-0.998168	0.144024	
-0.658657	0.751879	-0.0291194	-0.546971	0.750116	0.65917	0.0531209	-0.342842	0.0591352	0.0131456	-0.998163	0.144044	
-0.658123	0.752346	-0.0291465	-0.547203	0.750578	0.658638	0.0531895	-0.342477	0.0592139	0.0131286	-0.998159	0.144067	
-0.657585	0.752816	-0.029161	-0.547433	0.751044	0.658101	0.0532617	-0.342108	0.0592871	0.0131229	-0.998155	0.144083	
-0.657043	0.753289	-0.0291728	-0.547664	0.751512	0.657559	0.0533411	-0.341733	0.0593641	0.0131237	-0.99815	0.144098	
-0.656486	0.753774	-0.0291752	-0.547897	0.751993	0.657003	0.053419	-0.341349	0.0594341	0.0131293	-0.998146	0.144109	
-0.655934	0.754254	-0.0291705	-0.548123	0.75247	0.656451	0.0534886	-0.340973	0.059493	0.013135	-0.998142	0.144122	
-0.65537	0.754746	-0.0291506	-0.548349	0.752958	0.655886	0.0535536	-0.340591	0.0595388	0.0131483	-0.998139	0.144129	
-0.654799	0.755242	-0.0291258	-0.548574	0.753451	0.655315	0.0536112	-0.340208	0.059576	0.0131596	-0.998137	0.144139	
-0.654234	0.755733	-0.0290852	-0.54879	0.753941	0.654748	0.0536559	-0.339834	0.059593	0.013175	-0.998136	0.144146	
-0.653677	0.756216	-0.0290341	-0.548995	0.754424	0.654189	0.0536871	-0.339472	0.0595928	0.01319	-0.998136	0.144154	
-0.653105	0.756712	-0.0289796	-0.549206	0.754919	0.653614	0.0537232	-0.339098	0.0595945	0.0132096	-0.998135	0.144159	
-0.652526	0.757214	-0.0289172	-0.549418	0.755419	0.653032	0.0537714	-0.338714	0.0596003	0.0132426	-0.998134	0.14416	
-0.651937	0.757724	-0.0288416	-0.549628	0.755928	0.65244	0.0538122	-0.338328	0.0595922	0.01328	-0.998134	0.144157	
-0.651338	0.758242	-0.028773	-0.549845	0.756443	0.651838	0.0538671	-0.337929	0.0595996	0.0133206	-0.998133	0.144153	
-0.65072	0.758775	-0.0286961	-0.550069	0.756975	0.651215	0.053927	-0.337517	0.0596058	0.0133691	-0.998132	0.144145	
-0.650114	0.759298	-0.0286006	-0.550279	0.757497	0.650604	0.0539677	-0.33712	0.0595852	0.0134203	-0.998133	0.144134	
-0.649509	0.75982	-0.0284979	-0.550485	0.758019	0.649994	0.0539941	-0.336733	0.0595492	0.0134677	-0.998134	0.144122	
-0.648876	0.760365	-0.0283842	-0.550698	0.758564	0.649356	0.0540199	-0.336331	0.0595063	0.013521	-0.998136	0.144107	
-0.648224	0.760925	-0.0282621	-0.550915	0.759124	0.648698	0.0540522	-0.335915	0.0594632	0.0135836	-0.998138	0.144088	
-0.64758	0.761478	-0.0281434	-0.551133	0.759677	0.648047	0.054087	-0.3355	0.0594243	0.0136458	-0.99814	0.144068	
-0.646939	0.762027	-0.0280327	-0.551353	0.760225	0.647401	0.0541335	-0.335079	0.0593996	0.0137098	-0.99814	0.144049	
-0.646312	0.762562	-0.0279198	-0.551569	0.760759	0.646768	0.0541906	-0.334661	0.0593813	0.0137838	-0.99814	0.144025	
-0.645702	0.763083	-0.0278062	-0.551777	0.761279	0.646152	0.0542412	-0.334256	0.0593575	0.0138554	-0.998141	0.144001	
-0.645098	0.763598	-0.0276912	-0.551983	0.761793	0.645542	0.0542922	-0.333853	0.0593333	0.0139288	-0.998141	0.143976	
-0.64449	0.764115	-0.0275739	-0.552188	0.76231	0.644928	0.0543282	-0.333453	0.0592962	0.0139941	-0.998142	0.143955	
-0.643885	0.76463	-0.0274485	-0.55239	0.762825	0.644317	0.0543491	-0.333061	0.0592425	0.0140562	-0.998145	0.143933	
-0.643271	0.765151	-0.0273064	-0.552587	0.763349	0.643696	0.0543511	-0.332673	0.0591638	0.0141182	-0.998148	0.143909	
-0.642635	0.765691	-0.0271598	-0.552791	0.763891	0.643053	0.0543503	-0.332275	0.0590807	0.0141802	-0.998152	0.143885	
-0.642	0.766229	-0.027	-0.552987	0.764433	0.64241	0.054335	-0.331885	0.0589781	0.0142434	-0.998158	0.143859	
-0.641368	0.766764	-0.0268276	-0.553176	0.764973	0.641769	0.0542981	-0.331508	0.058851	0.0143027	-0.998164	0.143833	
-0.640728	0.767306	-0.0266511	-0.553366	0.765519	0.641121	0.0542582	-0.331127	0.0587192	0.0143627	-0.998171	0.143807	
-0.640093	0.767841	-0.0264683	-0.55355	0.766061	0.640478	0.0542068	-0.330754	0.0585746	0.014421	-0.998179	0.143781	
-0.639462	0.768373	-0.0262904	-0.553734	0.766599	0.639839	0.0541544	-0.330383	0.0584324	0.0144755	-0.998186	0.143758	
-0.638833	0.768902	-0.0261204	-0.553921	0.767133	0.639202	0.0541096	-0.330008	0.0583012	0.0145292	-0.998193	0.143735	
-0.638227	0.769411	-0.0259383	-0.554094	0.767649	0.638587	0.0540523	-0.329651	0.0581524	0.0145862	-0.998201	0.14371	
-0.637632	0.76991	-0.0257498	-0.55426	0.768156	0.637984	0.0539726	-0.329308	0.057982	0.0146349	-0.99821	0.143688	
-0.637017	0.770426	-0.0255629	-0.554435	0.768679	0.63736	0.0539015	-0.328951	0.0578199	0.0146865	-0.998219	0.143664	
-0.636384	0.770955	-0.0253727	-0.554615	0.769215	0.63672	0.0538203	-0.328587	0.0576483	0.0147333	-0.998228	0.143641	
-0.635749	0.771486	-0.0251712	-0.55479	0.769755	0.636075	0.0537159	-0.328232	0.0574519	0.0147742	-0.998239	0.143621	
-0.635092	0.772033	-0.0249602	-0.554967	0.770313	0.63541	0.0535935	-0.327873	0.0572359	0.0148096	-0.998251	0.143601	
-0.634416	0.772596	-0.0247391	-0.555146	0.770887	0.634725	0.0534526	-0.327514	0.0569998	0.0148401	-0.998264	0.143583	
-0.633745	0.773153	-0.024507	-0.555317	0.771458	0.634045	0.0532933	-0.327168	0.0567424	0.0148683	-0.998278	0.143563	
-0.633072	0.773712	-0.0242802	-0.55549	0.772029	0.633363	0.0531349	-0.326821	0.0564893	0.0148932	-0.998292	0.143545	
-0.632393	0.774273	-0.0240711	-0.555675	0.772601	0.632676	0.0529974	-0.326457	0.0562637	0.0149178	-0.998304	0.143529	
-0.631734	0.774817	-0.0238798	-0.555861	0.773155	0.632009	0.0528788	-0.326093	0.0560636	0.0149426	-0.998315	0.143514	
-0.63109	0.775348	-0.0236972	-0.556046	0.773695	0.631357	0.0527638	-0.325733	0.0558717	0.0149643	-0.998326	0.1435	
-0.630447	0.775875	-0.0235414	-0.556241	0.77423	0.630709	0.0526669	-0.325364	0.0557107	0.0149772	-0.998335	0.143493	
-0.629815	0.776393	-0.023394	-0.556435	0.774756	0.630071	0.0525809	-0.324996	0.0555633	0.0149916	-0.998343	0.143486	
-0.629181	0.77691	-0.0232612	-0.556634	0.77528	0.629432	0.0525013	-0.324627	0.0554302	0.0149989	-0.99835	0.143482	
-0.628529	0.777442	-0.0231378	-0.556843	0.775816	0.628776	0.052442	-0.324237	0.0553191	0.0150107	-0.998356	0.143479	
-0.627876	0.777973	-0.0230064	-0.557047	0.776354	0.628118	0.0523683	-0.323855	0.0551919	0.0150197	-0.998363	0.143476	
-0.627212	0.778512	-0.0228771	-0.557255	0.7769	0.627449	0.0522881	-0.32347	0.0550611	0.0150225	-0.99837	0.143475	
-0.626539	0.779058	-0.0227406	-0.557464	0.777453	0.626771	0.0522055	-0.323083	0.0549243	0.015029	-0.998377	0.143472	
-0.625873	0.779597	-0.0226016	-0.557667	0.777999	0.626101	0.0521128	-0.322705	0.0547779	0.015032	-0.998385	0.14347	
-0.625224	0.780122	-0.0224706	-0.557866	0.77853	0.625447	0.0520336	-0.322331	0.0546467	0.0150386	-0.998393	0.143468	
-0.62458	0.780641	-0.022349	-0.558066	0.779055	0.624799	0.0519592	-0.321955	0.0545251	0.0150417	-0.998399	0.143469	
-0.623943	0.781153	-0.0222412	-0.558269	0.779573	0.624158	0.0518831	-0.321582	0.0544107	0.0150334	-0.998405	0.143476	
-0.623304	0.781666	-0.022144	-0.558474	0.780092	0.623517	0.0518063	-0.321207	0.0543024	0.0150168	-0.998412	0.143489	
-0.622652	0.782188	-0.0220499	-0.558685	0.78062	0.622862	0.0517267	-0.320825	0.054194	0.0149951	-0.998418	0.143505	
-0.622005	0.782706	-0.0219578	-0.558894	0.781143	0.622212	0.0516503	-0.320447	0.0540894	0.0149745	-0.998424	0.14352	
-0.621369	0.783213	-0.0218594	-0.559095	0.781657	0.621573	0.0515635	-0.32008	0.0539725	0.0149534	-0.99843	0.143534	
-0.620727	0.783724	-0.0217644	-0.5593	0.782174	0.620929	0.0514876	-0.319707	0.0538662	0.0149363	-0.998436	0.143546	
-0.620097	0.784226	-0.0216741	-0.559502	0.78268	0.620296	0.051427	-0.319333	0.0537748	0.0149258	-0.998442	0.143557	
-0.619465	0.784728	-0.0215791	-0.559703	0.783187	0.619661	0.0513661	-0.318959	0.0536801	0.014919	-0.998447	0.143566	
-0.61884	0.785224	-0.0214862	-0.5599	0.783687	0.619033	0.0513062	-0.318588	0.0535875	0.0149118	-0.998452	0.143576	
-0.618217	0.785716	-0.0213978	-0.560095	0.784185	0.618408	0.0512367	-0.318222	0.0534901	0.0148955	-0.998457	0.143593	
-0.617603	0.786202	-0.0213018	-0.560283	0.784676	0.61779	0.0511732	-0.317861	0.0533925	0.0148897	-0.998463	0.143605	
-0.616979	0.786693	-0.0212176	-0.560476	0.785171	0.617165	0.0511279	-0.317486	0.0533167	0.0148854	-0.998467	0.143621	
-0.616354	0.787185	-0.0211371	-0.560673	0.785666	0.616536	0.051105	-0.317098	0.0532609	0.0148921	-0.99847	0.143633	
-0.615748	0.787661	-0.0210683	-0.560866	0.786143	0.615929	0.0510965	-0.316714	0.0532233	0.0148999	-0.998471	0.143647	
-0.615151	0.78813	-0.0210034	-0.561059	0.786613	0.615328	0.0510943	-0.316329	0.0531929	0.0149091	-0.998473	0.143662	
-0.614553	0.788597	-0.0209424	-0.561253	0.787081	0.614729	0.0511022	-0.31594	0.053173	0.0149217	-0.998474	0.143675	
-0.613965	0.789057	-0.0208829	-0.561444	0.78754	0.614139	0.0511317	-0.31555	0.0531708	0.014947	-0.998474	0.143683	
-0.61338	0.789513	-0.0208258	-0.561635	0.787995	0.613551	0.0511749	-0.315157	0.053181	0.014979	-0.998473	0.143689	
-0.612791	0.789972	-0.0207757	-0.561829	0.788452	0.612959	0.0512345	-0.314753	0.0532085	0.0150154	-0.998471	0.143695	
-0.612199	0.790432	-0.0207308	-0.562026	0.788909	0.612365	0.0513027	-0.314342	0.0532461	0.0150527	-0.998468	0.143703	
-0.611601	0.790896	-0.0206958	-0.562227	0.789369	0.611765	0.0513816	-0.313923	0.0532984	0.0150884	-0.998465	0.143713	
-0.610981	0.791375	-0.0206698	-0.562437	0.789845	0.611143	0.0514707	-0.313489	0.0533649	0.0151217	-0.998461	0.143726	
-0.610358	0.791857	-0.0206196	-0.562639	0.790322	0.610517	0.0515699	-0.313048	0.0534246	0.01518	-0.998456	0.14373	
-0.609747	0.79233	-0.0205564	-0.562828	0.79079	0.609903	0.0516739	-0.312613	0.0534802	0.0152522	-0.998452	0.14373	
-0.609135	0.792801	-0.0204923	-0.563015	0.791257	0.609287	0.0517864	-0.312175	0.0535421	0.0153303	-0.998448	0.14373	
-0.608516	0.793279	-0.0204169	-0.5632	0.791728	0.608663	0.0519182	-0.311721	0.0536126	0.0154285	-0.998443	0.143724	
-0.607904	0.79375	-0.0203442	-0.563384	0.792193	0.608046	0.0520677	-0.311261	0.0536989	0.0155356	-0.998436	0.143716	
-0.607271	0.794236	-0.0202787	-0.563575	0.792671	0.607408	0.0522196	-0.31079	0.0537921	0.0156371	-0.99843	0.143713	
-0.606627	0.79473	-0.0201887	-0.563759	0.793158	0.606759	0.0523806	-0.310309	0.0538781	0.0157627	-0.998423	0.1437	
-0.606003	0.79521	-0.0200527	-0.563918	0.793632	0.606126	0.0525394	-0.309842	0.0539343	0.0159245	-0.998417	0.143672	
-0.605389	0.795681	-0.0198984	-0.564062	0.794098	0.605501	0.0526945	-0.309382	0.0539766	0.0160994	-0.998412	0.143641	
-0.604761	0.796162	-0.0197332	-0.564202	0.794573	0.604864	0.052849	-0.308915	0.0540123	0.0162816	-0.998408	0.14361	
-0.604136	0.796642	-0.0195391	-0.564329	0.795047	0.604227	0.0530129	-0.308444	0.0540383	0.0164925	-0.998403	0.143571	
-0.603519	0.797114	-0.019342	-0.564449	0.795514	0.603598	0.0531744	-0.307977	0.0540609	0.016705	-0.998398	0.143533	
-0.602901	0.797586	-0.0191613	-0.564574	0.79598	0.602969	0.0533253	-0.307512	0.0540851	0.0168979	-0.998393	0.143505	
-0.602289	0.798053	-0.0189607	-0.564688	0.796443	0.602344	0.053477	-0.307048	0.0540984	0.0171075	-0.998389	0.143472	
-0.601684	0.798515	-0.0187208	-0.564783	0.796901	0.601725	0.0536319	-0.306589	0.0540906	0.0173509	-0.998385	0.143425	
-0.601087	0.79897	-0.0184721	-0.564869	0.797351	0.601113	0.0538006	-0.306126	0.0540888	0.0176101	-0.998381	0.143375	
-0.600487	0.799427	-0.0182243	-0.564957	0.797803	0.600497	0.0539723	-0.305657	0.0540905	0.0178703	-0.998376	0.143326	
-0.599904	0.79987	-0.0179814	-0.565039	0.798242	0.599899	0.0541316	-0.305202	0.0540853	0.0181202	-0.998372	0.143283	
-0.599321	0.800313	-0.0176884	-0.5651	0.798682	0.599299	0.0542937	-0.304746	0.0540527	0.0184119	-0.998368	0.143223	
-0.59875	0.800748	-0.0173698	-0.565147	0.799113	0.598709	0.0544605	-0.304293	0.0540086	0.0187278	-0.998365	0.143153	
-0.598183	0.801178	-0.0170477	-0.565187	0.799542	0.598123	0.0546	-0.303853	0.053941	0.0190304	-0.998363	0.143093	
-0.597619	0.801606	-0.0167035	-0.565211	0.799969	0.597539	0.0547304	-0.30342	0.0538532	0.0193456	-0.998361	0.14303	
-0.597041	0.802044	-0.0163324	-0.565226	0.800408	0.59694	0.0548661	-0.302975	0.0537545	0.0196848	-0.99836	0.142962	
-0.596456	0.802488	-0.0159365	-0.565231	0.800852	0.596332	0.0549926	-0.302525	0.0536344	0.0200378	-0.99836	0.142892	
-0.595876	0.802926	-0.0155425	-0.56523	0.801293	0.595731	0.0550822	-0.302093	0.0534861	0.0203681	-0.998361	0.142833	
-0.595286	0.803372	-0.0151174	-0.56522	0.801743	0.595117	0.0551667	-0.301657	0.053316	0.0207197	-0.998363	0.142766	
-0.594674	0.803833	-0.0146576	-0.565203	0.802209	0.594481	0.0552615	-0.301206	0.0531347	0.0211041	-0.998364	0.142685	
-0.594058	0.804297	-0.0142016	-0.565186	0.802677	0.59384	0.0553478	-0.300754	0.0529495	0.0214805	-0.998366	0.14261	
-0.59346	0.804746	-0.0137343	-0.565155	0.803133	0.593216	0.0554268	-0.300316	0.0527519	0.0218631	-0.998368	0.142534	
-0.592868	0.805191	-0.0132466	-0.565113	0.803583	0.592598	0.0555138	-0.299875	0.0525491	0.0222676	-0.99837	0.142453	
-0.592266	0.805641	-0.0127846	-0.565081	0.80404	0.591971	0.055597	-0.299426	0.0523594	0.0226489	-0.998371	0.142386	
-0.591671	0.806086	-0.0123159	-0.565042	0.804489	0.59135	0.0556943	-0.298972	0.0521773	0.0230447	-0.998372	0.142316	
-0.591085	0.806523	-0.0118127	-0.564987	0.804932	0.590737	0.0558133	-0.298512	0.0519929	0.023482	-0.998371	0.142232	
-0.590502	0.806957	-0.0113584	-0.564946	0.80537	0.590128	0.0559348	-0.298048	0.0518399	0.0238819	-0.99837	0.142169	
-0.589919	0.807389	-0.010929	-0.564909	0.805806	0.589521	0.0560495	-0.297585	0.0516966	0.024258	-0.998368	0.142122	
-0.589336	0.80782	-0.0104899	-0.564866	0.80624	0.588914	0.0561872	-0.297113	0.0515668	0.0246558	-0.998365	0.142069	
-0.588738	0.808261	-0.0100477	-0.564825	0.806684	0.58829	0.0563518	-0.29662	0.051458	0.0250711	-0.99836	0.142013	
-0.588123	0.808714	-0.00962104	-0.564793	0.807139	0.58765	0.0565125	-0.296119	0.0513563	0.0254708	-0.998356	0.141965	
-0.587514	0.809162	-0.00917357	-0.564751	0.80759	0.587015	0.0566693	-0.295622	0.0512397	0.0258855	-0.998351	0.141911	
-0.5869	0.809612	-0.00871756	-0.564701	0.808044	0.586375	0.0568323	-0.295119	0.0511239	0.0263107	-0.998346	0.141859	
-0.586276	0.810069	-0.00830237	-0.564666	0.808503	0.585726	0.0569889	-0.29461	0.0510279	0.0266987	-0.99834	0.141828	
-0.585668	0.810513	-0.0078693	-0.564614	0.808949	0.585093	0.057163	-0.294103	0.0509356	0.0271127	-0.998334	0.14179	
-0.585065	0.810952	-0.00744643	-0.564563	0.809391	0.584465	0.0573386	-0.293598	0.0508511	0.0275197	-0.998327	0.141757	
-0.584466	0.811388	-0.00703895	-0.564515	0.809829	0.583841	0.0575075	-0.293094	0.0507705	0.0279108	-0.99832	0.141734	
-0.583869	0.811821	-0.0066128	-0.564454	0.810265	0.58322	0.0576636	-0.292596	0.0506692	0.0283099	-0.998314	0.141711	
-0.583272	0.812254	-0.00619775	-0.564393	0.810702	0.582598	0.0578079	-0.2921	0.0505655	0.0286932	-0.998308	0.141699	
-0.582654	0.8127	-0.00579248	-0.564337	0.811152	0.581957	0.0579472	-0.291591	0.0504647	0.0290646	-0.998303	0.141699	
-0.582032	0.813148	-0.00538273	-0.564275	0.811606	0.581312	0.0580642	-0.291091	0.0503438	0.0294265	-0.998298	0.141705	
-0.581423	0.813586	-0.00498567	-0.564209	0.81205	0.580682	0.0581674	-0.290605	0.0502193	0.0297713	-0.998294	0.141721	
-0.580803	0.814031	-0.00456372	-0.564136	0.812502	0.580039	0.0582727	-0.290112	0.050083	0.030137	-0.99829	0.141728	
-0.580184	0.814475	-0.00414451	-0.564061	0.812952	0.579396	0.0583798	-0.289618	0.0499502	0.0305017	-0.998286	0.141739	
-0.579567	0.814916	-0.00375006	-0.56399	0.813401	0.578758	0.0584594	-0.289135	0.0498099	0.0308308	-0.998283	0.141769	
-0.57894	0.815363	-0.00338465	-0.563929	0.813856	0.578113	0.0585105	-0.288658	0.049664	0.0311195	-0.998281	0.141817	
-0.578321	0.815803	-0.00300371	-0.563857	0.814304	0.577475	0.0585785	-0.288175	0.0495231	0.0314313	-0.998278	0.14186	
-0.57772	0.816231	-0.00261538	-0.563774	0.81474	0.576853	0.058654	-0.287698	0.0493839	0.0317547	-0.998275	0.141901	
-0.577125	0.816653	-0.00227419	-0.563698	0.815168	0.576239	0.0587329	-0.287219	0.0492749	0.0320424	-0.998271	0.141968	
-0.576523	0.817078	-0.0019518	-0.563629	0.815599	0.57562	0.0588141	-0.286733	0.0491792	0.0323158	-0.998267	0.142045	
-0.575925	0.817501	-0.00161343	-0.563551	0.816027	0.575003	0.0589193	-0.286237	0.0490943	0.0326165	-0.998261	0.142113	
-0.575325	0.817924	-0.00124047	-0.563461	0.816456	0.574382	0.0590327	-0.285737	0.0489968	0.0329502	-0.998255	0.142167	
-0.574717	0.818352	-0.000887157	-0.563376	0.81689	0.573754	0.0591327	-0.285237	0.0489003	0.0332598	-0.99825	0.142235	
-0.574102	0.818784	-0.000536557	-0.56329	0.817328	0.57312	0.0592313	-0.284733	0.0488052	0.0335663	-0.998244	0.142308	
-0.573495	0.819209	-0.000202583	-0.563203	0.817759	0.572495	0.0593279	-0.284237	0.0487179	0.0338586	-0.998239	0.14239	
-0.572889	0.819633	0.000134874	-0.56311	0.818188	0.57187	0.0594414	-0.283731	0.048643	0.0341637	-0.998232	0.142473	
-0.572264	0.820069	0.00046291	-0.563025	0.818629	0.571226	0.0595698	-0.283207	0.048587	0.0344687	-0.998224	0.142559	
-0.571641	0.820504	0.000795221	-0.562934	0.819067	0.570582	0.0597109	-0.282676	0.0485393	0.0347846	-0.998215	0.142645	
-0.571016	0.820938	0.00111543	-0.562849	0.819506	0.569938	0.0598479	-0.282146	0.0484957	0.0350882	-0.998207	0.142736	
-0.570376	0.821383	0.00141407	-0.562773	0.819953	0.56928	0.0599781	-0.281608	0.0484599	0.0353695	-0.998199	0.142838	
-0.569742	0.821822	0.00174269	-0.562682	0.820395	0.568626	0.0601374	-0.281061	0.0484313	0.0356925	-0.998189	0.142927	
-0.5691	0.822266	0.00206969	-0.562591	0.820842	0.567962	0.0603184	-0.280499	0.0484222	0.036026	-0.998177	0.143016	
-0.568442	0.82272	0.0023521	-0.562517	0.821296	0.567285	0.0605058	-0.279922	0.048445	0.0363258	-0.998165	0.143127	
-0.567794	0.823166	0.00265355	-0.562433	0.821742	0.566616	0.0607066	-0.279343	0.048468	0.0366494	-0.998152	0.143227	
-0.567137	0.823618	0.00299209	-0.562333	0.822196	0.565937	0.0609027	-0.278761	0.0484672	0.0370003	-0.998139	0.143318	
-0.566466	0.824079	0.00328818	-0.562245	0.822658	0.565246	0.0610723	-0.278181	0.0484697	0.0373004	-0.998128	0.143438	
-0.565777	0.824551	0.00353925	-0.562171	0.823132	0.56454	0.0612231	-0.277601	0.0484835	0.0375519	-0.998118	0.143584	
-0.565102	0.825013	0.00380783	-0.562081	0.823595	0.563847	0.0613889	-0.277023	0.0484996	0.0378271	-0.998107	0.143725	
-0.564434	0.825468	0.00411081	-0.561972	0.824052	0.563159	0.0615673	-0.276441	0.0485068	0.0381382	-0.998094	0.143855	
-0.563781	0.825913	0.00437553	-0.56187	0.824497	0.562488	0.0617429	-0.275867	0.0485331	0.0384171	-0.998083	0.144002	
-0.563131	0.826355	0.00459177	-0.561781	0.824939	0.561821	0.0619116	-0.275292	0.0485812	0.0386522	-0.998071	0.144175	
-0.562476	0.8268	0.00484158	-0.561674	0.825382	0.561148	0.062114	-0.274698	0.048639	0.0389338	-0.998057	0.144334	
-0.561825	0.82724	0.00509656	-0.56156	0.825821	0.560477	0.0623307	-0.274096	0.048706	0.0392278	-0.998043	0.144495	
-0.561184	0.827674	0.00527616	-0.561464	0.826252	0.559822	0.062506	-0.273519	0.0487809	0.0394368	-0.998031	0.144696	
-0.560545	0.828106	0.00546173	-0.561363	0.826682	0.559167	0.0626838	-0.272941	0.0488548	0.0396522	-0.998019	0.144894	
-0.559897	0.828542	0.00570161	-0.561242	0.827116	0.558501	0.0628918	-0.272345	0.0489242	0.0399289	-0.998004	0.145071	
-0.559257	0.828973	0.00592101	-0.561117	0.827546	0.557844	0.0630753	-0.271763	0.0489848	0.0401753	-0.997991	0.145267	
-0.558624	0.829399	0.00612685	-0.560998	0.82797	0.557194	0.0632467	-0.271189	0.0490429	0.040404	-0.997979	0.145466	
-0.557997	0.829819	0.00639453	-0.560853	0.82839	0.556547	0.063448	-0.270606	0.0490915	0.0407009	-0.997965	0.145638	
-0.557386	0.830227	0.00665504	-0.560699	0.828797	0.555916	0.0636602	-0.270026	0.0491527	0.040999	-0.997949	0.145817	
-0.556771	0.830638	0.00689579	-0.560552	0.829206	0.555281	0.0638842	-0.269437	0.0492355	0.0412869	-0.997934	0.146003	
-0.556145	0.831054	0.007188	-0.560392	0.82962	0.55463	0.0641625	-0.268818	0.0493359	0.041647	-0.997914	0.146158	
-0.555521	0.831468	0.00752721	-0.560209	0.830031	0.553977	0.064486	-0.268175	0.0494482	0.0420712	-0.99789	0.146295	
-0.554903	0.831879	0.00779826	-0.560048	0.830437	0.553334	0.0647756	-0.267552	0.0495704	0.0424201	-0.997869	0.146462	
-0.554265	0.832301	0.0080612	-0.559894	0.830855	0.552671	0.0650771	-0.266915	0.0497086	0.0427677	-0.997848	0.146632	
-0.553632	0.832719	0.00843752	-0.559696	0.831269	0.552006	0.065433	-0.266257	0.0498297	0.0432397	-0.997821	0.14675	
-0.553005	0.833131	0.00879432	-0.559501	0.831678	0.551346	0.0657957	-0.265601	0.0499677	0.0436994	-0.997794	0.146875	
-0.552391	0.833535	0.0091239	-0.559305	0.832077	0.5507	0.0661614	-0.264949	0.0501233	0.0441387	-0.997767	0.147019	
-0.551777	0.833938	0.00951267	-0.559084	0.832475	0.55005	0.0665594	-0.264279	0.050274	0.044645	-0.997737	0.147137	
-0.551169	0.834335	0.00985582	-0.558871	0.832867	0.549408	0.0669549	-0.263609	0.050448	0.0451121	-0.997707	0.147281	
-0.550565	0.834729	0.0102168	-0.558649	0.833255	0.548768	0.0673774	-0.262932	0.0506352	0.0456089	-0.997675	0.147414	
-0.549952	0.835129	0.0105625	-0.558427	0.833647	0.548119	0.0678082	-0.262241	0.0508391	0.0460966	-0.997642	0.147559	
-0.549347	0.835523	0.010877	-0.55821	0.834033	0.547479	0.0682297	-0.261557	0.0510526	0.0465536	-0.99761	0.147721	
-0.548749	0.835912	0.011218	-0.557976	0.834414	0.546844	0.068661	-0.260873	0.0512601	0.0470381	-0.997577	0.147876	
-0.548154	0.836297	0.0115939	-0.557727	0.834792	0.54621	0.0691146	-0.260182	0.0514676	0.047564	-0.997541	0.148015	
-0.547547	0.836689	0.011983	-0.557473	0.835178	0.545561	0.0695822	-0.259477	0.0516812	0.0481075	-0.997504	0.14815	
-0.54695	0.837073	0.0124131	-0.557197	0.835555	0.54492	0.0700673	-0.25877	0.0518873	0.0486951	-0.997465	0.14827	
-0.54634	0.837465	0.0128281	-0.556932	0.835942	0.544266	0.0705303	-0.25807	0.0520848	0.049257	-0.997427	0.148395	
-0.545744	0.837847	0.0132762	-0.556648	0.83632	0.543625	0.0709989	-0.257376	0.0522689	0.0498504	-0.997388	0.148509	
-0.545179	0.838206	0.0137909	-0.556329	0.836678	0.543009	0.0714942	-0.256684	0.0524383	0.0505157	-0.997346	0.148594	
-0.544621	0.838559	0.0143555	-0.555988	0.837031	0.542396	0.0720128	-0.255989	0.0526006	0.0512357	-0.9973	0.148659	
-0.544079	0.838901	0.0149458	-0.555634	0.837373	0.541795	0.0725635	-0.255289	0.052776	0.0519955	-0.997252	0.148706	
-0.543541	0.83924	0.015509	-0.555286	0.83771	0.541199	0.0731101	-0.254592	0.0529634	0.0527304	-0.997203	0.148766	
-0.543021	0.839564	0.016125	-0.554913	0.838035	0.540617	0.0736929	-0.253885	0.0531525	0.0535301	-0.997151	0.148803	
-0.542498	0.83989	0.0167424	-0.554537	0.838362	0.540031	0.0742688	-0.25318	0.0533362	0.0543269	-0.997098	0.148841	
-0.541973	0.840216	0.0173806	-0.554155	0.83869	0.53944	0.0748565	-0.252471	0.0535198	0.0551472	-0.997043	0.14887	
-0.541438	0.840547	0.018039	-0.553762	0.839024	0.538838	0.0754464	-0.251754	0.0536962	0.0559847	-0.996987	0.148895	
-0.540917	0.840867	0.0187339	-0.553346	0.83935	0.538247	0.0760385	-0.251045	0.0538548	0.0568549	-0.996929	0.14891	
-0.540413	0.841177	0.0193645	-0.552946	0.839664	0.537677	0.0766057	-0.250356	0.0540271	0.0576584	-0.996873	0.148954	
-0.539922	0.841478	0.0199928	-0.552543	0.839968	0.53712	0.077172	-0.249677	0.0542	0.0584602	-0.996817	0.148999	
-0.539435	0.841775	0.0206395	-0.552124	0.840269	0.536563	0.0777784	-0.248979	0.0543975	0.0592991	-0.996757	0.149037	
-0.538966	0.842059	0.0212933	-0.551694	0.840557	0.536023	0.0783766	-0.248291	0.054584	0.0601405	-0.996696	0.149077	
-0.538521	0.842326	0.0219659	-0.551251	0.840831	0.535505	0.0789775	-0.247615	0.0547619	0.0610006	-0.996634	0.149107	
-0.538086	0.842586	0.022622	-0.550808	0.841098	0.534999	0.0795675	-0.246948	0.0549397	0.0618415	-0.996573	0.14915	
-0.537645	0.84285	0.02328	-0.550364	0.841368	0.534485	0.0801639	-0.246277	0.0551233	0.0626867	-0.99651	0.149189	
-0.537213	0.843106	0.0239731	-0.549905	0.841632	0.533977	0.0807731	-0.245604	0.0552992	0.0635689	-0.996444	0.149215	
-0.536786	0.843357	0.024682	-0.549438	0.841893	0.533473	0.0813823	-0.244937	0.0554671	0.0644645	-0.996377	0.149232	
-0.536375	0.843596	0.0254251	-0.548955	0.842144	0.53298	0.0820107	-0.24427	0.0556329	0.0654001	-0.996307	0.149233	
-0.535972	0.843831	0.026162	-0.548469	0.84239	0.532495	0.0826307	-0.243611	0.0557952	0.0663263	-0.996237	0.149239	
-0.535555	0.844072	0.0268732	-0.547999	0.842643	0.531998	0.0832478	-0.24295	0.0559707	0.0672283	-0.996166	0.149251	
-0.535135	0.844314	0.0276383	-0.547513	0.842899	0.531492	0.0838905	-0.242276	0.0561405	0.068189	-0.996092	0.149236	
-0.534711	0.844555	0.0284697	-0.547005	0.843157	0.530975	0.0845647	-0.241587	0.0563028	0.0692221	-0.996011	0.149192	
-0.534294	0.844791	0.0292878	-0.546496	0.84341	0.530466	0.0852413	-0.240903	0.0564749	0.0702456	-0.99593	0.149153	
-0.533893	0.845018	0.0300515	-0.546004	0.843652	0.529976	0.0858821	-0.240243	0.0566453	0.0712049	-0.995852	0.149132	
-0.533505	0.845234	0.0308398	-0.545499	0.843886	0.529497	0.0865337	-0.239588	0.0568117	0.0721915	-0.995771	0.149105	
-0.533119	0.845451	0.031573	-0.545008	0.84412	0.529025	0.0871488	-0.238945	0.0569772	0.073112	-0.995695	0.149104	
-0.532733	0.845666	0.0323215	-0.544512	0.844352	0.528551	0.087771	-0.238302	0.0571413	0.0740493	-0.995616	0.1491	
-0.532344	0.845882	0.0330804	-0.54401	0.844586	0.528072	0.0883963	-0.237654	0.0573039	0.0749965	-0.995536	0.149094	
-0.531958	0.846097	0.0337733	-0.543529	0.844818	0.527602	0.0889859	-0.237022	0.0574718	0.0758691	-0.99546	0.149111	
-0.531577	0.846312	0.0343785	-0.543073	0.845045	0.527145	0.0895386	-0.236411	0.0576551	0.076648	-0.99539	0.149169	
-0.531196	0.846524	0.0350345	-0.542599	0.845273	0.526682	0.0901072	-0.235793	0.0578259	0.0774783	-0.995316	0.14921	
-0.530812	0.846735	0.0357506	-0.542108	0.845503	0.526209	0.0907167	-0.235157	0.0580008	0.0783807	-0.995235	0.149222	
-0.530429	0.846944	0.0364735	-0.541611	0.845731	0.525736	0.0913238	-0.234523	0.0581708	0.0792875	-0.995153	0.149231	
-0.530049	0.847154	0.0371359	-0.541134	0.845957	0.525271	0.091906	-0.233903	0.0583521	0.08013	-0.995075	0.149261	
-0.529679	0.847353	0.0378572	-0.540636	0.846177	0.52481	0.0925215	-0.233275	0.0585306	0.0810405	-0.994991	0.149265	
-0.529321	0.847546	0.0385266	-0.540152	0.846389	0.524366	0.0930958	-0.232671	0.058701	0.081886	-0.994911	0.149286	
-0.528965	0.847737	0.0392087	-0.53966	0.846599	0.523923	0.0936759	-0.232066	0.0588702	0.0827454	-0.99483	0.149306	
-0.528611	0.847923	0.0399465	-0.539149	0.846809	0.523476	0.0942708	-0.231453	0.0590234	0.0836596	-0.994745	0.149306	
-0.528243	0.848117	0.0406984	-0.538637	0.847028	0.523012	0.0948744	-0.230829	0.0591789	0.0845895	-0.994657	0.149298	
-0.527863	0.848323	0.0413287	-0.538169	0.847253	0.522549	0.0954201	-0.230223	0.0593508	0.0853847	-0.994579	0.149331	
-0.527501	0.848514	0.0420385	-0.537673	0.847468	0.522094	0.0960001	-0.229615	0.0595094	0.0862664	-0.994493	0.14933	
-0.527143	0.848697	0.0428156	-0.537151	0.847679	0.521636	0.0966209	-0.228992	0.0596677	0.0872269	-0.9944	0.149303	
-0.526791	0.848877	0.0435711	-0.536635	0.847887	0.521187	0.0972209	-0.228382	0.0598199	0.0881585	-0.994309	0.149279	
-0.526418	0.849075	0.0442173	-0.536161	0.848106	0.520725	0.0977806	-0.227779	0.059998	0.0889745	-0.994225	0.149292	
-0.526045	0.84927	0.0448987	-0.535671	0.848325	0.52026	0.0983518	-0.227168	0.0601683	0.0898262	-0.994138	0.149296	
-0.525664	0.849472	0.0455441	-0.535195	0.848549	0.51979	0.0989079	-0.226559	0.0603462	0.0906387	-0.994054	0.149315	
-0.525275	0.849682	0.0461115	-0.534742	0.848776	0.519319	0.0994294	-0.225957	0.0605368	0.0913662	-0.993976	0.149356	
-0.524904	0.849879	0.0467069	-0.534273	0.848994	0.518864	0.0999515	-0.225366	0.0607122	0.0921188	-0.993895	0.149396	
-0.524544	0.850069	0.0472873	-0.5338	0.849203	0.518421	0.100469	-0.224779	0.0608907	0.0928568	-0.993816	0.149442	
-0.524171	0.850275	0.0477193	-0.533379	0.84942	0.517982	0.100897	-0.224217	0.0610727	0.0934212	-0.993752	0.149535	
-0.523814	0.850469	0.0481769	-0.532948	0.849628	0.517556	0.101332	-0.223661	0.0612458	0.0940117	-0.993685	0.149603	
-0.523447	0.850669	0.0486372	-0.53251	0.849842	0.51712	0.101766	-0.223095	0.0614176	0.0946029	-0.993619	0.149661	
-0.523088	0.850863	0.0491135	-0.532066	0.850051	0.516689	0.102206	-0.222527	0.0615868	0.0952116	-0.99355	0.149702	
-0.522725	0.851063	0.0495047	-0.531645	0.850261	0.516264	0.102605	-0.221975	0.0617654	0.0957259	-0.99349	0.149743	
-0.522366	0.851261	0.049884	-0.531231	0.850469	0.515845	0.10299	-0.22143	0.0619393	0.0962234	-0.993431	0.14979	
-0.522004	0.85146	0.0502669	-0.53081	0.850677	0.51542	0.103399	-0.220873	0.062132	0.0967358	-0.993369	0.149825	
-0.52162	0.851676	0.0506041	-0.530413	0.850898	0.514977	0.103784	-0.220317	0.0623305	0.0971947	-0.993312	0.149872	
-0.521249	0.851881	0.050979	-0.530003	0.851112	0.514544	0.104181	-0.219764	0.0625192	0.0976933	-0.993251	0.14991	
-0.520878	0.852087	0.0513168	-0.529602	0.851325	0.514115	0.104551	-0.219218	0.0627041	0.0981458	-0.993195	0.149939	
-0.520525	0.852282	0.0516631	-0.529192	0.851528	0.513704	0.10492	-0.218679	0.0628816	0.0986059	-0.993138	0.149963	
-0.520172	0.852488	0.0518183	-0.52884	0.85173	0.513316	0.10518	-0.218178	0.0630657	0.098847	-0.993102	0.150011	
-0.519828	0.852687	0.0519999	-0.528477	0.851927	0.512935	0.105441	-0.21768	0.0632358	0.0991114	-0.993065	0.150048	
-0.519485	0.852887	0.0521429	-0.528119	0.852123	0.512558	0.10569	-0.217175	0.063415	0.0993364	-0.993031	0.150081	
-0.519134	0.853094	0.0522482	-0.527771	0.852324	0.512178	0.105914	-0.216673	0.0635941	0.0995158	-0.993002	0.150118	
-0.518784	0.853306	0.0522753	-0.527451	0.852523	0.511808	0.106096	-0.21618	0.0637777	0.099607	-0.992981	0.15018	
-0.518439	0.853513	0.0523026	-0.527129	0.852719	0.511444	0.106284	-0.215687	0.0639646	0.099701	-0.992959	0.150245	
-0.518094	0.853728	0.0522222	-0.526838	0.852914	0.51109	0.10642	-0.215212	0.0641632	0.0996765	-0.992949	0.150337	
-0.517762	0.853939	0.0520593	-0.526569	0.853099	0.510759	0.106522	-0.214749	0.0643733	0.0995647	-0.992947	0.150437	
-0.517423	0.854154	0.0519094	-0.526293	0.85329	0.51042	0.106621	-0.214292	0.0645749	0.0994617	-0.992944	0.15052	
-0.517078	0.854373	0.051735	-0.526019	0.853483	0.510078	0.106711	-0.213835	0.0647821	0.0993329	-0.992943	0.150596	
-0.516721	0.854597	0.0515995	-0.525732	0.853684	0.509719	0.106818	-0.213371	0.0649852	0.0992448	-0.992939	0.150669	
-0.516352	0.854836	0.0513403	-0.525495	0.853892	0.509364	0.106854	-0.212932	0.0651915	0.0990131	-0.992948	0.150763	
-0.515985	0.855073	0.0510929	-0.525249	0.854098	0.50901	0.106892	-0.21249	0.0653937	0.098793	-0.992957	0.150846	
-0.51564	0.855295	0.0508575	-0.524991	0.854292	0.508678	0.106916	-0.212064	0.0655745	0.0985774	-0.992967	0.150907	
-0.515302	0.855514	0.0505998	-0.524736	0.854482	0.508356	0.106928	-0.211639	0.065756	0.098337	-0.992978	0.150953	
-0.514969	0.855726	0.0503997	-0.524468	0.85467	0.508033	0.106967	-0.211212	0.06593	0.0981599	-0.992984	0.15099	
-0.514627	0.855951	0.0500746	-0.524239	0.854861	0.507716	0.106945	-0.2108	0.0661161	0.0978437	-0.993003	0.151033	
-0.514278	0.85618	0.0497456	-0.524005	0.855056	0.50739	0.10693	-0.210379	0.0663108	0.097527	-0.993021	0.151069	
