-0.687979	0.725123	-0.02968	-0.534221	0.72417	0.688606	0.0374102	-0.367704	0.0475648	0.00424403	-0.998859	0.146384	
-0.687948	0.725156	-0.0296184	-0.534212	0.724201	0.688572	0.037441	-0.367666	0.047545	0.00430774	-0.99886	0.146362	
-0.687859	0.725243	-0.0295297	-0.534214	0.724284	0.688479	0.0375395	-0.367583	0.0475558	0.00443404	-0.998859	0.146318	
-0.68762	0.725475	-0.0294181	-0.534273	0.724503	0.688233	0.0378214	-0.36734	0.047685	0.00469321	-0.998851	0.146222	
-0.687473	0.725615	-0.0293928	-0.534322	0.724638	0.688084	0.0379539	-0.367194	0.0477647	0.00479316	-0.998847	0.146197	
-0.687366	0.725721	-0.0292722	-0.534326	0.724735	0.687971	0.0381472	-0.367046	0.0478227	0.00500651	-0.998843	0.146125	
-0.687222	0.725863	-0.0291401	-0.534334	0.724866	0.687819	0.0384018	-0.366851	0.0479175	0.00526792	-0.998837	0.146035	
-0.687068	0.726013	-0.0290309	-0.53435	0.725003	0.687659	0.0386689	-0.366648	0.0480375	0.00552066	-0.99883	0.145957	
-0.686919	0.726159	-0.0289121	-0.534359	0.725137	0.687503	0.0389495	-0.366438	0.0481606	0.00578991	-0.998823	0.145876	
-0.686764	0.72631	-0.0287875	-0.534365	0.725276	0.68734	0.0392176	-0.366224	0.048271	0.00605434	-0.998816	0.145803	
-0.686592	0.726478	-0.0286723	-0.534378	0.725431	0.687161	0.039488	-0.365994	0.0483897	0.00631238	-0.998809	0.145739	
-0.686389	0.726674	-0.0285458	-0.534401	0.725614	0.686951	0.0397808	-0.365735	0.0485173	0.00659187	-0.998801	0.145669	
-0.686164	0.726892	-0.0284092	-0.53443	0.725818	0.686717	0.0400983	-0.365451	0.0486562	0.00689413	-0.998792	0.145591	
-0.685923	0.727125	-0.0282684	-0.534466	0.726035	0.686468	0.0404436	-0.365146	0.0488129	0.00721734	-0.998782	0.145505	
-0.685694	0.727347	-0.0281065	-0.534491	0.726242	0.686228	0.0407876	-0.364848	0.0489542	0.00755566	-0.998772	0.14541	
-0.685478	0.727558	-0.0279191	-0.534504	0.726437	0.686001	0.0411291	-0.364555	0.0490763	0.00791161	-0.998764	0.145305	
-0.685251	0.727779	-0.0277283	-0.534521	0.726642	0.685762	0.0414866	-0.364247	0.0492081	0.00828015	-0.998754	0.145197	
-0.685007	0.728016	-0.0275236	-0.53454	0.726863	0.685505	0.0418592	-0.363921	0.0493417	0.00866789	-0.998744	0.145084	
-0.684755	0.728262	-0.0273058	-0.534553	0.727093	0.685239	0.0422345	-0.363584	0.0494688	0.00906644	-0.998735	0.144972	
-0.684486	0.728523	-0.0270806	-0.534569	0.727338	0.684956	0.0425979	-0.363239	0.0495826	0.00946088	-0.998725	0.144865	
-0.684209	0.728791	-0.0268535	-0.534584	0.727591	0.684665	0.0429625	-0.362887	0.0496963	0.00985706	-0.998716	0.144762	
-0.683922	0.729069	-0.0266306	-0.534604	0.727853	0.684363	0.0433257	-0.362526	0.0498125	0.0102483	-0.998706	0.144664	
-0.683627	0.729354	-0.0264136	-0.53463	0.728122	0.684054	0.0436786	-0.362164	0.0499255	0.0106275	-0.998696	0.144571	
-0.683331	0.729639	-0.0261778	-0.534652	0.728392	0.683743	0.0440422	-0.361797	0.0500338	0.0110277	-0.998687	0.144466	
-0.683029	0.729931	-0.0259327	-0.534675	0.728668	0.683425	0.0444136	-0.361424	0.0501419	0.0114394	-0.998677	0.144354	
-0.682719	0.730229	-0.0256921	-0.534701	0.72895	0.6831	0.0447864	-0.361044	0.0502546	0.0118483	-0.998666	0.144246	
-0.682395	0.73054	-0.0254585	-0.534737	0.729246	0.68276	0.0451605	-0.360655	0.0503736	0.0122518	-0.998655	0.14414	
-0.682047	0.730873	-0.0252255	-0.534782	0.729562	0.682396	0.0455539	-0.360244	0.0505079	0.0126664	-0.998643	0.144033	
-0.681676	0.731228	-0.0249804	-0.534832	0.729899	0.682008	0.0459675	-0.359807	0.0506496	0.0131017	-0.998631	0.143921	
-0.681304	0.731582	-0.0247472	-0.534884	0.730236	0.681619	0.0463716	-0.359373	0.0507928	0.0135219	-0.998618	0.143816	
-0.680927	0.73194	-0.0245461	-0.534948	0.730577	0.681228	0.0467492	-0.358946	0.0509391	0.0139	-0.998605	0.143733	
-0.68055	0.732298	-0.0243405	-0.535011	0.730919	0.680835	0.0471288	-0.358517	0.0510842	0.0142825	-0.998592	0.143645	
-0.680172	0.732656	-0.0241145	-0.535068	0.731261	0.680441	0.0475151	-0.358084	0.0512206	0.0146844	-0.998579	0.14355	
-0.679786	0.733021	-0.0239084	-0.535134	0.73161	0.68004	0.0478864	-0.357651	0.0513604	0.0150609	-0.998567	0.143467	
-0.679401	0.733384	-0.0236987	-0.535197	0.731958	0.679639	0.0482523	-0.357218	0.0514941	0.0154362	-0.998554	0.143387	
-0.679018	0.733746	-0.0234872	-0.535257	0.732304	0.67924	0.048617	-0.356785	0.051626	0.015812	-0.998541	0.143307	
-0.678613	0.734126	-0.0232938	-0.535332	0.732669	0.67882	0.0489839	-0.35634	0.0517727	0.0161745	-0.998528	0.143236	
-0.678188	0.734525	-0.0231188	-0.535422	0.733051	0.678381	0.0493467	-0.355882	0.0519297	0.0165191	-0.998514	0.143173	
-0.677748	0.734936	-0.0229438	-0.535517	0.733447	0.677927	0.0497059	-0.355415	0.0520848	0.01686	-0.9985	0.143113	
-0.677314	0.735341	-0.022782	-0.535614	0.733837	0.677479	0.0500587	-0.354956	0.0522445	0.0171871	-0.998486	0.143059	
-0.676881	0.735744	-0.0226258	-0.535712	0.734224	0.677033	0.0504061	-0.354501	0.0524044	0.0175065	-0.998473	0.143008	
-0.676437	0.736158	-0.0224751	-0.535818	0.734622	0.676575	0.0507623	-0.354035	0.0525751	0.0178268	-0.998458	0.142956	
-0.675977	0.736584	-0.0223424	-0.535932	0.735031	0.676103	0.0511214	-0.353561	0.052761	0.0181346	-0.998442	0.142913	
-0.675522	0.737005	-0.0222241	-0.536049	0.735436	0.675636	0.0514693	-0.353093	0.0529485	0.0184242	-0.998427	0.142878	
-0.67508	0.737413	-0.0221125	-0.536161	0.735829	0.675183	0.0518046	-0.352638	0.0531314	0.0187012	-0.998412	0.14285	
-0.67462	0.737836	-0.0220157	-0.536283	0.736236	0.674713	0.0521403	-0.352171	0.0533253	0.0189661	-0.998397	0.14283	
-0.674139	0.738278	-0.0219365	-0.536421	0.736662	0.674223	0.0524668	-0.351694	0.0535252	0.0192102	-0.998382	0.14282	
-0.67364	0.738735	-0.0218843	-0.536576	0.737103	0.673715	0.0527844	-0.35121	0.0537376	0.0194267	-0.998366	0.142821	
-0.673138	0.739195	-0.0218302	-0.536732	0.737547	0.673205	0.0530956	-0.350727	0.0539442	0.0196398	-0.998351	0.142822	
-0.672628	0.73966	-0.0217732	-0.536892	0.737997	0.672688	0.0534078	-0.350238	0.0541502	0.019855	-0.998335	0.142821	
-0.672094	0.740147	-0.0217365	-0.537069	0.738467	0.672146	0.0537216	-0.349735	0.054372	0.0200542	-0.998319	0.142829	
-0.671576	0.740618	-0.0216964	-0.537235	0.738922	0.671622	0.0540177	-0.349247	0.0545782	0.020245	-0.998304	0.14284	
-0.671051	0.741095	-0.021662	-0.537404	0.739384	0.671089	0.0543227	-0.34875	0.0547954	0.0204368	-0.998288	0.142855	
-0.670506	0.741589	-0.0216274	-0.537579	0.739861	0.670537	0.0546447	-0.348234	0.0550259	0.0206384	-0.998272	0.142869	
-0.66994	0.7421	-0.0216126	-0.537766	0.740355	0.669966	0.0549623	-0.347706	0.0552672	0.0208205	-0.998254	0.142897	
-0.669369	0.742615	-0.021623	-0.537961	0.740853	0.66939	0.0552564	-0.347182	0.0555085	0.0209675	-0.998238	0.142942	
-0.668782	0.743144	-0.0216372	-0.538164	0.741365	0.668799	0.0555599	-0.346644	0.05576	0.0211164	-0.998221	0.142987	
-0.668182	0.743683	-0.0216367	-0.538366	0.741887	0.668193	0.0558697	-0.346095	0.0560068	0.0212791	-0.998204	0.143027	
-0.667583	0.74422	-0.0216428	-0.53857	0.742406	0.66759	0.0561823	-0.345546	0.0562605	0.0214386	-0.998186	0.143069	
-0.666988	0.744754	-0.0216575	-0.538772	0.742922	0.66699	0.0564921	-0.344999	0.056518	0.0215897	-0.998168	0.143118	
-0.666389	0.74529	-0.0216667	-0.538971	0.74344	0.666386	0.0568058	-0.344446	0.0567752	0.0217469	-0.99815	0.143167	
-0.66579	0.745825	-0.0216767	-0.539167	0.743957	0.665782	0.05711	-0.343894	0.057026	0.0218968	-0.998133	0.143225	
-0.665201	0.74635	-0.0216837	-0.539354	0.744465	0.665189	0.0574068	-0.343347	0.0572693	0.0220443	-0.998115	0.143287	
-0.664597	0.746887	-0.0216893	-0.539543	0.744985	0.66458	0.0577076	-0.342787	0.0575154	0.0221941	-0.998098	0.143353	
-0.663995	0.747423	-0.0216922	-0.539727	0.745503	0.663973	0.0580065	-0.342226	0.0577584	0.0223445	-0.99808	0.143423	
-0.663395	0.747955	-0.0216997	-0.539906	0.746018	0.663369	0.0583	-0.341669	0.0580007	0.0224876	-0.998063	0.1435	
-0.662782	0.748498	-0.0217133	-0.540092	0.746544	0.662751	0.058587	-0.341105	0.0582428	0.0226205	-0.998046	0.143582	
-0.662171	0.749038	-0.021706	-0.540268	0.747067	0.662135	0.0588884	-0.340538	0.058482	0.0227783	-0.998029	0.143653	
-0.661558	0.74958	-0.021685	-0.540439	0.747592	0.661516	0.0591901	-0.339969	0.0587127	0.0229462	-0.998011	0.143722	
-0.660952	0.750114	-0.0216837	-0.54061	0.748108	0.660905	0.0594905	-0.339404	0.0589556	0.0230986	-0.997993	0.143802	
-0.660335	0.750657	-0.0216957	-0.540788	0.748633	0.660283	0.0597892	-0.338828	0.0592066	0.0232388	-0.997975	0.143891	
-0.659744	0.751177	-0.0216968	-0.540944	0.749136	0.659686	0.0600793	-0.33827	0.0594433	0.0233831	-0.997958	0.143984	
-0.659159	0.751691	-0.0216888	-0.541091	0.749632	0.659095	0.0603807	-0.337709	0.0596826	0.0235419	-0.99794	0.144077	
-0.658569	0.752208	-0.0216885	-0.541241	0.750131	0.6585	0.0606772	-0.337142	0.0599237	0.0236909	-0.997922	0.144177	
-0.65797	0.752731	-0.0217129	-0.5414	0.750636	0.657898	0.0609575	-0.336576	0.0601695	0.0238097	-0.997904	0.144291	
-0.657363	0.753262	-0.021697	-0.54155	0.75115	0.657284	0.0612533	-0.335998	0.0604009	0.023968	-0.997886	0.144388	
-0.656755	0.753792	-0.021677	-0.541694	0.751663	0.65667	0.0615381	-0.335424	0.0606216	0.0241217	-0.997869	0.14449	
-0.656134	0.754334	-0.0216518	-0.541837	0.752188	0.656042	0.0618213	-0.334843	0.0608384	0.0242768	-0.997852	0.144594	
-0.655513	0.754874	-0.0216224	-0.541973	0.752712	0.655415	0.0621025	-0.334264	0.0610512	0.0244336	-0.997836	0.1447	
-0.654876	0.755428	-0.021576	-0.542108	0.753249	0.654769	0.062399	-0.333667	0.0612652	0.0246115	-0.997818	0.144801	
-0.654233	0.755986	-0.0215458	-0.542246	0.753789	0.654119	0.0626981	-0.333062	0.0614924	0.0247782	-0.9978	0.144914	
-0.653587	0.756546	-0.0215082	-0.542382	0.754332	0.653465	0.0629892	-0.332459	0.0617091	0.0249446	-0.997782	0.145026	
-0.65293	0.757114	-0.0214501	-0.54251	0.754883	0.652799	0.0632962	-0.331839	0.0619251	0.0251357	-0.997764	0.145132	
-0.652269	0.757686	-0.0213821	-0.542637	0.755436	0.652128	0.0636053	-0.331217	0.0621367	0.025335	-0.997746	0.145234	
-0.651611	0.758254	-0.0213036	-0.542753	0.755987	0.651459	0.0639101	-0.330599	0.0623385	0.0255392	-0.997728	0.145338	
-0.650933	0.758839	-0.0212192	-0.542874	0.756554	0.650769	0.0642257	-0.329961	0.0625457	0.0257532	-0.99771	0.145441	
-0.650248	0.759427	-0.0211585	-0.543003	0.757125	0.650075	0.0645294	-0.329321	0.06276	0.0259405	-0.997691	0.145559	
-0.649546	0.760029	-0.0210847	-0.54313	0.757711	0.649363	0.0648241	-0.328673	0.0629598	0.0261301	-0.997674	0.145678	
-0.648837	0.760638	-0.0209932	-0.543252	0.758303	0.648642	0.0651225	-0.328016	0.0631517	0.0263346	-0.997656	0.145794	
-0.648124	0.761249	-0.0208543	-0.543354	0.758897	0.647914	0.0654374	-0.327353	0.063326	0.0265853	-0.997639	0.145891	
-0.647409	0.761862	-0.0206957	-0.543449	0.759495	0.647183	0.0657441	-0.326693	0.0634818	0.026845	-0.997622	0.145982	
-0.646701	0.762467	-0.0205497	-0.543543	0.760085	0.64646	0.0660277	-0.326047	0.0636285	0.0270806	-0.997606	0.146085	
-0.646	0.763066	-0.0203411	-0.543611	0.760671	0.645741	0.0663264	-0.325397	0.0637465	0.027374	-0.997591	0.146163	
-0.645287	0.763676	-0.0200899	-0.543665	0.761268	0.645005	0.0666375	-0.324731	0.0638475	0.0277065	-0.997575	0.146228	
-0.644571	0.764287	-0.0198523	-0.543718	0.761866	0.644267	0.0669351	-0.324069	0.0639478	0.0280196	-0.99756	0.146305	
-0.643869	0.764884	-0.0196236	-0.543762	0.762452	0.643546	0.0672003	-0.323427	0.0640291	0.0283062	-0.997546	0.1464	
-0.643159	0.765488	-0.0193761	-0.543801	0.763046	0.642814	0.0674589	-0.322781	0.0640942	0.028602	-0.997534	0.14649	
-0.642465	0.766077	-0.0190821	-0.543817	0.763626	0.642097	0.0677265	-0.32214	0.0641363	0.0289404	-0.997521	0.146561	
-0.641768	0.766668	-0.0188051	-0.543836	0.764211	0.641378	0.0679441	-0.321515	0.0641518	0.0292333	-0.997512	0.146652	
-0.641065	0.767263	-0.0185119	-0.543845	0.764801	0.640652	0.0681472	-0.320891	0.0641466	0.0295289	-0.997504	0.146748	
-0.64037	0.767851	-0.0181905	-0.543834	0.765388	0.639935	0.0682978	-0.320296	0.0640833	0.0298131	-0.997499	0.146846	
-0.639651	0.768458	-0.0178462	-0.543819	0.765997	0.639192	0.0684302	-0.319696	0.0639929	0.0301013	-0.997496	0.146946	
-0.638912	0.76908	-0.0175047	-0.543807	0.76662	0.638429	0.0685662	-0.319078	0.0639084	0.0303884	-0.997493	0.147051	
-0.638197	0.769682	-0.0171446	-0.543777	0.767224	0.63769	0.0686958	-0.318473	0.0638068	0.0306877	-0.99749	0.147154	
-0.637481	0.770283	-0.0168134	-0.543755	0.767827	0.636951	0.068814	-0.317868	0.0637155	0.0309579	-0.997488	0.147273	
-0.636771	0.770877	-0.0164868	-0.543728	0.768424	0.636219	0.0689204	-0.317268	0.0636183	0.0312177	-0.997486	0.147401	
-0.636073	0.77146	-0.0161214	-0.543676	0.769012	0.635497	0.0690235	-0.316675	0.063494	0.0315064	-0.997485	0.14752	
-0.635353	0.772061	-0.0157796	-0.543635	0.769617	0.634754	0.0691126	-0.316073	0.0633752	0.0317666	-0.997484	0.147659	
-0.63462	0.772669	-0.0154717	-0.543608	0.770231	0.634003	0.0691692	-0.315478	0.063254	0.0319793	-0.997485	0.147816	
-0.63388	0.773284	-0.0150927	-0.543556	0.770854	0.63324	0.0692162	-0.314883	0.063081	0.0322405	-0.997487	0.147951	
-0.633125	0.77391	-0.0146658	-0.543486	0.771492	0.632459	0.069256	-0.31428	0.0628735	0.0325332	-0.997491	0.148076	
-0.632371	0.774535	-0.0142516	-0.543416	0.772128	0.63168	0.0692688	-0.31369	0.0626536	0.0327995	-0.997496	0.148213	
-0.63161	0.775164	-0.0138153	-0.543342	0.772768	0.630893	0.0693025	-0.313086	0.0624367	0.0330961	-0.9975	0.148338	
-0.630855	0.775787	-0.0133155	-0.543244	0.773402	0.630107	0.069386	-0.31246	0.062219	0.0334742	-0.997501	0.148429	
-0.6301	0.776409	-0.0128121	-0.543143	0.774036	0.62932	0.0694583	-0.311838	0.0619909	0.0338486	-0.997503	0.148522	
-0.629321	0.777047	-0.0123607	-0.543064	0.774687	0.628515	0.0694885	-0.311219	0.0617647	0.0341549	-0.997506	0.148649	
-0.628552	0.777678	-0.0118203	-0.542944	0.775334	0.627715	0.0695089	-0.310612	0.0614753	0.0345253	-0.997511	0.148745	
-0.627782	0.778309	-0.0112044	-0.542795	0.775986	0.626909	0.0695061	-0.310016	0.0611213	0.0349402	-0.997519	0.14882	
-0.627	0.778947	-0.0106321	-0.542665	0.776644	0.626095	0.0694871	-0.309421	0.0607834	0.0353111	-0.997526	0.148913	
-0.626227	0.779576	-0.0100313	-0.542522	0.777295	0.625288	0.0694817	-0.308826	0.0604387	0.0357141	-0.997533	0.14899	
-0.62547	0.780192	-0.00935468	-0.542348	0.777931	0.62449	0.0695342	-0.308208	0.0600919	0.0362142	-0.997536	0.149031	
-0.624742	0.780783	-0.008716	-0.542171	0.778541	0.623725	0.06958	-0.307605	0.0597633	0.0366838	-0.997538	0.149091	
-0.624019	0.781367	-0.00808918	-0.541997	0.779146	0.622966	0.0696001	-0.307016	0.0594225	0.0371292	-0.997542	0.14916	
-0.623292	0.781954	-0.007406	-0.5418	0.779755	0.622199	0.0696434	-0.306415	0.059066	0.0376334	-0.997544	0.149206	
-0.622561	0.782543	-0.00670778	-0.54159	0.780368	0.621428	0.0696623	-0.305821	0.0586821	0.0381345	-0.997548	0.149258	
-0.621821	0.783136	-0.00606815	-0.5414	0.780987	0.620654	0.0696336	-0.305242	0.0582988	0.0385604	-0.997554	0.149344	
-0.621108	0.783706	-0.00537502	-0.541178	0.781582	0.619902	0.0696436	-0.304662	0.0579121	0.0390552	-0.997557	0.149406	
-0.620409	0.784265	-0.00465642	-0.540939	0.782166	0.619162	0.0696736	-0.304077	0.0575256	0.039584	-0.997559	0.149454	
-0.619714	0.784818	-0.00395933	-0.540703	0.782745	0.618428	0.0696936	-0.303497	0.0571453	0.0400909	-0.997561	0.149517	
-0.61904	0.785353	-0.0032336	-0.540443	0.783306	0.617713	0.0697261	-0.30292	0.056757	0.0406303	-0.997561	0.149572	
-0.618346	0.785902	-0.00251158	-0.540185	0.783884	0.616982	0.0697122	-0.302351	0.0563365	0.0411375	-0.997564	0.149643	
-0.617655	0.786447	-0.00179251	-0.539921	0.784458	0.616251	0.0697124	-0.301778	0.0559298	0.0416521	-0.997566	0.149716	
-0.616971	0.786985	-0.00107787	-0.539654	0.785024	0.615528	0.0697284	-0.301202	0.0555387	0.0421742	-0.997565	0.149787	
-0.61629	0.787519	-0.000387367	-0.539397	0.785583	0.614809	0.0697778	-0.30061	0.0551895	0.0426991	-0.997562	0.149862	
-0.615626	0.788038	0.000304468	-0.539133	0.786125	0.614105	0.069871	-0.300004	0.054874	0.0432538	-0.997556	0.149928	
-0.614962	0.788556	0.0010452	-0.538852	0.786667	0.613396	0.0699942	-0.299385	0.0545532	0.043866	-0.997547	0.14997	
-0.614291	0.789078	0.00176054	-0.538582	0.787212	0.612682	0.0701324	-0.298757	0.0542612	0.0444676	-0.997536	0.150017	
-0.613621	0.789597	0.00251379	-0.538297	0.787755	0.611966	0.0702775	-0.29813	0.0539526	0.045104	-0.997524	0.150049	
-0.61292	0.790138	0.00325991	-0.53802	0.788322	0.61122	0.0704215	-0.297489	0.0536502	0.0457326	-0.997512	0.150086	
-0.612209	0.790686	0.00400063	-0.537749	0.788893	0.610463	0.0705923	-0.296831	0.0533741	0.0463733	-0.997497	0.150118	
-0.611488	0.791239	0.00481436	-0.537456	0.789472	0.609691	0.0707952	-0.296157	0.0530807	0.0470912	-0.997479	0.150117	
-0.610781	0.79178	0.00562676	-0.537158	0.790037	0.608932	0.0710224	-0.295478	0.0528078	0.0478244	-0.997459	0.150111	
-0.61009	0.792306	0.00648738	-0.536837	0.79059	0.608185	0.0712651	-0.294805	0.0525182	0.0486069	-0.997436	0.150083	
-0.609393	0.792835	0.00730479	-0.536531	0.791144	0.607435	0.071511	-0.294128	0.0522592	0.0493575	-0.997413	0.15007	
-0.608708	0.793352	0.00812867	-0.536219	0.791686	0.606694	0.0718004	-0.293437	0.0520314	0.0501409	-0.997386	0.150047	
-0.608037	0.793858	0.00895436	-0.535901	0.792216	0.605966	0.0720962	-0.29275	0.0518081	0.050931	-0.997357	0.150022	
-0.607361	0.794367	0.00971831	-0.535602	0.792747	0.605237	0.0723947	-0.292056	0.051626	0.0516738	-0.997329	0.150023	
-0.606698	0.794863	0.0105187	-0.535282	0.793266	0.604517	0.0727145	-0.29136	0.0514393	0.0524599	-0.997297	0.15001	
-0.606042	0.795352	0.0113054	-0.53496	0.793779	0.603805	0.0730327	-0.290668	0.0512604	0.0532349	-0.997265	0.150005	
-0.605388	0.795839	0.0120757	-0.534643	0.794288	0.603094	0.0733815	-0.28996	0.051117	0.0540158	-0.997231	0.15	
-0.604746	0.796316	0.0127945	-0.534338	0.794785	0.602399	0.0737048	-0.289272	0.0509849	0.0547415	-0.997198	0.150019	
-0.604117	0.796782	0.0134682	-0.534042	0.795269	0.601719	0.074041	-0.288584	0.0508904	0.0554402	-0.997164	0.150054	
-0.60351	0.797229	0.0141877	-0.53372	0.795736	0.601056	0.0744056	-0.287895	0.0507907	0.0561942	-0.997127	0.150069	
-0.602926	0.797658	0.0149159	-0.533381	0.796184	0.600414	0.0747925	-0.287209	0.0507031	0.0569702	-0.997088	0.15008	
-0.602339	0.798088	0.0156318	-0.533047	0.796632	0.599767	0.075216	-0.286505	0.0506535	0.0577583	-0.997045	0.15009	
-0.601739	0.798526	0.0162992	-0.532732	0.797086	0.59911	0.0756339	-0.285796	0.0506306	0.0585038	-0.997002	0.15012	
-0.601152	0.798954	0.016975	-0.532408	0.797529	0.598463	0.076091	-0.285077	0.0506343	0.0592803	-0.996956	0.150141	
-0.600548	0.799394	0.0176236	-0.5321	0.797983	0.5978	0.07654	-0.284357	0.0506502	0.0600293	-0.996911	0.150168	
-0.599948	0.799831	0.0182663	-0.531796	0.798432	0.597139	0.0770175	-0.283626	0.0506935	0.0607908	-0.996862	0.150191	
-0.599351	0.800263	0.0189279	-0.531482	0.798877	0.596479	0.077511	-0.282896	0.050739	0.0615773	-0.996812	0.150204	
-0.598751	0.800696	0.0195824	-0.531174	0.799322	0.595815	0.0780274	-0.282154	0.0508087	0.0623716	-0.996759	0.150212	
-0.59814	0.801136	0.0202394	-0.530873	0.799773	0.595136	0.078593	-0.281387	0.0509185	0.0631965	-0.996701	0.150206	
-0.59752	0.801583	0.0208434	-0.530593	0.800227	0.594452	0.0791475	-0.280623	0.0510529	0.0639717	-0.996645	0.150219	
-0.596909	0.802022	0.0214478	-0.530313	0.800673	0.593773	0.079723	-0.279854	0.0512045	0.0647601	-0.996586	0.150226	
-0.5963	0.802458	0.0220868	-0.53002	0.801117	0.593094	0.0803136	-0.27908	0.0513487	0.0655852	-0.996525	0.150219	
-0.595704	0.802882	0.0227374	-0.529718	0.801552	0.592425	0.0809191	-0.278308	0.0514983	0.066429	-0.996461	0.150201	
-0.595086	0.803324	0.023317	-0.529453	0.801998	0.591737	0.0815303	-0.277526	0.0516977	0.0672177	-0.996398	0.150203	
-0.594449	0.80378	0.0238371	-0.529211	0.802455	0.591033	0.0821329	-0.276735	0.0519283	0.0679521	-0.996336	0.150234	
-0.593804	0.80424	0.0243718	-0.528964	0.802917	0.590319	0.0827518	-0.275933	0.0521652	0.0687069	-0.996272	0.150257	
-0.593139	0.804717	0.0248339	-0.528747	0.803391	0.58959	0.0833412	-0.275135	0.0524242	0.0693843	-0.996212	0.150309	
-0.592468	0.805196	0.025326	-0.528521	0.803869	0.588851	0.083955	-0.274325	0.0526869	0.0700994	-0.996148	0.150352	
-0.591807	0.805668	0.0257757	-0.528304	0.804339	0.588125	0.0845461	-0.273533	0.0529568	0.0707673	-0.996086	0.150409	
-0.591159	0.806129	0.0261983	-0.528086	0.804796	0.587415	0.0851242	-0.272753	0.0532318	0.0714063	-0.996026	0.150487	
-0.590503	0.806597	0.0265968	-0.52788	0.805259	0.586698	0.0856861	-0.271977	0.0535099	0.0720153	-0.995967	0.15057	
-0.589851	0.807062	0.0269571	-0.527684	0.805718	0.585989	0.0862265	-0.271214	0.0537936	0.0725806	-0.995911	0.150676	
-0.589214	0.807515	0.027329	-0.527478	0.806166	0.585294	0.0867592	-0.270461	0.0540638	0.0731514	-0.995854	0.150776	
-0.58856	0.807979	0.027685	-0.527281	0.806625	0.584583	0.0872838	-0.269702	0.0543393	0.0737032	-0.995799	0.150886	
-0.587913	0.808436	0.028082	-0.527069	0.807079	0.583875	0.0878286	-0.268939	0.0546075	0.0743	-0.99574	0.150975	
-0.587279	0.808883	0.0284849	-0.526852	0.807522	0.583178	0.088376	-0.268185	0.0548741	0.0749035	-0.99568	0.151057	
-0.586637	0.809337	0.0288043	-0.526668	0.80797	0.582483	0.088875	-0.26745	0.0551518	0.0754104	-0.995626	0.151175	
-0.585998	0.809788	0.0291467	-0.526475	0.808414	0.581787	0.0893852	-0.266713	0.0554259	0.0759422	-0.995571	0.151283	
-0.585359	0.810238	0.0294806	-0.526288	0.808859	0.581092	0.0898893	-0.265981	0.0557008	0.0764631	-0.995515	0.151387	
-0.584712	0.810693	0.0298043	-0.526111	0.809307	0.580389	0.0903912	-0.265248	0.0559815	0.0769737	-0.99546	0.151494	
-0.584065	0.811147	0.0301491	-0.525928	0.809755	0.579684	0.0909029	-0.264514	0.0562586	0.0775066	-0.995403	0.151588	
-0.583433	0.81159	0.0304582	-0.525753	0.810192	0.578997	0.0913865	-0.2638	0.0565332	0.0779949	-0.99535	0.151698	
-0.582811	0.812024	0.0307822	-0.52557	0.81062	0.578321	0.0918756	-0.263094	0.0568032	0.0784988	-0.995295	0.1518	
-0.582173	0.812469	0.0311263	-0.525388	0.811059	0.577623	0.0923789	-0.262372	0.0570757	0.0790257	-0.995237	0.151891	
-0.581508	0.812935	0.0313886	-0.525244	0.811515	0.576907	0.0928476	-0.261653	0.0573707	0.0794639	-0.995185	0.152015	
-0.580833	0.813408	0.0316344	-0.525104	0.811977	0.576182	0.093319	-0.260929	0.0576793	0.0798892	-0.995134	0.15215	
-0.580151	0.813884	0.0318946	-0.524961	0.812443	0.575448	0.0937914	-0.260199	0.0579817	0.0803257	-0.995081	0.152277	
-0.57947	0.81436	0.0321348	-0.524823	0.812907	0.574717	0.0942487	-0.259476	0.0582838	0.0807369	-0.99503	0.152417	
-0.578796	0.814828	0.0324073	-0.524675	0.813366	0.573989	0.0947208	-0.258752	0.0585798	0.081183	-0.994976	0.152538	
-0.578129	0.815293	0.0326264	-0.524536	0.813818	0.573275	0.0951668	-0.258044	0.0588849	0.0815707	-0.994927	0.152686	
-0.577445	0.815771	0.0327849	-0.524426	0.81428	0.572548	0.0955849	-0.25734	0.0592045	0.0818911	-0.994881	0.15286	
-0.576767	0.816243	0.0329841	-0.5243	0.814739	0.571825	0.0960039	-0.256636	0.0595013	0.0822453	-0.994834	0.153018	
-0.576087	0.816715	0.0331739	-0.524175	0.815198	0.5711	0.0964196	-0.255932	0.0598017	0.0825894	-0.994788	0.153182	
-0.575385	0.817204	0.0333012	-0.524079	0.81567	0.57036	0.0968058	-0.255231	0.0601164	0.0828635	-0.994746	0.153369	
-0.574681	0.817693	0.0334592	-0.523973	0.816144	0.569615	0.0972041	-0.254522	0.0604242	0.0831689	-0.994702	0.153547	
-0.573988	0.818173	0.0336455	-0.523856	0.816609	0.568876	0.0976193	-0.253813	0.0607293	0.0835075	-0.994655	0.153708	
-0.5733	0.818649	0.033787	-0.523753	0.817069	0.568149	0.0980046	-0.253121	0.0610353	0.0837923	-0.994612	0.153881	
-0.572618	0.819119	0.0339467	-0.52365	0.817524	0.567426	0.0984008	-0.252426	0.0613397	0.0840984	-0.994568	0.154048	
-0.571947	0.819579	0.0341563	-0.523528	0.817972	0.566707	0.0988187	-0.251719	0.0616331	0.084458	-0.994519	0.154196	
-0.571295	0.820026	0.0343265	-0.523423	0.818405	0.566013	0.0992062	-0.251024	0.0619225	0.084769	-0.994475	0.15435	
-0.570667	0.820457	0.0344857	-0.523327	0.818822	0.565344	0.0995864	-0.250333	0.0622101	0.0850683	-0.994431	0.154506	
-0.570093	0.820847	0.034694	-0.523211	0.819201	0.564724	0.0999806	-0.249644	0.0624763	0.0854196	-0.994384	0.154644	
-0.569588	0.82119	0.0348809	-0.523095	0.819533	0.564175	0.10036	-0.248976	0.0627355	0.0857497	-0.99434	0.154781	
-0.569123	0.821506	0.0350245	-0.522991	0.819836	0.563672	0.100706	-0.248326	0.0629886	0.0860287	-0.994299	0.154933	
-0.568695	0.821791	0.0352882	-0.522852	0.820115	0.563193	0.101116	-0.247655	0.0632221	0.0864445	-0.994249	0.155042	
-0.568308	0.822049	0.0355061	-0.522722	0.820365	0.56276	0.1015	-0.246994	0.0634566	0.0868113	-0.994202	0.155166	
-0.567964	0.822281	0.0356516	-0.522618	0.820585	0.562378	0.101838	-0.246356	0.0636897	0.0870954	-0.994162	0.155323	
-0.567668	0.822476	0.035853	-0.522494	0.820774	0.562039	0.102186	-0.245719	0.0638946	0.0874349	-0.994119	0.155458	
-0.567425	0.822635	0.0360618	-0.522359	0.820927	0.561753	0.102525	-0.245093	0.0640831	0.0877796	-0.994076	0.155593	
-0.567234	0.822759	0.0362294	-0.522235	0.821045	0.561524	0.102836	-0.244485	0.0642655	0.088078	-0.994038	0.155737	
-0.567031	0.822894	0.0363428	-0.522129	0.821171	0.56129	0.103107	-0.243897	0.0644471	0.0883084	-0.994006	0.155896	
-0.56683	0.823026	0.0364817	-0.522011	0.821297	0.561057	0.103381	-0.2433	0.0646166	0.0885616	-0.993973	0.156049	
-0.56664	0.823152	0.0366079	-0.52189	0.821416	0.560836	0.103633	-0.242716	0.0647751	0.0887931	-0.993942	0.156199	
-0.566473	0.823264	0.0366771	-0.521782	0.821519	0.560646	0.10384	-0.242155	0.064925	0.0889537	-0.993917	0.156366	
-0.566351	0.823344	0.0367634	-0.521664	0.821593	0.5605	0.104043	-0.241604	0.0650577	0.0891296	-0.993893	0.156522	
-0.566275	0.823392	0.0368515	-0.521539	0.821635	0.560402	0.104232	-0.241061	0.0651717	0.0893023	-0.99387	0.156664	
-0.566258	0.823403	0.0368754	-0.521424	0.821639	0.56037	0.104383	-0.24054	0.0652851	0.0894057	-0.993853	0.156819	
-0.566242	0.823415	0.0368528	-0.521326	0.82164	0.560345	0.104503	-0.240029	0.0653994	0.089454	-0.993841	0.15697	
-0.566216	0.823433	0.0368561	-0.521218	0.82165	0.560307	0.104627	-0.239517	0.0655025	0.0895242	-0.993828	0.157102	
-0.566189	0.82345	0.0368759	-0.521102	0.821662	0.560269	0.104742	-0.239005	0.0655893	0.0896032	-0.993816	0.157227	
-0.566195	0.823449	0.0368177	-0.521011	0.821651	0.560273	0.104807	-0.238519	0.0656755	0.0895927	-0.993811	0.15737	
-0.566249	0.823411	0.0368224	-0.520903	0.821607	0.560318	0.104908	-0.238013	0.0657505	0.0896579	-0.9938	0.157486	
-0.566361	0.823331	0.0369	-0.520774	0.821526	0.560412	0.10504	-0.237497	0.0658031	0.0898046	-0.993783	0.157571	
-0.566527	0.823218	0.0368549	-0.520681	0.821407	0.560576	0.105093	-0.237015	0.0658546	0.0898111	-0.993779	0.157676	
-0.566737	0.82308	0.0367253	-0.520611	0.821259	0.560794	0.105086	-0.236567	0.0658985	0.0897169	-0.993785	0.157789	
-0.566998	0.822902	0.036683	-0.52051	0.821077	0.561056	0.105112	-0.236101	0.0659158	0.089718	-0.993784	0.157857	
-0.567338	0.822673	0.036562	-0.520435	0.820841	0.561404	0.105101	-0.235637	0.0659377	0.0896395	-0.993789	0.157939	
-0.567731	0.822411	0.0363502	-0.520393	0.820568	0.561816	0.105028	-0.235191	0.065954	0.0894555	-0.993805	0.158039	
-0.568161	0.822122	0.0361805	-0.520339	0.82027	0.562262	0.104968	-0.234737	0.0659536	0.0893166	-0.993817	0.158118	
-0.568629	0.821803	0.036068	-0.520266	0.819948	0.56274	0.104921	-0.234278	0.0659276	0.0892351	-0.993826	0.158192	
-0.569176	0.821432	0.0358841	-0.520213	0.819572	0.563308	0.104817	-0.233848	0.0658864	0.089069	-0.993844	0.158289	
-0.569722	0.82106	0.0357303	-0.520151	0.819196	0.563871	0.10473	-0.233415	0.0658421	0.0889369	-0.993859	0.158385	
-0.570252	0.820698	0.0355942	-0.520088	0.818831	0.564416	0.104644	-0.232975	0.0657913	0.0888191	-0.993873	0.158465	
-0.570807	0.820317	0.0354769	-0.520019	0.818449	0.564985	0.104556	-0.23253	0.0657256	0.0887176	-0.993886	0.15854	
-0.571336	0.819956	0.0353315	-0.519963	0.818086	0.565533	0.10444	-0.232093	0.0656548	0.0885743	-0.993903	0.15862	
-0.57182	0.819627	0.0351179	-0.519927	0.817752	0.566045	0.10428	-0.23167	0.0655922	0.0883471	-0.993928	0.158728	
-0.572306	0.819295	0.034944	-0.519874	0.817418	0.566553	0.10414	-0.231245	0.0655235	0.0881636	-0.993949	0.158833	
-0.572804	0.818952	0.0348312	-0.519797	0.817075	0.567067	0.104031	-0.23082	0.065445	0.0880493	-0.993964	0.158926	
-0.573255	0.818642	0.0346968	-0.519735	0.816765	0.567536	0.103916	-0.230397	0.0653787	0.0879098	-0.993981	0.159031	
-0.573705	0.818332	0.0345753	-0.519667	0.816454	0.568003	0.103806	-0.229974	0.0653086	0.0877829	-0.993996	0.15913	
-0.574196	0.81799	0.0345268	-0.519575	0.816116	0.568502	0.103731	-0.229545	0.0652221	0.0877397	-0.994006	0.159203	
-0.574654	0.817671	0.0344628	-0.519485	0.8158	0.56897	0.103655	-0.229109	0.0651472	0.0876803	-0.994016	0.159274	
-0.5751	0.81736	0.0343723	-0.519411	0.81549	0.569429	0.103567	-0.228683	0.0650792	0.0875918	-0.994028	0.159356	
-0.575593	0.817016	0.0343138	-0.519325	0.815149	0.56993	0.1035	-0.228258	0.0650047	0.0875446	-0.994037	0.159415	
-0.576059	0.816688	0.0342935	-0.519228	0.814825	0.570401	0.103453	-0.227818	0.0649274	0.087538	-0.994043	0.159468	
-0.576493	0.816384	0.0342437	-0.519145	0.814523	0.570841	0.103401	-0.227382	0.0648669	0.087502	-0.99405	0.159538	
-0.576906	0.816093	0.0342334	-0.519056	0.814236	0.571257	0.103368	-0.22694	0.0648018	0.0875076	-0.994054	0.159611	
-0.577314	0.8158	0.0343277	-0.518937	0.813953	0.571657	0.103383	-0.22648	0.0647162	0.0876257	-0.994049	0.159664	
-0.577668	0.815546	0.0344244	-0.518819	0.813709	0.572002	0.103401	-0.226022	0.0646373	0.0877428	-0.994044	0.159714	
-0.577995	0.81531	0.0345137	-0.518705	0.813482	0.572322	0.103413	-0.225578	0.0645609	0.0878486	-0.994039	0.159759	
-0.578289	0.815097	0.0346299	-0.518589	0.81328	0.572606	0.103433	-0.225125	0.0644786	0.0879779	-0.994033	0.15979	
-0.578553	0.814903	0.0347771	-0.518466	0.813099	0.572857	0.103465	-0.224662	0.0643916	0.0881372	-0.994025	0.159812	
-0.578767	0.814744	0.0349375	-0.518335	0.812953	0.573057	0.103499	-0.224202	0.064304	0.0883044	-0.994016	0.15983	
-0.578897	0.814648	0.035034	-0.518229	0.812867	0.57318	0.1035	-0.223743	0.0642353	0.0883939	-0.994012	0.159866	
-0.578999	0.814572	0.0351152	-0.51813	0.812799	0.573277	0.103493	-0.223288	0.0641719	0.0884641	-0.99401	0.159904	
-0.579107	0.81449	0.0352203	-0.518018	0.812727	0.573378	0.103499	-0.222836	0.0641044	0.0885616	-0.994006	0.159919	
-0.57918	0.814433	0.0353602	-0.517901	0.812681	0.57344	0.103518	-0.222373	0.0640317	0.0886923	-0.993999	0.159928	
-0.579213	0.814403	0.0354981	-0.517788	0.812663	0.573463	0.103537	-0.221903	0.0639641	0.0888181	-0.993992	0.159944	
-0.579201	0.814406	0.0356375	-0.517679	0.812676	0.573439	0.103562	-0.221424	0.0639054	0.0889449	-0.993984	0.159969	
-0.57919	0.814403	0.0358694	-0.517545	0.81269	0.573407	0.103637	-0.220917	0.0638345	0.0891761	-0.993968	0.15997	
-0.579217	0.814375	0.0360709	-0.517417	0.812675	0.573415	0.103702	-0.220409	0.063769	0.0893801	-0.993954	0.159968	
-0.579298	0.814311	0.0362154	-0.517315	0.812622	0.573482	0.103751	-0.219906	0.063717	0.0895324	-0.993944	0.159982	
-0.579396	0.814237	0.0363095	-0.517233	0.812554	0.573571	0.103789	-0.219389	0.063683	0.0896385	-0.993936	0.159989	
-0.579524	0.814138	0.036488	-0.517124	0.812467	0.57368	0.103869	-0.218858	0.063631	0.0898398	-0.993921	0.159968	
-0.579684	0.814018	0.0366125	-0.517035	0.812356	0.573826	0.103927	-0.218326	0.0635894	0.0899873	-0.993911	0.159957	
-0.579915	0.813852	0.0366614	-0.516969	0.812194	0.574051	0.103954	-0.217801	0.0635574	0.0900605	-0.993906	0.15997	
-0.58023	0.813625	0.0367203	-0.516895	0.811972	0.574359	0.103986	-0.217285	0.0635151	0.0901518	-0.993901	0.159977	
-0.580567	0.813379	0.0368402	-0.516799	0.811736	0.574681	0.10405	-0.216755	0.0634604	0.0903122	-0.99389	0.159966	
-0.580914	0.813126	0.0369334	-0.516716	0.811491	0.575018	0.104098	-0.216235	0.0634079	0.0904434	-0.993881	0.15997	
-0.581302	0.812845	0.0370381	-0.516633	0.811219	0.575393	0.104149	-0.215715	0.0633456	0.0905881	-0.993872	0.159974	
-0.581662	0.812579	0.0372194	-0.516533	0.810967	0.575733	0.104233	-0.215175	0.0632692	0.0908121	-0.993856	0.159962	
-0.582017	0.812314	0.0374447	-0.516415	0.810718	0.576065	0.104331	-0.214642	0.0631787	0.0910794	-0.993838	0.15993	
-0.582393	0.812037	0.0376114	-0.516315	0.810456	0.576424	0.10439	-0.214121	0.0630889	0.0912786	-0.993825	0.159915	
-0.582753	0.811772	0.0377458	-0.516232	0.810203	0.576771	0.104434	-0.213596	0.0630058	0.0914409	-0.993815	0.159906	
-0.583071	0.811536	0.037919	-0.516134	0.809982	0.577071	0.104493	-0.213067	0.0629175	0.0916403	-0.993803	0.159878	
-0.583389	0.811298	0.0381179	-0.516029	0.809761	0.577371	0.104545	-0.212554	0.062809	0.0918569	-0.993789	0.159845	
-0.583729	0.811045	0.0382956	-0.515926	0.809524	0.577696	0.104581	-0.212053	0.0626968	0.0920483	-0.993779	0.159808	
-0.584046	0.81081	0.0384393	-0.515837	0.809304	0.578002	0.104601	-0.211561	0.0625932	0.0922006	-0.993771	0.159781	
-0.584325	0.810598	0.038652	-0.515729	0.80911	0.578262	0.104658	-0.211044	0.0624845	0.092428	-0.993757	0.159731	
-0.584635	0.810363	0.0389104	-0.515609	0.808896	0.578548	0.104737	-0.21052	0.0623631	0.0927071	-0.993739	0.159681	
-0.58497	0.810109	0.0391527	-0.515499	0.808663	0.578861	0.1048	-0.210005	0.0622351	0.0929661	-0.993722	0.159638	
-0.585294	0.809863	0.0394104	-0.515391	0.808438	0.579161	0.104879	-0.209472	0.0621126	0.0932459	-0.993704	0.159606	
-0.585642	0.809599	0.0396729	-0.515288	0.808196	0.579483	0.104969	-0.208943	0.0619926	0.0935375	-0.993684	0.159565	
-0.586051	0.809285	0.0400283	-0.51516	0.80791	0.579857	0.105103	-0.208393	0.0618479	0.0939352	-0.993655	0.159498	
-0.586449	0.808981	0.0403361	-0.515057	0.807632	0.580225	0.105216	-0.207844	0.0617137	0.0942806	-0.993631	0.159439	
-0.586836	0.808687	0.0406127	-0.51497	0.807361	0.580585	0.105311	-0.207296	0.0615847	0.0945895	-0.99361	0.159384	
-0.587236	0.808382	0.0408976	-0.514886	0.80708	0.580957	0.105411	-0.206736	0.0614526	0.0949087	-0.993587	0.159333	
-0.587629	0.808078	0.0412489	-0.514783	0.806804	0.581316	0.10554	-0.206172	0.061306	0.0952982	-0.993559	0.15927	
-0.587975	0.807809	0.0415892	-0.51469	0.806562	0.581627	0.105677	-0.20559	0.0611779	0.09568	-0.99353	0.159215	
-0.588301	0.807556	0.0418918	-0.514619	0.806333	0.581922	0.105806	-0.204997	0.0610663	0.0960244	-0.993504	0.15918	
-0.588587	0.807329	0.042261	-0.514533	0.806134	0.582168	0.105964	-0.204385	0.060945	0.0964372	-0.993472	0.159123	
-0.588834	0.807127	0.0426742	-0.514434	0.805963	0.582374	0.106133	-0.203781	0.0608108	0.0968888	-0.993436	0.159061	
-0.589086	0.806921	0.0430771	-0.514337	0.805789	0.582586	0.106291	-0.203189	0.0606726	0.0973258	-0.993401	0.158998	
-0.589316	0.806732	0.0434721	-0.514247	0.80563	0.582775	0.106455	-0.202581	0.0605462	0.0977582	-0.993367	0.158931	
-0.589495	0.806581	0.0438393	-0.514169	0.805508	0.582917	0.106602	-0.20198	0.0604289	0.0981546	-0.993335	0.158869	
-0.589688	0.80642	0.0441995	-0.514093	0.805376	0.583074	0.106742	-0.20138	0.0603075	0.0985419	-0.993304	0.158809	
-0.589933	0.806221	0.0445649	-0.514015	0.805207	0.583283	0.106877	-0.200791	0.0601722	0.098934	-0.993273	0.158741	
-0.590171	0.806028	0.0449186	-0.513942	0.805042	0.583486	0.10701	-0.200192	0.060044	0.0993159	-0.993243	0.158677	
-0.590433	0.805815	0.0452888	-0.513862	0.80486	0.583711	0.107158	-0.199589	0.0599142	0.099721	-0.99321	0.158618	
-0.59076	0.805557	0.045612	-0.513799	0.80463	0.584005	0.107276	-0.198999	0.0597792	0.100075	-0.993182	0.15857	
-0.591135	0.805258	0.0460312	-0.513707	0.804366	0.584339	0.107438	-0.198396	0.0596172	0.100536	-0.993146	0.158505	
-0.591556	0.804923	0.0464691	-0.513609	0.804069	0.584717	0.107605	-0.197806	0.0594425	0.101019	-0.993107	0.158429	
-0.592023	0.804556	0.0468863	-0.513522	0.803739	0.585141	0.107763	-0.197212	0.059266	0.101482	-0.99307	0.158371	
-0.592508	0.804172	0.0473405	-0.513424	0.803396	0.585582	0.107932	-0.19662	0.0590738	0.101983	-0.993031	0.158304	
-0.592995	0.803789	0.047741	-0.513345	0.80305	0.586032	0.108061	-0.196041	0.0588807	0.102418	-0.992997	0.158254	
-0.593535	0.803366	0.048157	-0.513264	0.802666	0.586532	0.108201	-0.19546	0.0586796	0.102875	-0.992962	0.158208	
-0.594033	0.802972	0.0485887	-0.513178	0.802313	0.586989	0.108342	-0.194875	0.0584749	0.103342	-0.992926	0.158152	
-0.594501	0.8026	0.0489968	-0.513111	0.801979	0.587419	0.10848	-0.194273	0.0582843	0.103786	-0.99289	0.158109	
-0.594947	0.802246	0.0493819	-0.513056	0.801662	0.587828	0.108608	-0.193661	0.0581021	0.104203	-0.992857	0.158073	
-0.595378	0.801901	0.049799	-0.512992	0.801357	0.588221	0.108738	-0.193047	0.0579045	0.104647	-0.992822	0.158027	
-0.595868	0.801513	0.0501872	-0.512941	0.801007	0.588675	0.108855	-0.192439	0.0577046	0.105063	-0.99279	0.157996	
-0.596347	0.801132	0.0505637	-0.512903	0.800664	0.589121	0.108968	-0.191813	0.0575097	0.105467	-0.992758	0.157966	
-0.596869	0.80072	0.0509337	-0.512868	0.800289	0.589609	0.10908	-0.191179	0.0573113	0.105868	-0.992727	0.157944	
-0.597464	0.800254	0.051291	-0.512835	0.79986	0.590173	0.109174	-0.190555	0.0570961	0.106253	-0.992698	0.157924	
-0.598096	0.799759	0.0516334	-0.512805	0.799403	0.590777	0.109256	-0.18994	0.0568747	0.106622	-0.992672	0.157909	
-0.59879	0.799218	0.0519763	-0.512775	0.798901	0.591443	0.109328	-0.189334	0.0566358	0.106988	-0.992646	0.157891	
-0.59948	0.798679	0.052306	-0.512751	0.798401	0.592108	0.109383	-0.188734	0.0563912	0.107334	-0.992622	0.157878	
-0.600204	0.798113	0.0526345	-0.51273	0.797874	0.592807	0.109437	-0.188134	0.0561408	0.10768	-0.992599	0.157865	
-0.600891	0.797574	0.0529671	-0.512705	0.797374	0.59347	0.10949	-0.187533	0.0558919	0.108026	-0.992576	0.157852	
-0.60157	0.797039	0.0533117	-0.512675	0.79688	0.594123	0.109546	-0.186928	0.0556389	0.108383	-0.992551	0.157836	
-0.602225	0.796522	0.0536373	-0.512652	0.796402	0.594754	0.109592	-0.186325	0.0553918	0.108716	-0.992528	0.157832	
-0.602912	0.795983	0.0539244	-0.512637	0.7959	0.595422	0.109619	-0.18574	0.0551475	0.109009	-0.99251	0.157833	
-0.603593	0.795448	0.0541964	-0.512628	0.795399	0.596085	0.109648	-0.185154	0.0549133	0.10929	-0.992492	0.157836	
-0.604276	0.794909	0.0545044	-0.512609	0.794897	0.596746	0.109689	-0.18456	0.0546673	0.109608	-0.99247	0.157825	
-0.604948	0.794379	0.0547816	-0.5126	0.794403	0.5974	0.109716	-0.183963	0.0544298	0.109891	-0.992452	0.157829	
-0.605601	0.793862	0.055044	-0.512597	0.793921	0.598037	0.109736	-0.183363	0.0541966	0.110157	-0.992436	0.157839	
-0.606243	0.793354	0.0553054	-0.512593	0.793447	0.598662	0.109755	-0.182751	0.0539654	0.11042	-0.992419	0.157847	
-0.606827	0.792891	0.0555369	-0.512604	0.793015	0.599234	0.109754	-0.182132	0.0537438	0.110644	-0.992406	0.157856	
-0.607397	0.792441	0.0557267	-0.512635	0.792593	0.599797	0.109732	-0.181506	0.0535319	0.11082	-0.992398	0.157874	
-0.607913	0.79203	0.0559508	-0.512654	0.792212	0.600301	0.109721	-0.180879	0.053315	0.111026	-0.992386	0.157872	
-0.608391	0.791645	0.0562048	-0.512666	0.79186	0.600766	0.109721	-0.180235	0.0530943	0.11126	-0.992372	0.157863	
-0.608819	0.791304	0.0563687	-0.512709	0.791543	0.60119	0.109679	-0.179596	0.0529013	0.111393	-0.992367	0.157872	
-0.60925	0.790961	0.0565222	-0.512755	0.791224	0.601619	0.109631	-0.178953	0.0527088	0.111514	-0.992364	0.157891	
-0.609704	0.7906	0.0566702	-0.512794	0.790887	0.602071	0.109581	-0.178317	0.052515	0.111632	-0.992361	0.1579	
-0.610167	0.790236	0.0567734	-0.512846	0.790543	0.602536	0.109512	-0.17769	0.0523324	0.111702	-0.992363	0.157922	
-0.610672	0.789842	0.0568249	-0.512913	0.790164	0.603048	0.10942	-0.177071	0.0521567	0.111721	-0.99237	0.157945	
-0.611199	0.789432	0.0568491	-0.512982	0.789768	0.603587	0.109317	-0.17647	0.0519848	0.111712	-0.99238	0.15796	
-0.611749	0.789004	0.05688	-0.513046	0.789354	0.604146	0.109215	-0.175862	0.051807	0.11171	-0.992389	0.157968	
-0.612281	0.788593	0.0568634	-0.513122	0.788952	0.604693	0.109094	-0.175262	0.0516457	0.111659	-0.992404	0.157978	
-0.612804	0.78819	0.0568143	-0.513213	0.788556	0.605234	0.108957	-0.174664	0.051493	0.11157	-0.992422	0.157997	
-0.613301	0.787806	0.0567825	-0.513291	0.788179	0.605748	0.108827	-0.174065	0.0513385	0.111498	-0.992438	0.158004	
-0.613749	0.787462	0.0567155	-0.513379	0.787839	0.606216	0.108679	-0.173467	0.0511987	0.111384	-0.992458	0.158007	
-0.614165	0.78715	0.0565376	-0.513499	0.787522	0.606663	0.108484	-0.17288	0.0510938	0.111152	-0.992489	0.158026	
