-0.690531	0.722525	-0.0335432	-0.534856	0.721623	0.691344	0.0360923	-0.370474	0.0492675	0.000717275	-0.998785	0.147196	
-0.690531	0.722524	-0.0335535	-0.534858	0.721623	0.691345	0.0360847	-0.370476	0.0492692	0.000704624	-0.998785	0.147204	
-0.69052	0.722535	-0.0335617	-0.534863	0.721633	0.691334	0.0360959	-0.370467	0.0492829	0.000705697	-0.998785	0.147207	
-0.690486	0.722566	-0.0335728	-0.534884	0.721663	0.691302	0.036116	-0.370436	0.0493052	0.00070938	-0.998784	0.147206	
-0.690465	0.722587	-0.0335722	-0.534895	0.721684	0.69128	0.0361179	-0.37042	0.0493061	0.000709574	-0.998783	0.147206	
-0.690447	0.722603	-0.0335719	-0.534904	0.7217	0.691263	0.0361195	-0.370407	0.049307	0.000709771	-0.998783	0.147206	
-0.690432	0.722618	-0.0335726	-0.534912	0.721715	0.691247	0.0361226	-0.370395	0.0493098	0.000710356	-0.998783	0.147206	
-0.690417	0.722632	-0.0335756	-0.534921	0.721729	0.691232	0.0361244	-0.370384	0.0493132	0.000708392	-0.998783	0.147208	
-0.690401	0.722647	-0.0335835	-0.53493	0.721744	0.691217	0.0361197	-0.370373	0.0493152	0.000698361	-0.998783	0.147214	
-0.690382	0.722665	-0.0335987	-0.534941	0.721762	0.691198	0.0361083	-0.370363	0.0493176	0.000678203	-0.998783	0.147228	
-0.690361	0.722683	-0.0336194	-0.534955	0.721782	0.691179	0.0360956	-0.370351	0.0493227	0.000653157	-0.998783	0.147244	
-0.690337	0.722705	-0.0336393	-0.53497	0.721804	0.691156	0.0360846	-0.370336	0.0493286	0.000629565	-0.998782	0.14726	
-0.690311	0.72273	-0.0336584	-0.534987	0.721829	0.691131	0.0360775	-0.370318	0.0493366	0.000609023	-0.998782	0.147273	
-0.690287	0.722752	-0.0336748	-0.535002	0.721851	0.691108	0.0360753	-0.370302	0.0493464	0.000594141	-0.998782	0.147283	
-0.690261	0.722776	-0.0336906	-0.535018	0.721875	0.691082	0.0360747	-0.370284	0.0493569	0.000580535	-0.998781	0.147292	
-0.690241	0.722794	-0.0337062	-0.535031	0.721893	0.691064	0.0360684	-0.370272	0.0493631	0.000563629	-0.998781	0.147303	
-0.690218	0.722815	-0.0337231	-0.535046	0.721915	0.691042	0.0360623	-0.370257	0.0493704	0.000545596	-0.99878	0.147314	
-0.690191	0.72284	-0.0337425	-0.535064	0.721941	0.691015	0.0360581	-0.370239	0.0493808	0.00052686	-0.99878	0.147326	
-0.690159	0.722869	-0.03376	-0.535083	0.72197	0.690985	0.0360587	-0.370217	0.0493933	0.000512548	-0.998779	0.147336	
-0.690131	0.722896	-0.0337796	-0.535101	0.721996	0.690957	0.03606	-0.370197	0.0494079	0.000497371	-0.998779	0.147346	
-0.6901	0.722924	-0.0337988	-0.53512	0.722024	0.690927	0.0360629	-0.370176	0.0494233	0.000483523	-0.998778	0.147356	
-0.690078	0.722945	-0.0338145	-0.535135	0.722045	0.690906	0.0360622	-0.370161	0.0494336	0.000470139	-0.998777	0.147365	
-0.690057	0.722964	-0.0338279	-0.535148	0.722064	0.690885	0.036062	-0.370146	0.0494427	0.000458893	-0.998777	0.147372	
-0.690037	0.722982	-0.033839	-0.53516	0.722083	0.690866	0.0360631	-0.370132	0.0494512	0.000450283	-0.998776	0.147379	
-0.690016	0.723002	-0.0338495	-0.535172	0.722102	0.690846	0.0360658	-0.370117	0.0494604	0.000443148	-0.998776	0.147384	
-0.689994	0.723023	-0.0338551	-0.535184	0.722122	0.690824	0.0360727	-0.3701	0.0494693	0.000442421	-0.998776	0.147385	
-0.689971	0.723045	-0.0338601	-0.535197	0.722144	0.690801	0.0360835	-0.370081	0.0494806	0.000444756	-0.998775	0.147385	
-0.689947	0.723068	-0.0338638	-0.53521	0.722166	0.690777	0.0360973	-0.370061	0.0494931	0.000449956	-0.998774	0.147383	
-0.689925	0.723089	-0.0338651	-0.535222	0.722186	0.690755	0.0361116	-0.370043	0.0495044	0.000457386	-0.998774	0.147379	
-0.689904	0.723108	-0.033868	-0.535233	0.722206	0.690734	0.0361281	-0.370024	0.0495184	0.000465223	-0.998773	0.147376	
-0.689884	0.723127	-0.033872	-0.535244	0.722224	0.690715	0.0361418	-0.370007	0.049531	0.000470503	-0.998773	0.147374	
-0.689867	0.723143	-0.0338746	-0.535253	0.722239	0.690698	0.036153	-0.369993	0.0495409	0.000475202	-0.998772	0.147373	
-0.689852	0.723157	-0.0338763	-0.53526	0.722253	0.690683	0.0361624	-0.36998	0.0495489	0.000479441	-0.998772	0.147371	
-0.689838	0.72317	-0.0338781	-0.535268	0.722265	0.69067	0.0361694	-0.369969	0.0495552	0.000482034	-0.998771	0.14737	
-0.689824	0.723184	-0.0338793	-0.535275	0.722279	0.690655	0.0361756	-0.369957	0.0495605	0.00048445	-0.998771	0.147369	
-0.689806	0.723201	-0.033882	-0.535285	0.722295	0.690638	0.0361821	-0.369944	0.0495671	0.000485809	-0.998771	0.147369	
-0.68979	0.723217	-0.0338831	-0.535293	0.722311	0.690621	0.0361885	-0.36993	0.0495725	0.000488289	-0.99877	0.147368	
-0.689771	0.723234	-0.0338863	-0.535304	0.722328	0.690603	0.0361934	-0.369916	0.0495783	0.000488143	-0.99877	0.147369	
-0.689756	0.723248	-0.033886	-0.535311	0.722342	0.690588	0.0361973	-0.369905	0.0495809	0.000490036	-0.99877	0.147368	
-0.68974	0.723264	-0.0338878	-0.53532	0.722357	0.690572	0.0362022	-0.369892	0.0495856	0.00049101	-0.99877	0.147368	
-0.689726	0.723277	-0.0338891	-0.535327	0.722371	0.690557	0.0362061	-0.369881	0.0495894	0.000491788	-0.99877	0.147368	
-0.689711	0.723291	-0.0338904	-0.535335	0.722384	0.690543	0.03621	-0.36987	0.0495931	0.000492566	-0.998769	0.147368	
-0.689698	0.723304	-0.0338918	-0.535342	0.722397	0.69053	0.0362116	-0.36986	0.0495952	0.000491709	-0.998769	0.147368	
-0.689684	0.723317	-0.0338932	-0.53535	0.72241	0.690516	0.036213	-0.36985	0.0495973	0.000490783	-0.998769	0.147369	
-0.689672	0.723329	-0.0338941	-0.535356	0.722422	0.690504	0.0362138	-0.369841	0.0495985	0.000489749	-0.998769	0.14737	
-0.689659	0.723341	-0.033895	-0.535363	0.722434	0.690491	0.0362123	-0.369832	0.049598	0.000487309	-0.998769	0.147371	
-0.68965	0.723349	-0.0338976	-0.535369	0.722443	0.690482	0.0362106	-0.369826	0.0495986	0.000483501	-0.998769	0.147373	
-0.68964	0.723358	-0.0338992	-0.535374	0.722452	0.690473	0.0362096	-0.36982	0.049599	0.000481019	-0.998769	0.147374	
-0.689633	0.723365	-0.0339031	-0.535379	0.722458	0.690466	0.0362069	-0.369816	0.0495997	0.00047596	-0.998769	0.147376	
-0.689628	0.72337	-0.0339054	-0.535383	0.722463	0.690461	0.0362041	-0.369813	0.0495993	0.000471935	-0.998769	0.147377	
-0.689624	0.723374	-0.0339092	-0.535387	0.722467	0.690457	0.0362012	-0.369812	0.0495998	0.000466869	-0.998769	0.147379	
-0.689621	0.723376	-0.0339146	-0.53539	0.72247	0.690454	0.036196	-0.369812	0.0495998	0.00045917	-0.998769	0.147382	
-0.689618	0.723379	-0.0339237	-0.535396	0.722473	0.690451	0.0361893	-0.369814	0.0496012	0.000447856	-0.998769	0.147386	
-0.689614	0.723381	-0.0339339	-0.535401	0.722476	0.690449	0.0361817	-0.369815	0.0496027	0.000435012	-0.998769	0.14739	
-0.689612	0.723383	-0.0339485	-0.535408	0.722478	0.690447	0.0361697	-0.36982	0.0496042	0.000416004	-0.998769	0.147396	
-0.689609	0.723385	-0.0339668	-0.535417	0.722481	0.690445	0.0361562	-0.369824	0.049607	0.000393237	-0.998769	0.147405	
-0.689605	0.723388	-0.0339902	-0.535428	0.722485	0.690442	0.0361389	-0.36983	0.0496107	0.000364157	-0.998769	0.147415	
-0.6896	0.723391	-0.0340145	-0.53544	0.722488	0.690439	0.0361208	-0.369837	0.0496144	0.000333824	-0.998768	0.147425	
-0.689595	0.723395	-0.0340409	-0.535453	0.722493	0.690435	0.0361013	-0.369843	0.0496185	0.000300915	-0.998768	0.147437	
-0.689589	0.723399	-0.03407	-0.535468	0.722499	0.69043	0.0360775	-0.36985	0.0496214	0.00026309	-0.998768	0.14745	
-0.689582	0.723404	-0.0341005	-0.535483	0.722505	0.690425	0.036055	-0.369857	0.0496262	0.0002251	-0.998768	0.147464	
-0.689574	0.72341	-0.034137	-0.535501	0.722512	0.690419	0.036028	-0.369866	0.0496319	0.000179584	-0.998768	0.14748	
-0.689568	0.723414	-0.0341751	-0.53552	0.722518	0.690415	0.0359987	-0.369875	0.049637	0.000131434	-0.998767	0.147497	
-0.689561	0.723419	-0.0342167	-0.535539	0.722524	0.690409	0.035968	-0.369886	0.0496435	7.9725e-05	-0.998767	0.147515	
-0.689552	0.723425	-0.0342605	-0.53556	0.722532	0.690403	0.0359356	-0.369897	0.0496503	2.51605e-05	-0.998767	0.147535	
-0.689545	0.72343	-0.0343041	-0.535581	0.722539	0.690397	0.0359034	-0.369908	0.0496571	-2.90493e-05	-0.998766	0.147554	
-0.689539	0.723434	-0.0343489	-0.535601	0.722544	0.690394	0.0358703	-0.369921	0.0496641	-8.45871e-05	-0.998766	0.147574	
-0.689533	0.723437	-0.0343928	-0.535621	0.722549	0.69039	0.0358381	-0.369933	0.0496711	-0.000138912	-0.998766	0.147594	
-0.689529	0.723439	-0.0344355	-0.535638	0.722553	0.690388	0.0358061	-0.369945	0.0496774	-0.000192145	-0.998765	0.147615	
-0.689525	0.723441	-0.0344791	-0.535654	0.722556	0.690386	0.0357753	-0.369956	0.0496852	-0.000245106	-0.998765	0.147638	
-0.689529	0.723435	-0.0345235	-0.535664	0.722552	0.690392	0.0357425	-0.369971	0.0496921	-0.000299488	-0.998765	0.147665	
-0.689537	0.723425	-0.034568	-0.53567	0.722543	0.690403	0.0357117	-0.369986	0.0497006	-0.000352379	-0.998764	0.147694	
-0.689542	0.723418	-0.034613	-0.535675	0.722537	0.69041	0.0356817	-0.369998	0.0497099	-0.00040512	-0.998764	0.147727	
-0.689548	0.723411	-0.0346551	-0.535678	0.722532	0.690418	0.0356519	-0.370008	0.0497175	-0.000455757	-0.998763	0.14776	
-0.689555	0.723402	-0.0346954	-0.535679	0.722525	0.690427	0.0356233	-0.37002	0.0497247	-0.000504071	-0.998763	0.147792	
-0.689566	0.72339	-0.0347354	-0.535678	0.722514	0.69044	0.0355941	-0.370034	0.0497311	-0.00055234	-0.998762	0.147825	
-0.689579	0.723375	-0.0347684	-0.535675	0.7225	0.690455	0.0355703	-0.370047	0.0497367	-0.000591639	-0.998762	0.147852	
-0.68959	0.723363	-0.0348098	-0.535675	0.722489	0.690468	0.0355433	-0.370061	0.0497458	-0.000639345	-0.998762	0.147884	
-0.689596	0.723355	-0.0348504	-0.535676	0.722483	0.690476	0.035518	-0.370071	0.0497555	-0.000685759	-0.998761	0.147916	
-0.689601	0.723348	-0.0348934	-0.53568	0.722477	0.690483	0.0354898	-0.370081	0.0497648	-0.000735887	-0.998761	0.147948	
-0.6896	0.723347	-0.0349357	-0.535687	0.722478	0.690484	0.0354633	-0.370086	0.0497748	-0.00078479	-0.99876	0.14798	
-0.689598	0.723347	-0.0349724	-0.535694	0.722479	0.690484	0.0354402	-0.37009	0.0497834	-0.000827382	-0.99876	0.148008	
-0.689594	0.723349	-0.0350141	-0.535703	0.722482	0.690482	0.0354134	-0.370095	0.0497928	-0.000876218	-0.998759	0.148038	
-0.689591	0.723351	-0.0350494	-0.535711	0.722485	0.69048	0.0353903	-0.3701	0.0498005	-0.000917809	-0.998759	0.148062	
-0.689588	0.723351	-0.0350915	-0.535723	0.722487	0.69048	0.035362	-0.370107	0.0498092	-0.00096793	-0.998758	0.148088	
-0.689583	0.723354	-0.0351293	-0.535736	0.722491	0.690477	0.0353363	-0.370114	0.0498166	-0.00101327	-0.998758	0.148111	
-0.689576	0.723359	-0.0351676	-0.535751	0.722497	0.690472	0.0353096	-0.37012	0.0498238	-0.00105984	-0.998757	0.148133	
-0.689567	0.723366	-0.0352082	-0.535768	0.722506	0.690464	0.0352821	-0.370125	0.0498319	-0.00110874	-0.998757	0.148154	
-0.689554	0.723375	-0.0352523	-0.535789	0.722517	0.690454	0.0352509	-0.370131	0.0498397	-0.00116295	-0.998757	0.148177	
-0.689541	0.723386	-0.0352922	-0.535809	0.722529	0.690443	0.0352226	-0.370135	0.0498468	-0.00121222	-0.998756	0.148198	
-0.689532	0.723393	-0.0353323	-0.535827	0.722538	0.690435	0.0351943	-0.37014	0.049854	-0.00126137	-0.998756	0.14822	
-0.689522	0.723401	-0.0353706	-0.535844	0.722546	0.690427	0.0351698	-0.370143	0.0498627	-0.00130648	-0.998755	0.14824	
-0.689514	0.723406	-0.0354037	-0.535857	0.722553	0.690421	0.0351448	-0.370148	0.0498674	-0.0013482	-0.998755	0.14826	
-0.68951	0.723408	-0.0354373	-0.535867	0.722556	0.690419	0.0351222	-0.370153	0.0498743	-0.00138839	-0.998755	0.148281	
-0.689508	0.723409	-0.0354704	-0.535875	0.722558	0.690418	0.0351005	-0.370158	0.0498814	-0.00142734	-0.998754	0.148304	
-0.689506	0.723409	-0.0355035	-0.535882	0.72256	0.690418	0.0350793	-0.370162	0.0498889	-0.00146605	-0.998754	0.148327	
-0.689506	0.723408	-0.0355405	-0.535888	0.722559	0.690419	0.0350581	-0.370167	0.0498991	-0.00150733	-0.998753	0.148354	
-0.689504	0.723408	-0.035574	-0.535893	0.722561	0.690419	0.0350372	-0.37017	0.0499072	-0.00154611	-0.998753	0.14838	
-0.689503	0.723407	-0.0356098	-0.535899	0.722561	0.69042	0.0350148	-0.370174	0.0499157	-0.00158744	-0.998752	0.148407	
-0.689503	0.723405	-0.0356489	-0.535904	0.72256	0.690422	0.0349903	-0.37018	0.049925	-0.00163255	-0.998752	0.148437	
-0.689502	0.723404	-0.0356899	-0.535911	0.722561	0.690423	0.0349646	-0.370185	0.0499346	-0.00167998	-0.998751	0.148468	
-0.6895	0.723404	-0.0357331	-0.535919	0.722562	0.690423	0.0349371	-0.370191	0.0499446	-0.00173022	-0.998751	0.1485	
-0.689497	0.723404	-0.0357833	-0.53593	0.722564	0.690422	0.0349047	-0.370198	0.0499559	-0.00178906	-0.99875	0.148535	
-0.689494	0.723405	-0.0358387	-0.535943	0.722566	0.690422	0.0348684	-0.370207	0.0499678	-0.00185431	-0.998749	0.148573	
-0.68949	0.723406	-0.0358919	-0.535956	0.722569	0.69042	0.0348333	-0.370215	0.0499791	-0.00191721	-0.998748	0.148608	
-0.689484	0.723408	-0.0359519	-0.535974	0.722573	0.690418	0.0347928	-0.370226	0.0499912	-0.00198884	-0.998748	0.148645	
-0.689479	0.723409	-0.036018	-0.535994	0.722577	0.690416	0.0347477	-0.37024	0.0500042	-0.00206802	-0.998747	0.148685	
-0.689474	0.723412	-0.0360765	-0.536013	0.722582	0.690414	0.0347073	-0.370252	0.0500154	-0.00213842	-0.998746	0.148719	
-0.689468	0.723414	-0.036136	-0.536033	0.722587	0.690411	0.0346661	-0.370265	0.0500266	-0.00221028	-0.998745	0.148753	
-0.689462	0.723417	-0.0361987	-0.536054	0.722591	0.690408	0.0346247	-0.370277	0.05004	-0.00228444	-0.998745	0.148788	
-0.689456	0.723419	-0.0362582	-0.536074	0.722596	0.690405	0.0345837	-0.37029	0.0500513	-0.00235608	-0.998744	0.148822	
-0.689451	0.723422	-0.03632	-0.536093	0.722601	0.690402	0.0345412	-0.370302	0.0500633	-0.00243039	-0.998743	0.148859	
-0.689446	0.723423	-0.0363768	-0.53611	0.722605	0.6904	0.0345028	-0.370313	0.0500747	-0.0024983	-0.998742	0.148894	
-0.689441	0.723425	-0.0364327	-0.536126	0.722608	0.690398	0.0344653	-0.370323	0.0500861	-0.00256479	-0.998742	0.148929	
-0.689438	0.723425	-0.036487	-0.536139	0.72261	0.690398	0.0344296	-0.370332	0.0500978	-0.00262879	-0.998741	0.148966	
-0.689436	0.723425	-0.0365433	-0.536151	0.722612	0.690398	0.0343919	-0.370341	0.0501094	-0.00269555	-0.99874	0.149005	
-0.689433	0.723425	-0.0365929	-0.53616	0.722614	0.690398	0.0343606	-0.370347	0.050121	-0.00275321	-0.998739	0.149043	
-0.689431	0.723424	-0.0366482	-0.536168	0.722614	0.690399	0.0343261	-0.370353	0.0501342	-0.00281704	-0.998739	0.149085	
-0.689428	0.723423	-0.0367035	-0.536177	0.722616	0.690399	0.0342918	-0.370358	0.0501475	-0.00288079	-0.998738	0.149128	
-0.689426	0.723423	-0.0367599	-0.536186	0.722618	0.690399	0.0342568	-0.370364	0.0501611	-0.00294583	-0.998737	0.149171	
-0.689424	0.723422	-0.0368175	-0.536194	0.722618	0.6904	0.0342211	-0.37037	0.0501751	-0.00301217	-0.998736	0.149216	
-0.689421	0.723422	-0.0368793	-0.536204	0.72262	0.690399	0.0341826	-0.370376	0.0501898	-0.00308355	-0.998735	0.149264	
-0.689416	0.723423	-0.0369442	-0.536215	0.722623	0.690398	0.0341421	-0.370382	0.0502054	-0.00315865	-0.998734	0.149314	
-0.689413	0.723423	-0.0370097	-0.536225	0.722626	0.690398	0.0341024	-0.370388	0.0502219	-0.00323357	-0.998733	0.149364	
-0.689409	0.723423	-0.037077	-0.536237	0.722628	0.690397	0.0340627	-0.370393	0.0502395	-0.00330975	-0.998732	0.149414	
-0.689401	0.723427	-0.0371417	-0.53625	0.722635	0.690392	0.0340224	-0.370396	0.0502551	-0.00338484	-0.998731	0.149464	
-0.689389	0.723436	-0.0372062	-0.536265	0.722645	0.690383	0.0339801	-0.370397	0.0502689	-0.00346134	-0.99873	0.149515	
-0.689375	0.723445	-0.0372695	-0.53628	0.722657	0.690373	0.0339408	-0.370396	0.0502841	-0.00353515	-0.998729	0.149563	
-0.689359	0.723457	-0.0373328	-0.536298	0.722672	0.69036	0.0339014	-0.370393	0.0502992	-0.00360915	-0.998728	0.149612	
-0.689346	0.723467	-0.0373918	-0.536313	0.722683	0.690349	0.0338647	-0.370392	0.0503134	-0.00367794	-0.998727	0.149657	
-0.689332	0.723477	-0.0374496	-0.536328	0.722695	0.690339	0.0338286	-0.370391	0.0503272	-0.0037455	-0.998726	0.149701	
-0.689323	0.723483	-0.0375087	-0.536342	0.722703	0.690332	0.0337916	-0.370392	0.0503411	-0.00381437	-0.998725	0.149746	
-0.689314	0.723488	-0.0375679	-0.536355	0.722711	0.690326	0.0337545	-0.370395	0.0503551	-0.00388331	-0.998724	0.149791	
-0.689306	0.723493	-0.0376324	-0.536369	0.722717	0.690321	0.0337139	-0.370399	0.0503702	-0.0039584	-0.998723	0.149839	
-0.689299	0.723496	-0.0376939	-0.536381	0.722723	0.690317	0.0336754	-0.370402	0.0503848	-0.00402987	-0.998722	0.149886	
-0.689292	0.723499	-0.0377586	-0.536394	0.722728	0.690314	0.033635	-0.370407	0.0504001	-0.00410486	-0.998721	0.149935	
-0.689288	0.723499	-0.0378203	-0.536405	0.722731	0.690312	0.0335963	-0.370413	0.0504147	-0.00417633	-0.99872	0.149982	
-0.689284	0.7235	-0.0378798	-0.536415	0.722734	0.690311	0.0335592	-0.370418	0.0504289	-0.00424512	-0.998719	0.150027	
-0.689281	0.7235	-0.0379393	-0.536425	0.722736	0.690311	0.033522	-0.370425	0.0504431	-0.00431403	-0.998718	0.150073	
-0.689278	0.7235	-0.0379957	-0.536434	0.722737	0.690311	0.0334869	-0.37043	0.0504566	-0.00437909	-0.998717	0.150116	
-0.689275	0.723499	-0.0380553	-0.536443	0.722739	0.690311	0.0334497	-0.370436	0.0504708	-0.00444799	-0.998716	0.150162	
-0.689273	0.723498	-0.0381171	-0.536453	0.72274	0.690312	0.0334112	-0.370443	0.0504856	-0.00451938	-0.998715	0.150209	
-0.689274	0.723494	-0.0381823	-0.536461	0.722739	0.690315	0.0333705	-0.370452	0.0505012	-0.00459441	-0.998713	0.150259	
-0.689273	0.723492	-0.0382475	-0.536471	0.722738	0.690317	0.033332	-0.37046	0.0505183	-0.00466812	-0.998712	0.150308	
-0.68927	0.72349	-0.0383158	-0.536481	0.72274	0.690318	0.0332893	-0.370467	0.0505346	-0.004747	-0.998711	0.150361	
-0.689268	0.72349	-0.0383764	-0.53649	0.722741	0.690318	0.0332494	-0.370474	0.0505475	-0.00481847	-0.99871	0.150408	
-0.689266	0.723488	-0.0384372	-0.5365	0.722742	0.69032	0.0332136	-0.37048	0.0505636	-0.00488715	-0.998709	0.150454	
-0.689262	0.723489	-0.0384923	-0.536509	0.722745	0.690318	0.0331792	-0.370485	0.0505767	-0.00495092	-0.998708	0.150496	
-0.689259	0.723488	-0.0385465	-0.536518	0.722746	0.690318	0.0331455	-0.370491	0.0505897	-0.0050135	-0.998707	0.150538	
-0.689256	0.723489	-0.0385995	-0.536527	0.722749	0.690317	0.0331124	-0.370495	0.0506024	-0.00507478	-0.998706	0.150578	
-0.689251	0.723491	-0.0386514	-0.536536	0.722752	0.690315	0.03308	-0.370499	0.0506147	-0.00513496	-0.998705	0.150618	
-0.689244	0.723495	-0.0386989	-0.536546	0.722758	0.69031	0.0330505	-0.370501	0.0506261	-0.00519004	-0.998704	0.150655	
-0.689238	0.723498	-0.0387485	-0.536556	0.722763	0.690306	0.0330196	-0.370503	0.0506379	-0.00524768	-0.998703	0.150693	
-0.689231	0.723502	-0.0387958	-0.536567	0.722769	0.690301	0.0329901	-0.370505	0.0506492	-0.00530265	-0.998702	0.150729	
-0.689223	0.723508	-0.038841	-0.536577	0.722776	0.690296	0.032962	-0.370505	0.05066	-0.00535521	-0.998702	0.150763	
-0.689216	0.723512	-0.0388872	-0.536587	0.722782	0.690291	0.032933	-0.370507	0.0506709	-0.00540901	-0.998701	0.150799	
-0.68921	0.723515	-0.0389389	-0.536598	0.722787	0.690287	0.0329004	-0.370511	0.050683	-0.00546923	-0.9987	0.150837	
-0.689206	0.723516	-0.0389906	-0.536608	0.72279	0.690286	0.0328677	-0.370516	0.0506949	-0.00552939	-0.998699	0.150875	
-0.689204	0.723515	-0.0390445	-0.536618	0.722791	0.690286	0.0328335	-0.370523	0.0507074	-0.00559202	-0.998698	0.150915	
-0.6892	0.723515	-0.0391026	-0.536629	0.722793	0.690286	0.0327965	-0.37053	0.0507207	-0.0056597	-0.998697	0.150957	
-0.689197	0.723514	-0.0391648	-0.536641	0.722795	0.690285	0.0327565	-0.370539	0.0507347	-0.00573243	-0.998696	0.151002	
-0.689197	0.723511	-0.0392309	-0.536653	0.722794	0.690289	0.0327128	-0.370551	0.0507488	-0.00581028	-0.998695	0.151049	
-0.689196	0.723508	-0.0393029	-0.536666	0.722794	0.690291	0.0326664	-0.370563	0.0507648	-0.00589433	-0.998693	0.1511	
-0.689195	0.723505	-0.0393823	-0.536681	0.722794	0.690293	0.0326151	-0.370576	0.0507825	-0.00598711	-0.998692	0.151157	
-0.689191	0.723504	-0.0394639	-0.536697	0.722796	0.690294	0.0325627	-0.370588	0.0508009	-0.00608238	-0.99869	0.151215	
-0.689188	0.723503	-0.039553	-0.536715	0.722798	0.690294	0.0325055	-0.370601	0.050821	-0.00618646	-0.998689	0.151279	
-0.689183	0.723502	-0.0396387	-0.536732	0.722802	0.690293	0.0324504	-0.370613	0.0508403	-0.0062867	-0.998687	0.15134	
-0.689179	0.723501	-0.0397311	-0.536751	0.722804	0.690293	0.0323932	-0.370625	0.0508626	-0.0063931	-0.998685	0.151405	
-0.689173	0.723502	-0.0398189	-0.536769	0.722808	0.690292	0.0323368	-0.370636	0.0508824	-0.00649582	-0.998684	0.151468	
-0.689167	0.723502	-0.0399103	-0.536787	0.722812	0.69029	0.0322783	-0.370648	0.0509031	-0.00660256	-0.998682	0.151534	
-0.689163	0.723502	-0.0399994	-0.536804	0.722815	0.69029	0.0322213	-0.37066	0.0509234	-0.00670641	-0.99868	0.151598	
-0.689157	0.723502	-0.0400888	-0.536821	0.722819	0.690289	0.0321645	-0.37067	0.050944	-0.00681048	-0.998678	0.151664	
-0.689153	0.723501	-0.0401816	-0.536838	0.722821	0.690288	0.032108	-0.37068	0.0509671	-0.00691681	-0.998676	0.151732	
-0.689147	0.723501	-0.0402686	-0.536853	0.722825	0.690287	0.0320546	-0.370689	0.0509884	-0.00701685	-0.998675	0.151798	
-0.689143	0.7235	-0.0403584	-0.536868	0.722827	0.690287	0.0320005	-0.370697	0.0510113	-0.00711927	-0.998673	0.151865	
-0.689138	0.723501	-0.0404429	-0.536882	0.722831	0.690286	0.0319478	-0.370705	0.0510315	-0.00721692	-0.998671	0.15193	
-0.689134	0.7235	-0.0405242	-0.536895	0.722834	0.690286	0.0318972	-0.370713	0.0510509	-0.00731078	-0.998669	0.151993	
-0.68913	0.723499	-0.0406056	-0.536908	0.722835	0.690286	0.0318487	-0.370721	0.0510719	-0.00740327	-0.998668	0.152055	
-0.689124	0.7235	-0.0406857	-0.536921	0.72284	0.690284	0.0317988	-0.370727	0.0510911	-0.00749591	-0.998666	0.152116	
-0.689119	0.7235	-0.0407703	-0.536936	0.722843	0.690282	0.0317483	-0.370733	0.0511129	-0.00759215	-0.998664	0.152181	
-0.689115	0.7235	-0.0408559	-0.536949	0.722846	0.690282	0.031695	-0.370742	0.0511334	-0.00769104	-0.998662	0.152247	
-0.68911	0.723499	-0.040942	-0.536963	0.722849	0.690281	0.0316402	-0.37075	0.0511532	-0.00779137	-0.99866	0.152313	
-0.689105	0.723499	-0.0410331	-0.536977	0.722852	0.690281	0.0315836	-0.370759	0.051175	-0.00789644	-0.998658	0.152384	
-0.689101	0.723497	-0.0411252	-0.536992	0.722854	0.690281	0.0315283	-0.370768	0.0511986	-0.00800136	-0.998656	0.152454	
-0.689097	0.723495	-0.0412196	-0.537006	0.722856	0.690281	0.0314696	-0.370777	0.0512212	-0.00811021	-0.998654	0.152526	
-0.689094	0.723493	-0.0413163	-0.53702	0.722858	0.690283	0.0314094	-0.370788	0.0512444	-0.00822175	-0.998652	0.152601	
-0.689091	0.72349	-0.041416	-0.537034	0.722859	0.690284	0.0313473	-0.370799	0.0512683	-0.0083368	-0.99865	0.152678	
-0.689087	0.723488	-0.0415092	-0.537048	0.722861	0.690285	0.0312893	-0.370809	0.0512906	-0.00844434	-0.998648	0.15275	
-0.689083	0.723487	-0.0416123	-0.537064	0.722863	0.690285	0.0312272	-0.370818	0.0513168	-0.00856184	-0.998646	0.152828	
-0.689079	0.723485	-0.0417131	-0.53708	0.722866	0.690285	0.0311644	-0.370829	0.0513409	-0.00867827	-0.998643	0.152906	
-0.689073	0.723484	-0.041816	-0.537096	0.722869	0.690285	0.0311002	-0.370839	0.0513655	-0.00879717	-0.998641	0.152985	
-0.689068	0.723483	-0.0419244	-0.537113	0.722872	0.690284	0.0310328	-0.370849	0.0513914	-0.00892226	-0.998639	0.153069	
-0.689064	0.723481	-0.0420328	-0.537129	0.722874	0.690285	0.0309673	-0.37086	0.0514189	-0.00904597	-0.998636	0.153151	
-0.689058	0.72348	-0.0421358	-0.537145	0.722878	0.690285	0.0309031	-0.37087	0.0514435	-0.00916494	-0.998634	0.153231	
-0.689053	0.723479	-0.0422365	-0.537161	0.722881	0.690284	0.0308404	-0.37088	0.0514675	-0.0092813	-0.998632	0.153308	
-0.689048	0.723478	-0.0423342	-0.537176	0.722884	0.690284	0.0307796	-0.37089	0.051491	-0.00939405	-0.998629	0.153384	
-0.689043	0.723477	-0.0424338	-0.537192	0.722887	0.690283	0.0307175	-0.370899	0.0515148	-0.00950918	-0.998627	0.15346	
-0.689038	0.723476	-0.0425313	-0.537207	0.72289	0.690282	0.0306567	-0.370909	0.051538	-0.00962183	-0.998625	0.153535	
-0.689033	0.723475	-0.0426201	-0.537221	0.722893	0.690282	0.0306014	-0.370918	0.0515593	-0.00972443	-0.998623	0.153604	
-0.689029	0.723474	-0.0427122	-0.537236	0.722896	0.690281	0.030544	-0.370926	0.0515812	-0.0098308	-0.99862	0.153674	
-0.689024	0.723473	-0.0428065	-0.53725	0.722899	0.690281	0.0304852	-0.370936	0.0516038	-0.00993974	-0.998618	0.153747	
-0.68902	0.723472	-0.0428988	-0.537265	0.722901	0.690281	0.03043	-0.370944	0.0516275	-0.0100448	-0.998616	0.153817	
-0.689016	0.72347	-0.0429964	-0.537279	0.722904	0.690281	0.0303691	-0.370954	0.0516508	-0.0101574	-0.998614	0.153892	
-0.689011	0.723469	-0.0430873	-0.537294	0.722907	0.690281	0.0303125	-0.370963	0.0516725	-0.0102625	-0.998611	0.153962	
-0.689007	0.723468	-0.043174	-0.537307	0.722909	0.69028	0.0302586	-0.370971	0.0516933	-0.0103626	-0.998609	0.154029	
-0.689002	0.723467	-0.043265	-0.537321	0.722912	0.69028	0.0302018	-0.37098	0.051715	-0.0104677	-0.998607	0.1541	
-0.688997	0.723466	-0.0433506	-0.537334	0.722915	0.690279	0.0301485	-0.370989	0.0517354	-0.0105666	-0.998605	0.154165	
-0.688993	0.723465	-0.0434384	-0.537348	0.722918	0.690278	0.0300938	-0.370997	0.0517564	-0.010668	-0.998603	0.154233	
-0.688988	0.723464	-0.0435272	-0.537362	0.722921	0.690278	0.0300384	-0.371006	0.0517776	-0.0107706	-0.998601	0.154301	
-0.688984	0.723463	-0.043615	-0.537376	0.722923	0.690277	0.0299837	-0.371014	0.0517986	-0.010872	-0.998598	0.154369	
-0.688979	0.723462	-0.043706	-0.53739	0.722926	0.690277	0.029927	-0.371023	0.0518203	-0.0109771	-0.998596	0.154439	
-0.688974	0.723461	-0.0437926	-0.537403	0.722929	0.690276	0.029873	-0.371031	0.051841	-0.0110772	-0.998594	0.154506	
-0.68897	0.72346	-0.043875	-0.537416	0.722932	0.690275	0.0298217	-0.371039	0.0518606	-0.0111724	-0.998592	0.154569	
-0.688967	0.723459	-0.0439587	-0.537429	0.722934	0.690276	0.0297718	-0.371047	0.0518823	-0.0112674	-0.99859	0.154633	
-0.688961	0.723459	-0.044043	-0.537443	0.722937	0.690274	0.0297192	-0.371055	0.0519023	-0.011365	-0.998587	0.154697	
-0.688956	0.723459	-0.0441255	-0.537456	0.722941	0.690273	0.0296679	-0.371062	0.0519221	-0.0114602	-0.998585	0.154761	
-0.688951	0.723459	-0.044211	-0.53747	0.722945	0.690271	0.0296147	-0.371069	0.0519425	-0.011559	-0.998583	0.154827	
-0.688944	0.72346	-0.044292	-0.537484	0.72295	0.690268	0.0295642	-0.371075	0.0519618	-0.0116528	-0.998581	0.154889	
-0.688938	0.72346	-0.0443733	-0.537497	0.722953	0.690266	0.0295136	-0.371082	0.0519813	-0.0117468	-0.998579	0.154952	
-0.688932	0.723461	-0.0444544	-0.537511	0.722958	0.690264	0.0294631	-0.371089	0.0520006	-0.0118406	-0.998577	0.155014	
-0.688926	0.723462	-0.0445366	-0.537524	0.722962	0.690261	0.0294119	-0.371096	0.0520203	-0.0119357	-0.998575	0.155078	
-0.688921	0.723462	-0.044619	-0.537537	0.722966	0.69026	0.0293607	-0.371103	0.05204	-0.0120308	-0.998573	0.155142	
-0.688915	0.723462	-0.0447013	-0.537551	0.72297	0.690257	0.0293095	-0.371109	0.0520597	-0.012126	-0.99857	0.155205	
-0.688911	0.723461	-0.0447847	-0.537564	0.722973	0.690257	0.0292575	-0.371117	0.0520796	-0.0122224	-0.998568	0.155269	
-0.688907	0.72346	-0.0448638	-0.537576	0.722975	0.690256	0.0292082	-0.371125	0.0520985	-0.0123137	-0.998566	0.15533	
-0.688903	0.723459	-0.0449419	-0.537588	0.722977	0.690256	0.0291616	-0.371132	0.0521187	-0.0124024	-0.998564	0.155389	
-0.688899	0.723458	-0.0450176	-0.5376	0.72298	0.690255	0.0291143	-0.371139	0.0521367	-0.01249	-0.998562	0.155447	
-0.688895	0.723457	-0.0450882	-0.537611	0.722982	0.690255	0.0290705	-0.371146	0.0521536	-0.0125714	-0.99856	0.155502	
-0.688892	0.723456	-0.0451629	-0.537623	0.722984	0.690254	0.0290239	-0.371153	0.0521714	-0.0126578	-0.998558	0.155559	
-0.688888	0.723455	-0.0452344	-0.537634	0.722987	0.690254	0.0289794	-0.37116	0.0521885	-0.0127403	-0.998556	0.155614	
-0.688884	0.723454	-0.0453059	-0.537645	0.722989	0.690253	0.0289348	-0.371167	0.0522055	-0.012823	-0.998554	0.15567	
-0.688881	0.723453	-0.0453731	-0.537655	0.722991	0.690253	0.0288929	-0.371174	0.0522216	-0.0129006	-0.998552	0.155721	
-0.688878	0.723452	-0.0454381	-0.537665	0.722993	0.690253	0.0288524	-0.371181	0.0522371	-0.0129756	-0.99855	0.155771	
-0.688875	0.72345	-0.0454999	-0.537674	0.722994	0.690253	0.028816	-0.371186	0.0522534	-0.0130455	-0.998549	0.155818	
-0.688873	0.723449	-0.0455596	-0.537683	0.722995	0.690254	0.0287788	-0.371192	0.0522676	-0.0131144	-0.998547	0.155864	
-0.68887	0.723448	-0.045618	-0.537692	0.722997	0.690253	0.0287423	-0.371198	0.0522816	-0.013182	-0.998545	0.155909	
-0.688868	0.723446	-0.0456766	-0.537701	0.722998	0.690254	0.0287058	-0.371204	0.0522955	-0.0132496	-0.998544	0.155954	
-0.688865	0.723445	-0.0457362	-0.53771	0.723	0.690253	0.0286687	-0.37121	0.0523098	-0.0133184	-0.998542	0.156	
-0.688862	0.723445	-0.0457957	-0.537719	0.723002	0.690253	0.0286315	-0.371216	0.052324	-0.0133872	-0.99854	0.156046	
-0.688859	0.723444	-0.0458521	-0.537728	0.723004	0.690252	0.0285964	-0.371221	0.0523374	-0.0134523	-0.998539	0.156089	
-0.688856	0.723443	-0.0459041	-0.537736	0.723005	0.690252	0.028564	-0.371226	0.0523498	-0.0135124	-0.998537	0.156129	
-0.688853	0.723443	-0.0459517	-0.537744	0.723008	0.69025	0.0285344	-0.37123	0.0523612	-0.0135675	-0.998536	0.156166	
-0.688848	0.723445	-0.0459983	-0.537752	0.723011	0.690248	0.0285055	-0.371233	0.0523723	-0.0136213	-0.998535	0.156202	
-0.688844	0.723446	-0.0460447	-0.53776	0.723014	0.690246	0.0284766	-0.371236	0.0523834	-0.0136751	-0.998533	0.156238	
-0.688839	0.723448	-0.0460902	-0.537768	0.723018	0.690243	0.0284484	-0.371239	0.0523943	-0.0137277	-0.998532	0.156273	
-0.688834	0.72345	-0.0461388	-0.537777	0.723023	0.690239	0.0284182	-0.371241	0.0524059	-0.013784	-0.998531	0.15631	
-0.688829	0.723451	-0.0461864	-0.537785	0.723026	0.690237	0.0283886	-0.371244	0.0524173	-0.0138391	-0.998529	0.156347	
-0.688825	0.723452	-0.0462318	-0.537793	0.723029	0.690235	0.0283603	-0.371247	0.0524282	-0.0138916	-0.998528	0.156382	
-0.688821	0.723452	-0.0462816	-0.537802	0.723032	0.690234	0.0283294	-0.371251	0.05244	-0.0139492	-0.998527	0.156421	
-0.688818	0.723452	-0.0463282	-0.537809	0.723034	0.690232	0.0283004	-0.371255	0.0524512	-0.014003	-0.998525	0.156456	
-0.688816	0.723452	-0.0463693	-0.537816	0.723036	0.690232	0.0282747	-0.371259	0.052461	-0.0140505	-0.998524	0.156488	
-0.688813	0.723452	-0.0464126	-0.537823	0.723038	0.690231	0.0282478	-0.371263	0.0524713	-0.0141006	-0.998523	0.156521	
-0.688811	0.723451	-0.0464526	-0.537829	0.723039	0.69023	0.0282228	-0.371266	0.0524809	-0.0141469	-0.998522	0.156552	
-0.688809	0.723451	-0.0464928	-0.537835	0.72304	0.69023	0.0281978	-0.37127	0.0524904	-0.0141932	-0.998521	0.156583	
-0.688806	0.72345	-0.0465339	-0.537841	0.723042	0.69023	0.0281722	-0.371274	0.0525003	-0.0142408	-0.998519	0.156615	
-0.688805	0.72345	-0.0465697	-0.537847	0.723043	0.690229	0.0281499	-0.371278	0.0525088	-0.0142821	-0.998518	0.156642	
-0.688803	0.723449	-0.0466077	-0.537853	0.723044	0.69023	0.0281283	-0.371281	0.0525194	-0.0143245	-0.998517	0.156671	
-0.688801	0.723448	-0.0466413	-0.537858	0.723045	0.690229	0.0281074	-0.371284	0.0525274	-0.0143633	-0.998516	0.156697	
-0.6888	0.723448	-0.0466716	-0.537863	0.723046	0.690229	0.0280885	-0.371287	0.0525347	-0.0143983	-0.998515	0.15672	
-0.688799	0.723447	-0.0466954	-0.537866	0.723046	0.690229	0.0280737	-0.371289	0.0525404	-0.0144258	-0.998515	0.156738	
-0.688797	0.723447	-0.0467182	-0.53787	0.723047	0.690229	0.0280595	-0.371291	0.0525458	-0.0144521	-0.998514	0.156756	
-0.688796	0.723447	-0.0467388	-0.537873	0.723048	0.690228	0.0280467	-0.371293	0.0525507	-0.0144759	-0.998513	0.156772	
-0.688795	0.723446	-0.0467572	-0.537876	0.723048	0.690228	0.0280352	-0.371295	0.0525551	-0.0144972	-0.998513	0.156786	
-0.688794	0.723446	-0.0467724	-0.537878	0.723049	0.690228	0.0280257	-0.371297	0.0525587	-0.0145148	-0.998512	0.156798	
-0.688794	0.723446	-0.0467854	-0.53788	0.723049	0.690228	0.0280176	-0.371298	0.0525618	-0.0145298	-0.998512	0.156808	
-0.688794	0.723445	-0.0467973	-0.537881	0.723049	0.690229	0.0280102	-0.3713	0.0525646	-0.0145435	-0.998512	0.156817	
-0.688794	0.723445	-0.046806	-0.537883	0.723049	0.690229	0.0280047	-0.3713	0.0525667	-0.0145535	-0.998511	0.156824	
-0.688793	0.723445	-0.0468136	-0.537884	0.723049	0.690229	0.028	-0.371301	0.0525685	-0.0145623	-0.998511	0.156829	
-0.688794	0.723444	-0.0468179	-0.537884	0.723049	0.690229	0.0279973	-0.371302	0.0525695	-0.0145672	-0.998511	0.156833	
-0.688795	0.723443	-0.046819	-0.537884	0.723048	0.69023	0.0279965	-0.371303	0.0525698	-0.0145685	-0.998511	0.156834	
-0.688796	0.723442	-0.0468201	-0.537883	0.723047	0.690231	0.0279958	-0.371304	0.0525701	-0.0145698	-0.998511	0.156834	
-0.688797	0.723441	-0.0468191	-0.537883	0.723046	0.690232	0.0279964	-0.371304	0.0525698	-0.0145685	-0.998511	0.156834	
-0.688798	0.72344	-0.046818	-0.537882	0.723045	0.690233	0.0279971	-0.371305	0.0525695	-0.0145672	-0.998511	0.156833	
-0.688798	0.72344	-0.046817	-0.537882	0.723045	0.690233	0.0279977	-0.371305	0.0525693	-0.0145661	-0.998511	0.156832	
-0.688799	0.723439	-0.046816	-0.537881	0.723044	0.690234	0.0279983	-0.371306	0.052569	-0.0145648	-0.998511	0.156831	
-0.6888	0.723439	-0.0468149	-0.537881	0.723043	0.690235	0.0279989	-0.371306	0.0525688	-0.0145635	-0.998511	0.15683	
-0.6888	0.723439	-0.0468117	-0.53788	0.723043	0.690235	0.0280011	-0.371306	0.0525681	-0.0145597	-0.998511	0.156828	
-0.688801	0.723438	-0.0468106	-0.537879	0.723042	0.690236	0.0280017	-0.371306	0.0525679	-0.0145585	-0.998511	0.156827	
-0.688801	0.723438	-0.0468084	-0.537879	0.723042	0.690236	0.028003	-0.371306	0.0525673	-0.0145559	-0.998511	0.156826	
-0.688802	0.723437	-0.0468042	-0.537877	0.723041	0.690237	0.0280058	-0.371306	0.0525664	-0.0145509	-0.998511	0.156823	
-0.688803	0.723437	-0.0468	-0.537877	0.723041	0.690237	0.0280085	-0.371305	0.0525655	-0.0145459	-0.998512	0.15682	
-0.688803	0.723437	-0.0467978	-0.537876	0.723041	0.690237	0.02801	-0.371305	0.052565	-0.0145434	-0.998512	0.156818	
-0.688803	0.723437	-0.0467935	-0.537875	0.72304	0.690238	0.0280128	-0.371304	0.0525641	-0.0145383	-0.998512	0.156815	
-0.688803	0.723437	-0.0467894	-0.537874	0.72304	0.690238	0.0280156	-0.371304	0.0525633	-0.0145334	-0.998512	0.156813	
-0.688805	0.723436	-0.0467863	-0.537872	0.723039	0.690239	0.0280176	-0.371304	0.0525626	-0.0145297	-0.998512	0.156811	
-0.688805	0.723435	-0.0467842	-0.537872	0.723038	0.69024	0.0280213	-0.371303	0.0525639	-0.0145256	-0.998512	0.156809	
-0.688806	0.723435	-0.0467821	-0.537871	0.723038	0.69024	0.0280227	-0.371302	0.0525635	-0.014523	-0.998512	0.156808	
-0.688806	0.723435	-0.0467801	-0.53787	0.723038	0.69024	0.0280241	-0.371302	0.0525631	-0.0145206	-0.998512	0.156806	
-0.688806	0.723435	-0.046777	-0.537869	0.723038	0.69024	0.0280263	-0.371301	0.0525625	-0.0145169	-0.998512	0.156805	
-0.688807	0.723434	-0.0467761	-0.537868	0.723036	0.690241	0.0280269	-0.371302	0.0525624	-0.0145157	-0.998512	0.156804	
-0.688807	0.723434	-0.0467749	-0.537868	0.723036	0.690241	0.0280276	-0.371302	0.0525621	-0.0145144	-0.998512	0.156803	
-0.688807	0.723434	-0.0467739	-0.537868	0.723036	0.690241	0.0280284	-0.371301	0.0525619	-0.0145131	-0.998512	0.156803	
-0.688807	0.723434	-0.0467739	-0.537868	0.723036	0.690241	0.0280284	-0.371301	0.0525619	-0.0145131	-0.998512	0.156803	
-0.688808	0.723433	-0.0467739	-0.537867	0.723035	0.690242	0.0280283	-0.371302	0.0525619	-0.0145131	-0.998512	0.156803	
-0.688809	0.723433	-0.0467728	-0.537867	0.723035	0.690242	0.0280291	-0.371302	0.0525618	-0.0145117	-0.998512	0.156802	
-0.688809	0.723433	-0.0467728	-0.537867	0.723035	0.690242	0.0280291	-0.371302	0.0525618	-0.0145117	-0.998512	0.156802	
-0.688809	0.723432	-0.046774	-0.537867	0.723035	0.690243	0.0280305	-0.371301	0.0525636	-0.0145116	-0.998512	0.156802	
-0.688809	0.723432	-0.046774	-0.537867	0.723035	0.690243	0.0280305	-0.371301	0.0525636	-0.0145116	-0.998512	0.156802	
-0.688809	0.723432	-0.0467731	-0.537867	0.723035	0.690243	0.0280312	-0.371301	0.0525635	-0.0145104	-0.998512	0.156802	
-0.688809	0.723432	-0.046772	-0.537867	0.723035	0.690243	0.0280319	-0.371301	0.0525632	-0.0145092	-0.998512	0.156801	
-0.688809	0.723432	-0.0467709	-0.537866	0.723034	0.690243	0.0280327	-0.371301	0.052563	-0.0145078	-0.998512	0.156801	
-0.688809	0.723432	-0.0467699	-0.537866	0.723034	0.690243	0.0280333	-0.371301	0.0525628	-0.0145066	-0.998512	0.1568	
-0.688809	0.723432	-0.0467699	-0.537866	0.723034	0.690243	0.0280333	-0.371301	0.0525628	-0.0145066	-0.998512	0.1568	
-0.688809	0.723433	-0.0467677	-0.537866	0.723035	0.690242	0.0280348	-0.3713	0.0525624	-0.014504	-0.998512	0.156799	
-0.688808	0.723434	-0.0467634	-0.537865	0.723036	0.690241	0.0280376	-0.371298	0.0525614	-0.0144991	-0.998512	0.156796	
-0.688807	0.723435	-0.0467592	-0.537865	0.723036	0.690241	0.0280404	-0.371297	0.0525605	-0.0144941	-0.998513	0.156793	
-0.688808	0.723435	-0.0467538	-0.537864	0.723036	0.690241	0.0280438	-0.371296	0.0525592	-0.0144878	-0.998513	0.156789	
-0.688808	0.723435	-0.0467462	-0.537863	0.723036	0.690241	0.0280486	-0.371296	0.0525575	-0.0144791	-0.998513	0.156783	
-0.688809	0.723435	-0.0467387	-0.537861	0.723036	0.690241	0.0280535	-0.371295	0.0525558	-0.0144702	-0.998513	0.156778	
-0.688809	0.723435	-0.0467291	-0.537859	0.723035	0.690241	0.0280597	-0.371293	0.0525537	-0.014459	-0.998513	0.156771	
-0.688811	0.723433	-0.0467227	-0.537857	0.723033	0.690243	0.0280658	-0.371293	0.0525538	-0.01445	-0.998514	0.156765	
-0.688813	0.723433	-0.0467152	-0.537855	0.723032	0.690244	0.0280706	-0.371293	0.0525521	-0.0144412	-0.998514	0.15676	
-0.688814	0.723432	-0.0467079	-0.537853	0.723031	0.690245	0.0280754	-0.371292	0.0525505	-0.0144325	-0.998514	0.156755	
-0.688815	0.723432	-0.0466982	-0.537851	0.72303	0.690245	0.0280816	-0.371291	0.0525484	-0.0144212	-0.998514	0.156748	
-0.688817	0.723431	-0.0466887	-0.537848	0.723029	0.690247	0.0280879	-0.37129	0.0525464	-0.0144099	-0.998515	0.156742	
-0.688817	0.723431	-0.0466781	-0.537846	0.723028	0.690247	0.0280948	-0.371288	0.0525441	-0.0143974	-0.998515	0.156735	
-0.688818	0.72343	-0.0466675	-0.537843	0.723028	0.690247	0.0281019	-0.371287	0.0525419	-0.0143847	-0.998515	0.156728	
-0.688819	0.72343	-0.046658	-0.53784	0.723027	0.690248	0.0281083	-0.371285	0.05254	-0.0143735	-0.998515	0.156722	
-0.688821	0.723429	-0.0466486	-0.537837	0.723025	0.690249	0.0281146	-0.371284	0.0525381	-0.0143622	-0.998516	0.156716	
-0.688822	0.723429	-0.046638	-0.537834	0.723025	0.69025	0.0281217	-0.371282	0.0525359	-0.0143496	-0.998516	0.156709	
-0.688822	0.723429	-0.0466306	-0.537833	0.723024	0.69025	0.0281265	-0.371281	0.0525343	-0.0143408	-0.998516	0.156704	
-0.688823	0.723429	-0.046621	-0.537831	0.723024	0.69025	0.0281328	-0.37128	0.0525322	-0.0143296	-0.998516	0.156697	
-0.688824	0.723429	-0.0466123	-0.537829	0.723023	0.69025	0.0281383	-0.371279	0.0525302	-0.0143195	-0.998517	0.156691	
-0.688824	0.723428	-0.0466059	-0.537828	0.723022	0.690251	0.0281444	-0.371278	0.0525303	-0.0143106	-0.998517	0.156685	
-0.688825	0.723429	-0.0465973	-0.537827	0.723022	0.690251	0.0281498	-0.371277	0.0525282	-0.0143006	-0.998517	0.156678	
-0.688825	0.723429	-0.0465897	-0.537826	0.723022	0.690251	0.0281545	-0.371276	0.0525264	-0.0142918	-0.998517	0.156672	
-0.688825	0.72343	-0.0465821	-0.537825	0.723023	0.69025	0.0281593	-0.371275	0.0525246	-0.014283	-0.998517	0.156667	
-0.688824	0.723431	-0.0465755	-0.537824	0.723023	0.690249	0.0281634	-0.371273	0.052523	-0.0142755	-0.998518	0.156662	
-0.688824	0.723432	-0.0465679	-0.537823	0.723024	0.690249	0.0281683	-0.371272	0.0525213	-0.0142667	-0.998518	0.156656	
-0.688822	0.723433	-0.0465614	-0.537823	0.723025	0.690247	0.0281725	-0.37127	0.0525198	-0.0142592	-0.998518	0.156651	
-0.688822	0.723434	-0.0465548	-0.537823	0.723026	0.690246	0.0281766	-0.371269	0.0525182	-0.0142516	-0.998518	0.156646	
-0.688821	0.723435	-0.0465472	-0.537822	0.723027	0.690245	0.0281814	-0.371267	0.0525164	-0.0142429	-0.998518	0.15664	
-0.688821	0.723435	-0.0465428	-0.537821	0.723026	0.690245	0.0281841	-0.371267	0.0525154	-0.0142379	-0.998519	0.156637	
-0.688822	0.723436	-0.0465385	-0.537821	0.723026	0.690245	0.0281868	-0.371266	0.0525143	-0.0142329	-0.998519	0.156634	
-0.688822	0.723436	-0.0465342	-0.53782	0.723026	0.690245	0.0281896	-0.371266	0.0525134	-0.0142278	-0.998519	0.156631	
-0.688823	0.723435	-0.0465311	-0.537819	0.723025	0.690246	0.0281915	-0.371266	0.0525126	-0.0142241	-0.998519	0.156628	
-0.688824	0.723434	-0.04653	-0.537818	0.723024	0.690247	0.0281922	-0.371267	0.0525124	-0.0142228	-0.998519	0.156627	
-0.688826	0.723432	-0.046529	-0.537817	0.723022	0.690249	0.0281927	-0.371268	0.0525121	-0.0142216	-0.998519	0.156626	
