-0.689863	0.723232	-0.0320062	-0.534221	0.722386	0.690604	0.0349807	-0.37013	0.0474027	0.00101105	-0.998875	0.147559	
-0.689849	0.723245	-0.0320112	-0.534227	0.722399	0.690591	0.0349783	-0.370119	0.0474045	0.00100486	-0.998875	0.147565	
-0.689811	0.723282	-0.032003	-0.534239	0.722435	0.690552	0.035	-0.370089	0.0474146	0.0010233	-0.998875	0.147563	
-0.689726	0.723363	-0.0319864	-0.534272	0.722514	0.690467	0.0350614	-0.370007	0.0474476	0.00107218	-0.998873	0.147546	
-0.689653	0.723433	-0.0319831	-0.534304	0.722582	0.690393	0.0350985	-0.369942	0.0474724	0.00109536	-0.998872	0.147542	
-0.689582	0.723502	-0.0319637	-0.53433	0.722649	0.690322	0.0351394	-0.369877	0.0474886	0.00113299	-0.998871	0.147533	
-0.689523	0.72356	-0.0319306	-0.534345	0.722705	0.690261	0.035183	-0.369815	0.0474974	0.00118312	-0.998871	0.147518	
-0.689462	0.723619	-0.0319025	-0.534359	0.722762	0.690198	0.0352321	-0.369751	0.0475137	0.0012332	-0.99887	0.147506	
-0.689392	0.723686	-0.0318833	-0.53438	0.722826	0.690128	0.0352885	-0.369678	0.0475413	0.00128152	-0.998868	0.147498	
-0.689316	0.72376	-0.0318595	-0.534399	0.722897	0.690051	0.0353508	-0.369595	0.0475701	0.0013367	-0.998867	0.147491	
-0.689227	0.723846	-0.031836	-0.534423	0.72298	0.68996	0.0354172	-0.369502	0.0476022	0.00139369	-0.998865	0.147486	
-0.689126	0.723944	-0.0318057	-0.534449	0.723074	0.689858	0.0355005	-0.369394	0.0476417	0.00146641	-0.998863	0.147476	
-0.689008	0.724057	-0.0317723	-0.534483	0.723184	0.689738	0.0355909	-0.369272	0.0476844	0.00154519	-0.998861	0.147463	
-0.688885	0.724176	-0.0317329	-0.534516	0.723297	0.689614	0.035696	-0.369142	0.0477336	0.0016381	-0.998859	0.147445	
-0.688761	0.724295	-0.0316877	-0.534548	0.723412	0.689488	0.035811	-0.369008	0.047786	0.001742	-0.998856	0.147422	
-0.688637	0.724416	-0.0316377	-0.534577	0.723527	0.689361	0.0359288	-0.368872	0.0478372	0.00185112	-0.998853	0.147399	
-0.688508	0.724541	-0.0315885	-0.534608	0.723646	0.689229	0.0360547	-0.368728	0.0478948	0.00196508	-0.99885	0.147376	
-0.688363	0.72468	-0.0315428	-0.534645	0.723779	0.689082	0.0361885	-0.368571	0.0479606	0.00208083	-0.998847	0.147355	
-0.688211	0.724826	-0.0314983	-0.534685	0.723919	0.688928	0.0363226	-0.368408	0.0480277	0.00219539	-0.998844	0.147335	
-0.688054	0.724977	-0.0314486	-0.534726	0.724064	0.688769	0.0364609	-0.368239	0.0480941	0.00231634	-0.99884	0.147314	
-0.687901	0.725125	-0.0313959	-0.534764	0.724206	0.688612	0.0365945	-0.368074	0.0481552	0.00243626	-0.998837	0.147294	
-0.687745	0.725275	-0.0313484	-0.534804	0.724349	0.688455	0.0367266	-0.367907	0.0482188	0.00255141	-0.998834	0.147276	
-0.687585	0.725429	-0.0312984	-0.534845	0.724497	0.688292	0.0368584	-0.367737	0.0482806	0.00266773	-0.99883	0.147258	
-0.687416	0.725591	-0.0312443	-0.534889	0.724653	0.688121	0.0369876	-0.367562	0.0483377	0.00278461	-0.998827	0.14724	
-0.68724	0.725761	-0.0311818	-0.534931	0.724818	0.687941	0.0370972	-0.367391	0.0483749	0.00289357	-0.998825	0.147225	
-0.687051	0.725943	-0.0311062	-0.534972	0.724996	0.687749	0.0371871	-0.367221	0.048389	0.0029976	-0.998824	0.147213	
-0.686853	0.726134	-0.0310294	-0.535015	0.725184	0.687546	0.0372587	-0.367054	0.048389	0.0030892	-0.998824	0.147204	
-0.686647	0.726332	-0.0309446	-0.535058	0.725379	0.687337	0.0373331	-0.366883	0.0483856	0.00318813	-0.998824	0.147193	
-0.686447	0.726524	-0.0308676	-0.5351	0.725568	0.687133	0.0374077	-0.366715	0.0483877	0.00328185	-0.998823	0.147185	
-0.686249	0.726714	-0.0308011	-0.535146	0.725754	0.686932	0.0374883	-0.366542	0.0484015	0.00337228	-0.998822	0.14718	
-0.686046	0.726907	-0.0307568	-0.535201	0.725945	0.686727	0.0375574	-0.366367	0.0484223	0.00343834	-0.998821	0.147189	
-0.685849	0.727096	-0.0307093	-0.535252	0.726131	0.686527	0.0376119	-0.3662	0.0484302	0.0034971	-0.99882	0.147201	
-0.68565	0.727286	-0.0306569	-0.535301	0.726319	0.686325	0.0376561	-0.366037	0.0484274	0.00355214	-0.99882	0.147214	
-0.685443	0.727483	-0.0306087	-0.535355	0.726514	0.686117	0.0376987	-0.36587	0.0484263	0.00360262	-0.99882	0.14723	
-0.685235	0.727681	-0.0305651	-0.535411	0.72671	0.685907	0.0377414	-0.365703	0.0484284	0.00364972	-0.99882	0.147246	
-0.685026	0.727879	-0.0305204	-0.535467	0.726907	0.685696	0.0377863	-0.365534	0.0484316	0.00369915	-0.99882	0.14726	
-0.684817	0.728077	-0.030483	-0.535527	0.727103	0.685485	0.0378322	-0.365363	0.0484404	0.00374383	-0.998819	0.147278	
-0.684605	0.728278	-0.0304473	-0.535588	0.727302	0.685272	0.037875	-0.365192	0.0484482	0.00378502	-0.998819	0.147298	
-0.684391	0.728481	-0.0304198	-0.535653	0.727503	0.685056	0.037928	-0.365016	0.0484691	0.00382711	-0.998817	0.147319	
-0.684169	0.728689	-0.0304084	-0.535727	0.727709	0.684834	0.0379876	-0.364832	0.0485058	0.00386148	-0.998815	0.147342	
-0.683943	0.728902	-0.0303942	-0.535804	0.727918	0.684607	0.0380613	-0.364639	0.048551	0.0039073	-0.998813	0.147361	
-0.683725	0.729107	-0.0303756	-0.535877	0.72812	0.684388	0.0381377	-0.364451	0.0485952	0.00395865	-0.998811	0.147377	
-0.68351	0.729309	-0.0303675	-0.535951	0.728318	0.684173	0.0382133	-0.364266	0.0486459	0.00400197	-0.998808	0.147395	
-0.683297	0.729509	-0.0303646	-0.536026	0.728515	0.683959	0.0382921	-0.36408	0.0487026	0.00404376	-0.998805	0.147415	
-0.683094	0.729699	-0.0303602	-0.536097	0.728701	0.683756	0.0383785	-0.363898	0.0487637	0.00409259	-0.998802	0.147433	
-0.682891	0.729889	-0.0303625	-0.53617	0.728887	0.683553	0.0384626	-0.363716	0.0488278	0.00413494	-0.998799	0.147453	
-0.682687	0.73008	-0.0303712	-0.536245	0.729073	0.683349	0.0385441	-0.363534	0.0488944	0.00417066	-0.998795	0.147476	
-0.682484	0.730269	-0.0303645	-0.536317	0.729259	0.683146	0.0386292	-0.363351	0.0489531	0.00422023	-0.998792	0.147492	
-0.682273	0.730467	-0.0303618	-0.536392	0.729452	0.682935	0.0387137	-0.363165	0.0490142	0.00426585	-0.998789	0.147509	
-0.682052	0.730674	-0.0303564	-0.536472	0.729656	0.682713	0.0388015	-0.362971	0.0490759	0.00431492	-0.998786	0.147525	
-0.68183	0.730881	-0.0303451	-0.53655	0.729859	0.682491	0.0388881	-0.362776	0.0491328	0.00436742	-0.998783	0.14754	
-0.681621	0.731077	-0.0303206	-0.536615	0.730051	0.682281	0.0389664	-0.362593	0.0491746	0.00442474	-0.99878	0.147552	
-0.681414	0.731271	-0.0302954	-0.536679	0.730242	0.682073	0.0390399	-0.362413	0.0492124	0.00447936	-0.998778	0.147565	
-0.681207	0.731464	-0.0302756	-0.536743	0.730432	0.681865	0.0391125	-0.362233	0.0492532	0.00452944	-0.998776	0.147583	
-0.681005	0.731653	-0.0302513	-0.536803	0.730617	0.681662	0.0391882	-0.362053	0.0492933	0.00458521	-0.998774	0.147599	
-0.680797	0.731848	-0.0302251	-0.536864	0.730809	0.681452	0.0392624	-0.361869	0.0493311	0.00464102	-0.998772	0.147617	
-0.680589	0.732043	-0.0301932	-0.536924	0.731001	0.681242	0.0393351	-0.361684	0.0493639	0.00469977	-0.99877	0.147634	
-0.680377	0.732242	-0.0301498	-0.53698	0.731196	0.681028	0.0394126	-0.361496	0.0493924	0.00477005	-0.998768	0.147646	
-0.680163	0.732443	-0.030094	-0.537033	0.731393	0.680811	0.039504	-0.361301	0.0494227	0.00485861	-0.998766	0.14765	
-0.679951	0.732643	-0.0300214	-0.53708	0.731588	0.680595	0.0396067	-0.361103	0.04945	0.00496732	-0.998764	0.147644	
-0.67975	0.732832	-0.0299454	-0.537119	0.731774	0.68039	0.0397055	-0.360912	0.0494721	0.00507654	-0.998763	0.14764	
-0.679559	0.733013	-0.0298653	-0.537151	0.731949	0.680195	0.0398165	-0.360723	0.0495002	0.0051978	-0.998761	0.147633	
-0.679369	0.733192	-0.0297868	-0.537183	0.732123	0.68	0.0399494	-0.360523	0.0495456	0.0053328	-0.998758	0.147623	
-0.679173	0.733377	-0.0297229	-0.53722	0.7323	0.679801	0.0400969	-0.360313	0.0496118	0.00546663	-0.998754	0.147618	
-0.678975	0.733562	-0.0296585	-0.537257	0.732478	0.679599	0.0402531	-0.360096	0.0496841	0.00560657	-0.998749	0.147612	
-0.678775	0.73375	-0.0295916	-0.537295	0.732659	0.679395	0.0404118	-0.359877	0.0497566	0.00574999	-0.998745	0.147605	
-0.678576	0.733936	-0.0295253	-0.537334	0.732838	0.679193	0.0405672	-0.359661	0.0498271	0.00589069	-0.99874	0.147596	
-0.678387	0.734115	-0.0294298	-0.53736	0.733009	0.678998	0.0407396	-0.359444	0.0498903	0.00606488	-0.998736	0.147571	
-0.678197	0.734294	-0.0293365	-0.537387	0.73318	0.678802	0.0409105	-0.359227	0.0499541	0.0062364	-0.998732	0.147548	
-0.678012	0.734469	-0.0292364	-0.537409	0.733347	0.678612	0.0410824	-0.359013	0.0500139	0.0064139	-0.998728	0.147522	
-0.677841	0.734631	-0.0291242	-0.53742	0.733502	0.678435	0.0412524	-0.358808	0.0500642	0.0065999	-0.998724	0.147493	
-0.677674	0.73479	-0.0290208	-0.537429	0.733653	0.678261	0.0414187	-0.358604	0.0501178	0.00677722	-0.99872	0.147471	
-0.677497	0.734957	-0.0289084	-0.537438	0.733812	0.678078	0.0415967	-0.358389	0.0501739	0.00696826	-0.998716	0.147447	
-0.677311	0.735133	-0.0288094	-0.537452	0.73398	0.677886	0.0417756	-0.358166	0.0502401	0.00714956	-0.998712	0.147431	
-0.677119	0.735313	-0.0287102	-0.537468	0.734152	0.677688	0.0419572	-0.357938	0.0503082	0.00733234	-0.998707	0.147416	
-0.676921	0.735501	-0.0285882	-0.537478	0.734331	0.677482	0.0421454	-0.357703	0.050366	0.00753587	-0.998702	0.147392	
-0.676725	0.735685	-0.0284571	-0.537484	0.734507	0.677279	0.0423275	-0.357471	0.0504131	0.00774214	-0.998698	0.147366	
-0.676528	0.735872	-0.0283127	-0.537485	0.734686	0.677074	0.0425073	-0.357242	0.0504497	0.00795646	-0.998695	0.147336	
-0.676326	0.736064	-0.0281619	-0.537485	0.73487	0.676863	0.0426882	-0.357009	0.050483	0.00817584	-0.998691	0.147305	
-0.676127	0.736252	-0.0280164	-0.537483	0.735052	0.676656	0.0428525	-0.356785	0.0505077	0.00838025	-0.998689	0.14728	
-0.675932	0.736437	-0.0278726	-0.537478	0.73523	0.676452	0.0429989	-0.35657	0.0505205	0.0085716	-0.998686	0.147262	
-0.675739	0.736619	-0.0277261	-0.537471	0.735407	0.676251	0.0431522	-0.356353	0.0505366	0.00876968	-0.998684	0.147243	
-0.675539	0.736808	-0.0275875	-0.537467	0.735588	0.676043	0.0433197	-0.356125	0.0505687	0.00897114	-0.99868	0.147226	
-0.675331	0.737003	-0.0274633	-0.537472	0.735777	0.675827	0.0434801	-0.355892	0.0506054	0.00915656	-0.998677	0.147217	
-0.675126	0.737196	-0.0273287	-0.537471	0.735963	0.675614	0.04364	-0.355659	0.0506349	0.00934962	-0.998673	0.147207	
-0.674917	0.737393	-0.0271827	-0.537466	0.736153	0.675397	0.0437909	-0.355427	0.0506502	0.00954461	-0.998671	0.147197	
-0.674707	0.737591	-0.0270194	-0.537455	0.736345	0.675178	0.043938	-0.355197	0.0506511	0.00974967	-0.998669	0.147181	
-0.674497	0.73779	-0.0268481	-0.53744	0.736539	0.674957	0.0440793	-0.35497	0.0506425	0.00995669	-0.998667	0.147164	
-0.67428	0.737993	-0.0266932	-0.537431	0.736738	0.674732	0.0442023	-0.354745	0.0506317	0.0101389	-0.998666	0.14716	
-0.674075	0.738187	-0.0265161	-0.537408	0.736928	0.674517	0.0443238	-0.354527	0.0506048	0.0103371	-0.998665	0.14715	
-0.673864	0.738386	-0.0263352	-0.537384	0.737123	0.674296	0.0444318	-0.35431	0.0505656	0.0105287	-0.998665	0.147144	
-0.673636	0.738599	-0.0261814	-0.537374	0.737334	0.67406	0.0445277	-0.354087	0.0505359	0.0106911	-0.998665	0.147154	
-0.673392	0.738827	-0.0260253	-0.537369	0.737558	0.673808	0.044619	-0.353855	0.0505017	0.0108509	-0.998665	0.147166	
-0.673146	0.739058	-0.025848	-0.537356	0.737787	0.673552	0.0447094	-0.35362	0.0504527	0.0110256	-0.998666	0.147173	
-0.672897	0.739291	-0.0256618	-0.537338	0.738019	0.673293	0.0447706	-0.353396	0.0503764	0.0111871	-0.998668	0.147186	
-0.672644	0.739528	-0.0254596	-0.537314	0.738257	0.67303	0.044807	-0.353182	0.0502711	0.0113434	-0.998671	0.147199	
-0.672378	0.739778	-0.0252372	-0.537286	0.738508	0.672753	0.0448225	-0.352972	0.0501371	0.0114998	-0.998676	0.147211	
-0.672105	0.740033	-0.0250128	-0.537257	0.738766	0.67247	0.0448303	-0.35276	0.0499963	0.0116521	-0.998681	0.147226	
-0.67183	0.74029	-0.0247868	-0.537229	0.739026	0.672184	0.0448325	-0.352547	0.0498503	0.0118017	-0.998687	0.147244	
-0.671554	0.740547	-0.0246039	-0.537216	0.739285	0.671898	0.0448318	-0.352328	0.0497314	0.0119177	-0.998691	0.147281	
-0.671272	0.740809	-0.024436	-0.537212	0.739548	0.671609	0.044836	-0.352102	0.0496264	0.0120255	-0.998695	0.147322	
-0.670993	0.741067	-0.0242681	-0.537206	0.739809	0.671322	0.0448364	-0.351876	0.0495185	0.0121311	-0.9987	0.147366	
-0.670718	0.74132	-0.0241106	-0.537201	0.740064	0.67104	0.0448346	-0.351652	0.049416	0.012228	-0.998703	0.147416	
-0.670447	0.741571	-0.0239403	-0.537188	0.740317	0.670761	0.0448234	-0.351437	0.049298	0.0123283	-0.998708	0.147463	
-0.670169	0.741827	-0.0237759	-0.53718	0.740576	0.670476	0.0448197	-0.351213	0.0491896	0.0124289	-0.998712	0.147512	
-0.669895	0.742081	-0.0236131	-0.53717	0.740832	0.670194	0.0448082	-0.350994	0.0490766	0.0125234	-0.998716	0.147564	
-0.669609	0.742344	-0.0234402	-0.537159	0.741099	0.6699	0.0447865	-0.350771	0.0489496	0.012618	-0.998722	0.147617	
-0.669312	0.742617	-0.0232687	-0.53715	0.741376	0.669596	0.0447514	-0.350546	0.0488138	0.0127018	-0.998727	0.147678	
-0.669005	0.742898	-0.0231227	-0.53715	0.741662	0.669283	0.0446949	-0.350323	0.0486794	0.0127519	-0.998733	0.147756	
-0.6687	0.743177	-0.0229718	-0.537144	0.741946	0.668972	0.0446289	-0.350107	0.0485347	0.0127996	-0.998739	0.147837	
-0.668393	0.743458	-0.0228052	-0.537133	0.742232	0.668658	0.0445837	-0.34988	0.048395	0.0128727	-0.998745	0.147909	
-0.668083	0.743742	-0.0226408	-0.537126	0.742519	0.668341	0.0445545	-0.349642	0.0482688	0.0129549	-0.99875	0.147977	
-0.667775	0.744024	-0.0224824	-0.537121	0.742805	0.668026	0.0445233	-0.349405	0.0481452	0.0130315	-0.998755	0.148048	
-0.667468	0.744303	-0.0223302	-0.537118	0.743087	0.667713	0.0445033	-0.349163	0.0480341	0.0131113	-0.99876	0.148118	
-0.667169	0.744576	-0.0221839	-0.537112	0.743363	0.667408	0.0444835	-0.348921	0.0479271	0.0131873	-0.998764	0.148194	
-0.666872	0.744847	-0.0220294	-0.537102	0.743636	0.667104	0.0444731	-0.348676	0.0478215	0.013276	-0.998768	0.148266	
-0.666578	0.745114	-0.0218762	-0.537088	0.743906	0.666803	0.0444705	-0.348427	0.0477227	0.0133692	-0.998771	0.148341	
-0.666274	0.745391	-0.0217246	-0.537078	0.744184	0.666492	0.0444806	-0.348165	0.0476347	0.0134691	-0.998774	0.148415	
-0.665968	0.745667	-0.0215911	-0.537074	0.744463	0.666181	0.0444695	-0.347911	0.047543	0.0135415	-0.998777	0.1485	
-0.665656	0.74595	-0.0214332	-0.537066	0.744749	0.665862	0.0444717	-0.34765	0.0474452	0.0136405	-0.998781	0.148572	
-0.665345	0.746233	-0.0212524	-0.53705	0.745033	0.665542	0.0444886	-0.347385	0.0473433	0.0137666	-0.998784	0.14863	
-0.665022	0.746526	-0.0210997	-0.537044	0.745327	0.665212	0.0445062	-0.347112	0.0472608	0.0138715	-0.998786	0.148703	
-0.664696	0.746821	-0.0209465	-0.53704	0.745622	0.664878	0.0445461	-0.346827	0.0471949	0.0139914	-0.998788	0.148772	
-0.664358	0.747125	-0.0207974	-0.53704	0.745926	0.664534	0.0446048	-0.346527	0.0471459	0.0141202	-0.998788	0.148839	
-0.664029	0.747422	-0.0206378	-0.537033	0.746222	0.664197	0.044673	-0.346225	0.0470971	0.0142638	-0.998788	0.148903	
-0.663705	0.747714	-0.0204752	-0.53702	0.746514	0.663864	0.0447382	-0.345926	0.0470441	0.0144079	-0.998789	0.148968	
-0.663377	0.748009	-0.0203348	-0.537014	0.746808	0.66353	0.0447956	-0.34563	0.0470003	0.0145302	-0.998789	0.149044	
-0.663039	0.748313	-0.0201864	-0.537013	0.747111	0.663184	0.0448594	-0.345325	0.0469561	0.0146621	-0.998789	0.149113	
-0.662704	0.748615	-0.0199976	-0.536998	0.747411	0.662839	0.0449492	-0.345012	0.0469048	0.0148416	-0.998789	0.14916	
-0.662359	0.748925	-0.0198149	-0.536989	0.74772	0.662485	0.045031	-0.344696	0.0468519	0.0150107	-0.998789	0.149211	
-0.662014	0.749235	-0.0196266	-0.536979	0.74803	0.66213	0.0451119	-0.344381	0.0467947	0.0151834	-0.998789	0.149259	
-0.661667	0.749546	-0.0194151	-0.536959	0.74834	0.661773	0.0452126	-0.344059	0.0467374	0.0153866	-0.998789	0.149296	
-0.661314	0.749863	-0.0192156	-0.536941	0.748654	0.66141	0.0453255	-0.343726	0.0466973	0.0155886	-0.998787	0.149339	
-0.660947	0.750192	-0.0190253	-0.536931	0.74898	0.661032	0.0454495	-0.343378	0.0466722	0.0157901	-0.998785	0.149387	
-0.660572	0.750526	-0.0188407	-0.536926	0.749311	0.660647	0.0455869	-0.343019	0.0466612	0.0159959	-0.998783	0.149433	
-0.660191	0.750866	-0.0186559	-0.536925	0.749646	0.660256	0.045745	-0.342647	0.046666	0.0162152	-0.998779	0.149475	
-0.659816	0.751201	-0.0184432	-0.536913	0.749976	0.659868	0.0459405	-0.342263	0.0466806	0.0164803	-0.998774	0.149498	
-0.659441	0.751535	-0.0182349	-0.536903	0.750304	0.65948	0.0461507	-0.34187	0.0467094	0.0167519	-0.998768	0.14952	
-0.65907	0.751866	-0.0180237	-0.53689	0.750628	0.659096	0.0463771	-0.34147	0.0467487	0.0170367	-0.998761	0.149539	
-0.658703	0.752193	-0.0178081	-0.536874	0.750947	0.658715	0.0466146	-0.341067	0.0467936	0.0173322	-0.998754	0.149553	
-0.658342	0.752513	-0.0176142	-0.536864	0.751259	0.658342	0.0468616	-0.340664	0.0468601	0.0176181	-0.998746	0.149572	
-0.657996	0.752821	-0.0173923	-0.536838	0.751557	0.657981	0.0471424	-0.340254	0.0469336	0.0179482	-0.998737	0.149575	
-0.65763	0.753145	-0.0171801	-0.53682	0.751872	0.6576	0.0474485	-0.339818	0.0470333	0.0182863	-0.998726	0.149581	
-0.657251	0.75348	-0.0169898	-0.53681	0.752195	0.657207	0.0477682	-0.339366	0.0471582	0.0186161	-0.998714	0.1496	
-0.656871	0.753816	-0.016797	-0.536795	0.75252	0.656812	0.0480781	-0.338915	0.0472745	0.018941	-0.998702	0.149623	
-0.656485	0.754156	-0.0166025	-0.536781	0.752849	0.656412	0.0483958	-0.338456	0.047396	0.0192719	-0.99869	0.149647	
-0.656101	0.754495	-0.016367	-0.536753	0.753175	0.656011	0.0487519	-0.337986	0.04752	0.0196589	-0.998677	0.149645	
-0.655702	0.754848	-0.0161145	-0.536724	0.753514	0.655593	0.0491294	-0.337497	0.0476498	0.0200717	-0.998662	0.149633	
-0.655306	0.755197	-0.0158725	-0.536696	0.753851	0.655178	0.0495091	-0.337007	0.0477885	0.0204781	-0.998648	0.149628	
-0.654909	0.755546	-0.0156143	-0.536659	0.754187	0.654762	0.0498883	-0.336519	0.0479166	0.0208962	-0.998633	0.149618	
-0.654512	0.755896	-0.0153625	-0.536624	0.754523	0.654345	0.0502761	-0.336027	0.0480559	0.021315	-0.998617	0.14961	
-0.654102	0.756255	-0.0151034	-0.536591	0.754868	0.653915	0.0506852	-0.335519	0.0482073	0.0217523	-0.9986	0.149595	
-0.653673	0.756631	-0.0148517	-0.536565	0.755229	0.653465	0.0511071	-0.334992	0.0483743	0.0221909	-0.998583	0.149585	
-0.653235	0.757014	-0.0146367	-0.536548	0.755597	0.653008	0.0515178	-0.334462	0.0485576	0.0225938	-0.998565	0.149598	
-0.652805	0.757389	-0.0144001	-0.536518	0.755957	0.652558	0.0519379	-0.333933	0.0487341	0.0230195	-0.998546	0.149603	
-0.652381	0.757758	-0.0141859	-0.536492	0.756311	0.652115	0.0523388	-0.333414	0.048911	0.0234159	-0.998529	0.14962	
-0.651959	0.758126	-0.0139577	-0.536462	0.756664	0.651673	0.0527508	-0.332894	0.0490876	0.0238301	-0.99851	0.149629	
-0.651539	0.758491	-0.0137142	-0.536425	0.757014	0.651232	0.0531699	-0.332371	0.04926	0.0242605	-0.998491	0.149631	
-0.651128	0.758849	-0.0134509	-0.536376	0.757357	0.650797	0.0536026	-0.331847	0.0494301	0.024715	-0.998472	0.149625	
-0.6507	0.75922	-0.0132036	-0.536339	0.757713	0.650348	0.0540272	-0.331317	0.0496054	0.025151	-0.998452	0.149627	
-0.650266	0.759596	-0.0129475	-0.536301	0.758074	0.649891	0.0544564	-0.330779	0.0497794	0.025596	-0.998432	0.149626	
-0.649832	0.759973	-0.0126447	-0.536246	0.758435	0.649431	0.0549152	-0.330228	0.0499459	0.0260955	-0.998411	0.149603	
-0.649401	0.760345	-0.0123694	-0.536195	0.758793	0.648976	0.0553536	-0.329684	0.0501153	0.0265609	-0.99839	0.149599	
-0.648975	0.760713	-0.0121072	-0.536145	0.759146	0.648526	0.0557776	-0.329151	0.0502826	0.0270072	-0.99837	0.149603	
-0.64854	0.761089	-0.0118436	-0.5361	0.759507	0.648067	0.0562046	-0.328611	0.0504521	0.0274556	-0.998349	0.149605	
-0.648117	0.761454	-0.0115512	-0.536041	0.759858	0.647618	0.0566332	-0.328078	0.0506043	0.0279276	-0.998328	0.149594	
-0.647708	0.761805	-0.0112543	-0.535971	0.760196	0.647183	0.0570653	-0.32755	0.0507563	0.0284062	-0.998307	0.149584	
-0.647296	0.76216	-0.0109856	-0.535912	0.760537	0.646746	0.0574789	-0.327028	0.050913	0.0288508	-0.998286	0.149588	
-0.646872	0.762523	-0.010706	-0.535852	0.760886	0.646296	0.0579119	-0.326491	0.0510784	0.0293156	-0.998264	0.149588	
-0.646449	0.762886	-0.0103844	-0.535776	0.761235	0.645844	0.0583705	-0.325941	0.0512368	0.0298286	-0.998241	0.149567	
-0.646039	0.763238	-0.0100769	-0.535699	0.761572	0.645406	0.0588172	-0.325402	0.0513952	0.0303239	-0.998218	0.149556	
-0.645639	0.76358	-0.00978817	-0.535624	0.761901	0.644978	0.0592472	-0.324876	0.0515531	0.0307946	-0.998195	0.149555	
-0.645241	0.76392	-0.00948428	-0.535548	0.762228	0.644552	0.0596768	-0.324352	0.0517015	0.0312768	-0.998173	0.149544	
-0.644867	0.76424	-0.00912595	-0.535449	0.762535	0.644146	0.0601352	-0.323825	0.0518362	0.0318204	-0.998149	0.149504	
-0.644517	0.76454	-0.00879313	-0.535354	0.762823	0.643766	0.0605583	-0.323319	0.05196	0.0323232	-0.998126	0.149479	
-0.644181	0.764826	-0.00847382	-0.535262	0.763097	0.6434	0.0609838	-0.322812	0.0520941	0.0328183	-0.998103	0.149462	
-0.643845	0.765112	-0.00817125	-0.535181	0.76337	0.643035	0.0614107	-0.322296	0.0522405	0.0333013	-0.998079	0.149451	
-0.643523	0.765386	-0.00784234	-0.535092	0.763632	0.642682	0.0618492	-0.321769	0.0523786	0.0338127	-0.998055	0.149431	
-0.643216	0.765648	-0.00751705	-0.535005	0.763882	0.642344	0.0622814	-0.321239	0.0525142	0.0343183	-0.99803	0.149415	
-0.64294	0.765883	-0.00720406	-0.53492	0.764105	0.642037	0.062698	-0.32072	0.0526446	0.0348064	-0.998007	0.149407	
-0.642671	0.766112	-0.00686965	-0.534828	0.764323	0.641736	0.0631211	-0.320201	0.0527663	0.0353154	-0.997982	0.149387	
-0.642405	0.766338	-0.00652369	-0.534732	0.764538	0.641437	0.0635563	-0.319678	0.0528901	0.0358413	-0.997957	0.149359	
-0.642148	0.766556	-0.00616016	-0.534633	0.764746	0.641146	0.063998	-0.319152	0.0530076	0.0363852	-0.997931	0.149322	
-0.641897	0.766769	-0.00580067	-0.534529	0.764948	0.64086	0.0644356	-0.318627	0.0531247	0.0369238	-0.997905	0.149292	
-0.641658	0.766971	-0.00549828	-0.534439	0.76514	0.640592	0.064827	-0.318127	0.0532426	0.0373899	-0.997881	0.149291	
-0.641419	0.767173	-0.00519343	-0.534349	0.765333	0.640321	0.0652308	-0.317615	0.0533688	0.0378655	-0.997857	0.149293	
-0.641169	0.767384	-0.00486811	-0.534255	0.765533	0.640039	0.0656471	-0.317091	0.0534923	0.0383642	-0.997831	0.149285	
-0.64092	0.767594	-0.00453462	-0.534158	0.765733	0.639756	0.0660636	-0.316565	0.0536111	0.0388692	-0.997805	0.149275	
-0.640676	0.767799	-0.00424664	-0.534077	0.765928	0.639483	0.0664501	-0.316052	0.053736	0.0393204	-0.997781	0.149287	
-0.640462	0.76798	-0.00390061	-0.533972	0.7661	0.639234	0.0668635	-0.315539	0.0538432	0.0398353	-0.997755	0.149268	
-0.640262	0.768148	-0.00352128	-0.533859	0.76626	0.638997	0.067294	-0.315015	0.0539419	0.0403876	-0.997727	0.149234	
-0.640068	0.768312	-0.00318418	-0.533758	0.766416	0.638769	0.0676865	-0.314503	0.0540383	0.0408836	-0.997702	0.149224	
-0.639869	0.768479	-0.00289509	-0.533674	0.766574	0.638539	0.0680604	-0.313996	0.0541516	0.0413304	-0.997677	0.149239	
-0.639666	0.768649	-0.00256315	-0.533571	0.766735	0.638302	0.0684625	-0.313477	0.0542596	0.0418279	-0.99765	0.149235	
-0.639456	0.768824	-0.00223372	-0.533473	0.766903	0.638058	0.0688664	-0.312948	0.0543714	0.042324	-0.997623	0.149235	
-0.639229	0.769014	-0.00194699	-0.533395	0.767084	0.637799	0.0692439	-0.312421	0.0544913	0.0427692	-0.997598	0.149255	
-0.639017	0.769191	-0.00166327	-0.533314	0.767252	0.637557	0.0696085	-0.311906	0.0546027	0.0432049	-0.997573	0.149278	
-0.638834	0.769343	-0.00134686	-0.533223	0.767397	0.637341	0.0699896	-0.311387	0.0547044	0.0436782	-0.997547	0.149283	
-0.638667	0.769482	-0.00103542	-0.533134	0.767529	0.637141	0.0703633	-0.310872	0.054803	0.044144	-0.997521	0.14929	
-0.638507	0.769615	-0.000718929	-0.533047	0.767655	0.636947	0.0707472	-0.310346	0.054906	0.0446207	-0.997494	0.149294	
-0.638384	0.769718	-0.00042094	-0.53296	0.76775	0.636791	0.0711185	-0.30983	0.0550092	0.0450777	-0.997468	0.14931	
-0.638294	0.769793	-0.000120664	-0.532868	0.767818	0.636668	0.071478	-0.309326	0.0551001	0.0455313	-0.997442	0.149325	
-0.638214	0.769859	0.000218521	-0.532764	0.767879	0.636552	0.0718578	-0.308812	0.0551813	0.0460284	-0.997415	0.149322	
-0.638126	0.769932	0.00055434	-0.532667	0.767946	0.636428	0.0722319	-0.308295	0.0552609	0.0465188	-0.997388	0.149317	
-0.638034	0.770007	0.000862926	-0.53258	0.768016	0.636303	0.0725903	-0.307785	0.055346	0.0469778	-0.997361	0.149326	
-0.637928	0.770095	0.00117613	-0.532489	0.768099	0.636163	0.0729396	-0.307282	0.0554222	0.0474336	-0.997336	0.149335	
-0.637815	0.770188	0.00151532	-0.532391	0.768188	0.636014	0.0732982	-0.306775	0.0554897	0.0479148	-0.997309	0.149333	
-0.63771	0.770274	0.00186057	-0.532288	0.768271	0.635873	0.0736549	-0.306266	0.0555514	0.0483998	-0.997282	0.149329	
-0.637632	0.770338	0.00217303	-0.532192	0.768331	0.635763	0.0739856	-0.305774	0.0556124	0.0488452	-0.997257	0.149343	
-0.637599	0.770364	0.00249218	-0.532092	0.768354	0.635695	0.0743166	-0.305288	0.0556666	0.0492991	-0.997232	0.149353	
-0.637613	0.770352	0.00287372	-0.531974	0.768341	0.63567	0.0746768	-0.304791	0.0557007	0.0498229	-0.997204	0.14933	
-0.637662	0.770309	0.00325653	-0.531861	0.768297	0.63568	0.0750333	-0.304291	0.0557287	0.0503479	-0.997176	0.149304	
-0.637755	0.770231	0.00359447	-0.531766	0.768218	0.635737	0.0753626	-0.303803	0.0557614	0.0508242	-0.99715	0.149297	
-0.637878	0.770128	0.00391373	-0.531679	0.768114	0.635825	0.0756751	-0.303318	0.0557911	0.0512777	-0.997125	0.149302	
-0.638049	0.769984	0.00430098	-0.531563	0.767972	0.635957	0.0760139	-0.302828	0.0557943	0.0518036	-0.997097	0.149278	
-0.638277	0.769793	0.00466402	-0.531451	0.767783	0.636148	0.0763248	-0.302349	0.0557873	0.0522973	-0.997072	0.14927	
-0.638597	0.769525	0.00500143	-0.531345	0.767517	0.636433	0.0766186	-0.301883	0.0557768	0.0527671	-0.997048	0.149274	
-0.638974	0.76921	0.00531536	-0.531247	0.767205	0.636776	0.0768991	-0.301422	0.0557669	0.0532145	-0.997025	0.14929	
-0.639353	0.768893	0.00568265	-0.531135	0.766891	0.637118	0.0772001	-0.300948	0.0557381	0.053716	-0.996999	0.149281	
-0.639739	0.768568	0.00606638	-0.53102	0.766571	0.637465	0.0774985	-0.300467	0.0556958	0.0542291	-0.996974	0.149267	
-0.640167	0.768209	0.00643658	-0.530913	0.766218	0.637856	0.0777772	-0.299991	0.0556435	0.0547222	-0.99695	0.149261	
-0.640597	0.767847	0.00678915	-0.530818	0.765862	0.638251	0.0780444	-0.299506	0.055593	0.0551945	-0.996927	0.149267	
-0.640988	0.767518	0.00714971	-0.530726	0.765539	0.638605	0.0783127	-0.299007	0.0555406	0.0556708	-0.996903	0.14927	
-0.641375	0.767191	0.00753415	-0.530624	0.76522	0.638955	0.0785824	-0.298507	0.0554737	0.056166	-0.996879	0.149267	
-0.641806	0.766826	0.00789416	-0.530523	0.764863	0.639352	0.0788251	-0.298026	0.055398	0.0566284	-0.996857	0.149277	
-0.642216	0.76648	0.00823796	-0.530433	0.764525	0.639728	0.0790517	-0.297546	0.0553215	0.0570664	-0.996836	0.149295	
-0.642567	0.766181	0.00858422	-0.530345	0.764235	0.640047	0.0792703	-0.297068	0.0552411	0.0574968	-0.996816	0.149312	
-0.6429	0.765898	0.00894313	-0.530256	0.763961	0.640346	0.0794947	-0.296585	0.0551581	0.0579394	-0.996795	0.149321	
-0.643223	0.765622	0.00931183	-0.530169	0.763695	0.640635	0.0797235	-0.29609	0.0550726	0.0583914	-0.996774	0.149328	
-0.643516	0.765372	0.00966541	-0.530091	0.763455	0.640895	0.0799413	-0.29559	0.0549903	0.0588226	-0.996753	0.149343	
-0.643779	0.765146	0.00998933	-0.530021	0.763238	0.641128	0.0801427	-0.295094	0.0549165	0.0592185	-0.996733	0.149374	
-0.644042	0.76492	0.0103209	-0.529953	0.763022	0.64136	0.0803476	-0.294588	0.0548401	0.0596224	-0.996713	0.149403	
-0.644332	0.764672	0.0106592	-0.529888	0.762783	0.641617	0.0805556	-0.29407	0.0547594	0.0600351	-0.996693	0.149429	
-0.644632	0.764414	0.0109929	-0.529829	0.762535	0.641886	0.0807601	-0.293546	0.054678	0.060443	-0.996673	0.149457	
-0.644921	0.764166	0.0112763	-0.529792	0.762296	0.642149	0.080932	-0.293028	0.0546044	0.0607906	-0.996656	0.149499	
-0.645273	0.763865	0.0115555	-0.529756	0.762004	0.642474	0.0810988	-0.292519	0.0545245	0.0611362	-0.996639	0.149541	
-0.645702	0.763496	0.0118996	-0.529698	0.761647	0.642871	0.0813035	-0.292001	0.054425	0.0615612	-0.996618	0.149556	
-0.64614	0.763121	0.0122183	-0.529653	0.761283	0.643279	0.0814914	-0.291476	0.054328	0.0619564	-0.996599	0.149577	
-0.646586	0.762739	0.012487	-0.529625	0.76091	0.643699	0.081648	-0.290959	0.0542382	0.0622939	-0.996583	0.149619	
-0.647058	0.762334	0.0127202	-0.52961	0.760515	0.644149	0.0817825	-0.290444	0.0541519	0.0625919	-0.996569	0.149679	
-0.647529	0.76193	0.0129863	-0.529586	0.760121	0.644595	0.0819378	-0.289921	0.05406	0.0629283	-0.996553	0.149725	
-0.647984	0.761538	0.0132759	-0.529553	0.75974	0.645023	0.082106	-0.289398	0.0539636	0.0632896	-0.996535	0.149763	
-0.648437	0.761148	0.0135435	-0.529535	0.75936	0.64545	0.0822615	-0.288873	0.0538715	0.0636258	-0.996519	0.1498	
-0.648865	0.760778	0.013813	-0.529517	0.759001	0.645852	0.0824192	-0.288347	0.0537815	0.063963	-0.996502	0.149838	
-0.649226	0.760466	0.0140818	-0.529503	0.758699	0.646188	0.0825655	-0.287822	0.0536888	0.0642875	-0.996486	0.149873	
-0.649578	0.760159	0.01437	-0.529483	0.758404	0.646514	0.0827219	-0.287295	0.0535914	0.0646326	-0.996469	0.149904	
-0.649924	0.759858	0.0146599	-0.529459	0.758114	0.646833	0.0828806	-0.286775	0.053495	0.0649799	-0.996452	0.149939	
-0.650202	0.759615	0.0149101	-0.52945	0.757882	0.647088	0.0830211	-0.286255	0.0534159	0.0652805	-0.996436	0.149983	
-0.650447	0.759401	0.0151355	-0.52945	0.757676	0.647312	0.0831563	-0.28573	0.0533515	0.0655565	-0.996422	0.15004	
-0.650694	0.759185	0.0153553	-0.529459	0.757469	0.647538	0.0832746	-0.285207	0.0532777	0.0658174	-0.996408	0.150089	
-0.650898	0.759005	0.0156066	-0.529468	0.757299	0.64772	0.0834091	-0.284668	0.0531992	0.0661096	-0.996393	0.150126	
-0.651069	0.758853	0.0158674	-0.52948	0.757158	0.647867	0.0835454	-0.284127	0.0531188	0.0664079	-0.996378	0.150155	
-0.651234	0.758707	0.0160953	-0.529505	0.757021	0.648012	0.0836617	-0.283588	0.0530447	0.0666678	-0.996364	0.1502	
-0.651414	0.758547	0.0163397	-0.529532	0.756872	0.648171	0.0837855	-0.283033	0.0529643	0.0669461	-0.99635	0.150241	
-0.651591	0.758389	0.0165854	-0.529563	0.756725	0.648327	0.0839053	-0.282471	0.0528801	0.0672225	-0.996336	0.150277	
-0.651761	0.758238	0.016844	-0.529599	0.756585	0.648473	0.0840359	-0.281897	0.0527963	0.0675153	-0.99632	0.150317	
-0.651969	0.758052	0.0171124	-0.529631	0.756411	0.648658	0.0841704	-0.281325	0.0527055	0.0678206	-0.996304	0.150348	
-0.652194	0.757853	0.0173643	-0.52968	0.756223	0.64886	0.0843044	-0.280736	0.0526233	0.0681141	-0.996289	0.150384	
-0.65239	0.757679	0.0176346	-0.529728	0.75606	0.64903	0.0844545	-0.280131	0.052544	0.06843	-0.996271	0.150409	
-0.652573	0.757515	0.0179128	-0.529776	0.755908	0.649188	0.084606	-0.279517	0.0524615	0.0687519	-0.996253	0.150426	
-0.652777	0.757333	0.018142	-0.529844	0.755737	0.649371	0.0847336	-0.278913	0.0523907	0.0690227	-0.996238	0.150457	
-0.652997	0.757138	0.0183626	-0.529912	0.755551	0.649571	0.0848501	-0.278319	0.0523155	0.0692807	-0.996225	0.150486	
-0.653177	0.756977	0.0186183	-0.529966	0.755402	0.649727	0.0849895	-0.277717	0.0522383	0.0695775	-0.996208	0.150506	
-0.65333	0.75684	0.0188147	-0.53004	0.755274	0.649863	0.0850912	-0.277124	0.0521734	0.0698028	-0.996195	0.150544	
-0.653491	0.756696	0.0190046	-0.530113	0.755138	0.650006	0.0851984	-0.276525	0.0521162	0.0700275	-0.996183	0.150583	
-0.653624	0.756576	0.0191972	-0.530181	0.755026	0.650121	0.0853072	-0.275931	0.0520608	0.0702533	-0.99617	0.150615	
-0.653725	0.756485	0.0193426	-0.530269	0.754942	0.650209	0.0853825	-0.275342	0.0520138	0.0704193	-0.99616	0.150652	
-0.653847	0.756375	0.0195285	-0.530348	0.75484	0.650313	0.0854909	-0.274743	0.0519635	0.0706389	-0.996148	0.150681	
-0.653979	0.756256	0.0197121	-0.530429	0.75473	0.650429	0.085587	-0.274147	0.0519044	0.0708494	-0.996136	0.150703	
-0.654117	0.756132	0.0199022	-0.5305	0.754614	0.650549	0.0856953	-0.273555	0.0518496	0.0710732	-0.996123	0.150731	
-0.654241	0.756019	0.0201194	-0.530573	0.754511	0.650652	0.0858245	-0.272952	0.0517941	0.0713302	-0.996107	0.150751	
-0.654406	0.755871	0.020292	-0.530661	0.754371	0.6508	0.0859348	-0.272352	0.0517496	0.0715439	-0.996094	0.150782	
-0.654575	0.755719	0.0205068	-0.530738	0.754227	0.650948	0.0860649	-0.271742	0.051692	0.0718027	-0.996078	0.150813	
-0.654736	0.755574	0.0207084	-0.530821	0.754092	0.65109	0.086184	-0.271143	0.0516353	0.0720439	-0.996064	0.150845	
-0.654909	0.755418	0.0209439	-0.53089	0.753946	0.651239	0.0863285	-0.270535	0.0515746	0.0723279	-0.996047	0.150877	
-0.655084	0.755259	0.0211914	-0.530962	0.753798	0.65139	0.086485	-0.269915	0.0515147	0.0726289	-0.996028	0.150896	
-0.655201	0.755151	0.0214198	-0.531048	0.753699	0.651484	0.0866436	-0.269284	0.0514743	0.0729131	-0.996009	0.150927	
-0.655283	0.755073	0.0216492	-0.53114	0.75363	0.651542	0.0867986	-0.268644	0.0514339	0.0731931	-0.995991	0.150953	
-0.655372	0.754989	0.0218753	-0.531236	0.753555	0.651608	0.0869525	-0.268007	0.051394	0.0734705	-0.995972	0.150979	
-0.655425	0.754936	0.0221111	-0.531341	0.753511	0.651637	0.0871192	-0.267348	0.051361	0.0737611	-0.995952	0.151003	
-0.65542	0.754934	0.0223583	-0.531446	0.753519	0.651606	0.0872909	-0.266678	0.05133	0.0740596	-0.995932	0.15102	
-0.655385	0.754957	0.0225957	-0.531558	0.75355	0.651546	0.0874693	-0.266002	0.0513134	0.0743531	-0.995911	0.151041	
-0.655382	0.754953	0.0228036	-0.53167	0.753554	0.651521	0.0876167	-0.265352	0.0512896	0.0746062	-0.995893	0.151069	
-0.655376	0.754951	0.0230329	-0.531772	0.753561	0.651492	0.0877738	-0.264702	0.0512592	0.0748816	-0.995874	0.151084	
-0.655342	0.754974	0.0232634	-0.531869	0.753593	0.651434	0.0879271	-0.264057	0.0512281	0.0751535	-0.995855	0.151091	
-0.655319	0.754987	0.0234813	-0.53197	0.753615	0.651389	0.0880773	-0.263417	0.0512017	0.0754146	-0.995837	0.151109	
-0.655349	0.754952	0.0237572	-0.532046	0.753592	0.651391	0.088257	-0.262776	0.0511546	0.0757423	-0.995814	0.15111	
-0.655377	0.754919	0.0240557	-0.532118	0.753571	0.651388	0.0884534	-0.262122	0.0511056	0.076098	-0.99579	0.151105	
-0.655407	0.754883	0.0243435	-0.532192	0.753548	0.651389	0.0886388	-0.261477	0.0510549	0.0764384	-0.995766	0.151104	
-0.655468	0.75482	0.0246429	-0.532259	0.753499	0.651421	0.0888203	-0.26084	0.0509904	0.0767873	-0.995743	0.151097	
-0.655607	0.754689	0.0249775	-0.532311	0.753384	0.651527	0.0890235	-0.260205	0.0509116	0.0771821	-0.995716	0.151071	
-0.655748	0.754555	0.025314	-0.532366	0.753266	0.651634	0.089234	-0.259559	0.0508366	0.0775832	-0.995689	0.151042	
-0.655889	0.754422	0.0256347	-0.532428	0.753149	0.651743	0.0894342	-0.25892	0.050764	0.0779656	-0.995663	0.151019	
-0.656059	0.754263	0.0259669	-0.532489	0.753006	0.651879	0.0896406	-0.258267	0.0506854	0.0783627	-0.995636	0.150993	
-0.656251	0.754083	0.0263132	-0.532543	0.752843	0.652037	0.0898587	-0.257613	0.0506038	0.0787796	-0.995607	0.15096	
-0.656408	0.753935	0.0266475	-0.532603	0.752712	0.65216	0.0900648	-0.256956	0.0505246	0.0791772	-0.995579	0.150934	
-0.656571	0.753781	0.0269923	-0.532663	0.752576	0.652288	0.0902783	-0.256293	0.0504433	0.0795879	-0.995551	0.1509	
-0.656749	0.753613	0.027357	-0.532719	0.752427	0.652429	0.0904987	-0.255619	0.0503525	0.0800191	-0.995521	0.150855	
-0.656905	0.753464	0.0276962	-0.532784	0.752295	0.652552	0.0907049	-0.254954	0.0502697	0.0804203	-0.995493	0.150817	
-0.657017	0.753354	0.0280512	-0.532849	0.752204	0.652629	0.0909137	-0.254284	0.0501831	0.0808321	-0.995464	0.150772	
-0.657124	0.753246	0.0284314	-0.53291	0.752116	0.652698	0.0911436	-0.253594	0.0500964	0.0812764	-0.995432	0.150717	
-0.657206	0.75316	0.0287989	-0.532976	0.75205	0.652744	0.0913631	-0.252899	0.0500128	0.0817026	-0.995401	0.150663	
-0.657284	0.753078	0.0291706	-0.533036	0.751988	0.652785	0.0915757	-0.252217	0.0499215	0.0821272	-0.995371	0.150604	
-0.6574	0.752963	0.0295196	-0.533101	0.751893	0.652868	0.0917657	-0.251547	0.0498238	0.0825223	-0.995343	0.150549	
-0.65756	0.75281	0.0298735	-0.533159	0.75176	0.652995	0.091949	-0.250887	0.0497129	0.0829197	-0.995315	0.150483	
-0.657731	0.752644	0.0302641	-0.533205	0.751619	0.65313	0.092142	-0.25023	0.0495838	0.0833517	-0.995286	0.1504	
-0.657949	0.752439	0.030637	-0.533249	0.751437	0.653314	0.0923194	-0.249585	0.0494492	0.0837632	-0.995258	0.150319	
-0.65823	0.752178	0.0310266	-0.533285	0.751201	0.65356	0.092501	-0.248939	0.0492995	0.0841941	-0.995229	0.150233	
-0.658531	0.751898	0.0314131	-0.53332	0.750948	0.653827	0.0926745	-0.248299	0.0491431	0.0846186	-0.995201	0.150151	
-0.658859	0.751596	0.031769	-0.533359	0.75067	0.654124	0.0928185	-0.247671	0.0489811	0.0850023	-0.995176	0.15008	
-0.659263	0.751226	0.0321204	-0.533391	0.750327	0.654499	0.0929489	-0.247059	0.0488029	0.0853785	-0.995153	0.150003	
-0.659651	0.750871	0.0324522	-0.533427	0.749997	0.654861	0.0930613	-0.246452	0.0486253	0.085727	-0.995131	0.14992	
-0.66006	0.750497	0.0327942	-0.533459	0.749649	0.655243	0.0931797	-0.245838	0.0484429	0.0860883	-0.995109	0.149829	
-0.660481	0.750112	0.0331302	-0.533489	0.749291	0.655638	0.0932824	-0.245229	0.0482508	0.0864354	-0.995088	0.149727	
-0.660871	0.749754	0.0334434	-0.533522	0.748959	0.656005	0.0933666	-0.244627	0.0480629	0.086751	-0.99507	0.149624	
-0.661264	0.749393	0.0337573	-0.533548	0.748624	0.656376	0.0934485	-0.244027	0.0478722	0.0870656	-0.995052	0.149518	
-0.661622	0.749065	0.0340156	-0.533592	0.748319	0.656717	0.0934976	-0.243424	0.0476972	0.0873146	-0.995038	0.149418	
-0.661954	0.748758	0.0343222	-0.533622	0.748037	0.657027	0.0935709	-0.242808	0.0475114	0.0876139	-0.995021	0.149305	
-0.662317	0.748424	0.0346203	-0.533651	0.747728	0.657369	0.0936394	-0.242188	0.0473236	0.0879055	-0.995004	0.149189	
-0.662667	0.748102	0.0348711	-0.533697	0.747428	0.657703	0.0936863	-0.241565	0.047152	0.0881464	-0.994991	0.149087	
-0.663015	0.747783	0.0350997	-0.533753	0.74713	0.658037	0.0937203	-0.240934	0.0469855	0.088362	-0.99498	0.148983	
-0.663416	0.747415	0.035348	-0.533798	0.746786	0.658423	0.0937587	-0.240298	0.0468028	0.0885984	-0.994967	0.148868	
-0.663837	0.74703	0.0355851	-0.533848	0.746423	0.65883	0.0937868	-0.239673	0.046617	0.0888207	-0.994956	0.14876	
-0.664301	0.746605	0.0358641	-0.533885	0.746023	0.659276	0.0938344	-0.239049	0.0464129	0.0890896	-0.994942	0.148639	
-0.664787	0.746158	0.0361496	-0.533913	0.745603	0.659744	0.0938808	-0.238434	0.0462003	0.089364	-0.994927	0.148517	
-0.66524	0.745742	0.0363946	-0.533954	0.745211	0.660183	0.0939095	-0.237822	0.0460052	0.089594	-0.994915	0.148405	
-0.665717	0.745305	0.03662	-0.533988	0.744797	0.660647	0.09393	-0.237222	0.0458136	0.0898052	-0.994905	0.148292	
-0.666137	0.744921	0.0368091	-0.534032	0.744432	0.661059	0.0939266	-0.236627	0.0456349	0.0899698	-0.994898	0.148185	
-0.66652	0.744568	0.0370003	-0.534069	0.744099	0.661432	0.0939336	-0.236032	0.0454668	0.0901405	-0.994891	0.148079	
-0.666885	0.744233	0.0371693	-0.534108	0.743782	0.661791	0.0939174	-0.235447	0.0452981	0.090278	-0.994886	0.147978	
-0.667221	0.743925	0.0372975	-0.534148	0.743491	0.662124	0.0938781	-0.234882	0.0451428	0.0903677	-0.994885	0.147888	
-0.667541	0.743633	0.0374023	-0.534193	0.743212	0.662443	0.0938393	-0.234308	0.0450052	0.0904394	-0.994885	0.147794	
-0.667856	0.743344	0.0375322	-0.534231	0.742936	0.662753	0.0938327	-0.233722	0.0448754	0.0905508	-0.99488	0.147696	
-0.668112	0.743107	0.03766	-0.534275	0.742714	0.663003	0.0938241	-0.233131	0.0447527	0.0906556	-0.994876	0.1476	
-0.668367	0.742871	0.037789	-0.534315	0.742491	0.663251	0.0938355	-0.23253	0.0446441	0.0907745	-0.99487	0.147506	
-0.668624	0.742634	0.0379115	-0.534355	0.742266	0.663503	0.0938278	-0.231925	0.0445253	0.0908759	-0.994866	0.147404	
-0.668841	0.742434	0.0379829	-0.534411	0.742077	0.663722	0.0937862	-0.231318	0.04442	0.0909143	-0.994868	0.147311	
-0.66903	0.742263	0.0380006	-0.534487	0.741912	0.663917	0.0937068	-0.230712	0.0443259	0.0908858	-0.994874	0.147241	
-0.669238	0.742075	0.0380164	-0.534557	0.741731	0.664133	0.0936089	-0.230108	0.0442169	0.0908446	-0.994883	0.147158	
-0.669409	0.741919	0.0380513	-0.53462	0.741583	0.66431	0.0935195	-0.22949	0.044106	0.0908211	-0.99489	0.147075	
-0.669539	0.7418	0.0380881	-0.534685	0.741473	0.664447	0.0934252	-0.228862	0.0439953	0.0907931	-0.994897	0.146996	
-0.669664	0.741688	0.0380625	-0.534774	0.741365	0.664584	0.0932998	-0.228236	0.0439036	0.0906978	-0.99491	0.146938	
