-0.688674	0.724344	-0.0324708	-0.53532	0.723444	0.689437	0.0361329	-0.368968	0.0485593	0.00139299	-0.998819	0.14712	
-0.688646	0.724371	-0.0324579	-0.535329	0.72347	0.689409	0.0361428	-0.368944	0.0485576	0.00140718	-0.998819	0.147115	
-0.688563	0.72445	-0.0324506	-0.53536	0.723546	0.689326	0.0362035	-0.368877	0.0485967	0.00144886	-0.998817	0.147101	
-0.68835	0.724652	-0.0324688	-0.535458	0.72374	0.689113	0.0363837	-0.368686	0.0487401	0.00154575	-0.99881	0.147068	
-0.688196	0.724797	-0.0324919	-0.535533	0.723878	0.688961	0.0365055	-0.368548	0.0488447	0.00160273	-0.998805	0.147053	
-0.688107	0.724882	-0.0324812	-0.535568	0.72396	0.688871	0.0365862	-0.368461	0.048896	0.0016601	-0.998802	0.147036	
-0.687982	0.725001	-0.0324769	-0.535621	0.724073	0.688746	0.0367187	-0.368335	0.0489894	0.00174621	-0.998798	0.147009	
-0.687827	0.725147	-0.0324912	-0.535689	0.72421	0.688592	0.0368901	-0.368181	0.0491239	0.00184362	-0.998791	0.146981	
-0.687681	0.725285	-0.0325002	-0.535752	0.72434	0.688446	0.0370679	-0.368027	0.0492594	0.00194968	-0.998784	0.146951	
-0.687536	0.725422	-0.0325039	-0.53581	0.724469	0.688301	0.0372298	-0.367875	0.0493798	0.00204878	-0.998778	0.146927	
-0.687373	0.725576	-0.0325261	-0.53588	0.724615	0.688139	0.0373793	-0.367712	0.049504	0.0021246	-0.998772	0.14692	
-0.687178	0.72576	-0.0325494	-0.535965	0.724791	0.687945	0.0375428	-0.367522	0.0496392	0.00220705	-0.998765	0.146911	
-0.686959	0.725966	-0.032569	-0.536058	0.724988	0.687727	0.0377389	-0.367305	0.0497958	0.00231293	-0.998757	0.146897	
-0.686742	0.726171	-0.0325788	-0.536147	0.725183	0.68751	0.0379519	-0.367081	0.0499578	0.00243758	-0.998748	0.146874	
-0.686535	0.726366	-0.0325919	-0.536233	0.725367	0.687303	0.038162	-0.366864	0.0501201	0.00255845	-0.99874	0.146853	
-0.686332	0.726558	-0.0325912	-0.536314	0.725549	0.6871	0.0383735	-0.366646	0.050274	0.00269043	-0.998732	0.146826	
-0.686128	0.726752	-0.0325687	-0.536389	0.725732	0.686894	0.0385966	-0.366423	0.0504214	0.00284604	-0.998724	0.146789	
-0.685912	0.726957	-0.0325459	-0.536467	0.725925	0.686677	0.0388256	-0.366188	0.050573	0.00300498	-0.998716	0.146754	
-0.685684	0.727172	-0.0325292	-0.536553	0.726129	0.686448	0.0390598	-0.365941	0.0507327	0.00316228	-0.998707	0.146722	
-0.685436	0.727407	-0.0325087	-0.536645	0.726352	0.686199	0.0392905	-0.365683	0.0508876	0.00331841	-0.998699	0.146691	
-0.685181	0.727648	-0.0324794	-0.536736	0.726583	0.685942	0.0395039	-0.365425	0.0510239	0.00346831	-0.998691	0.146663	
-0.684926	0.72789	-0.0324401	-0.536825	0.726815	0.685685	0.0397076	-0.365172	0.0511464	0.0036188	-0.998685	0.146632	
-0.684666	0.728136	-0.0324	-0.536917	0.727052	0.685422	0.039906	-0.364917	0.0512647	0.00376584	-0.998678	0.146603	
-0.684404	0.728385	-0.032361	-0.537012	0.727291	0.685157	0.0400948	-0.364663	0.0513768	0.00390517	-0.998672	0.146575	
-0.684134	0.72864	-0.0323072	-0.537109	0.727537	0.684884	0.040288	-0.364404	0.0514822	0.00405765	-0.998666	0.146537	
-0.683849	0.72891	-0.0322524	-0.537213	0.727798	0.684596	0.0404838	-0.364133	0.051589	0.00421159	-0.99866	0.146497	
-0.683546	0.729196	-0.0322044	-0.537329	0.728073	0.684291	0.0406861	-0.36385	0.0517053	0.00436362	-0.998653	0.146458	
-0.683218	0.729506	-0.0321632	-0.53746	0.728372	0.68396	0.0409031	-0.363546	0.0518373	0.00451894	-0.998645	0.146417	
-0.682885	0.72982	-0.0321204	-0.537592	0.728675	0.683624	0.0411234	-0.363238	0.0519709	0.00467716	-0.998638	0.146375	
-0.682552	0.730132	-0.0320824	-0.537724	0.728977	0.683289	0.0413394	-0.362931	0.0521048	0.00482892	-0.99863	0.146338	
-0.682229	0.730436	-0.0320446	-0.537852	0.72927	0.682963	0.0415494	-0.362633	0.0522345	0.00497708	-0.998622	0.146301	
-0.681903	0.730742	-0.0320163	-0.537982	0.729566	0.682635	0.0417586	-0.362334	0.0523702	0.00511735	-0.998615	0.14627	
-0.68157	0.731053	-0.0319888	-0.538117	0.729867	0.6823	0.0419706	-0.36203	0.0525087	0.00525836	-0.998607	0.146238	
-0.681219	0.731382	-0.0319608	-0.538259	0.730184	0.681947	0.0421888	-0.36171	0.0526517	0.00540257	-0.998598	0.146205	
-0.680857	0.73172	-0.0319303	-0.538405	0.730511	0.681582	0.0424101	-0.361381	0.0527955	0.00554972	-0.99859	0.146173	
-0.680497	0.732056	-0.0319047	-0.538551	0.730836	0.681221	0.042627	-0.361056	0.0529395	0.00569046	-0.998582	0.146144	
-0.68014	0.732388	-0.0318822	-0.538697	0.731158	0.680862	0.0428367	-0.360734	0.0530805	0.00582408	-0.998573	0.146117	
-0.679781	0.732723	-0.0318588	-0.538844	0.731481	0.680501	0.04305	-0.360411	0.0532236	0.00596046	-0.998565	0.146088	
-0.679424	0.733055	-0.0318385	-0.538991	0.731803	0.680142	0.0432563	-0.360092	0.053364	0.00608989	-0.998557	0.146062	
-0.679068	0.733385	-0.0318145	-0.539136	0.732123	0.679785	0.0434594	-0.359773	0.0534995	0.00621974	-0.998549	0.146036	
-0.678721	0.733708	-0.0317925	-0.539278	0.732436	0.679436	0.0436472	-0.359465	0.0536252	0.00633829	-0.998541	0.146014	
-0.678378	0.734025	-0.031775	-0.539421	0.732744	0.679091	0.04383	-0.359162	0.0537505	0.00645043	-0.998534	0.145994	
-0.678019	0.734358	-0.0317643	-0.539572	0.733067	0.67873	0.0440267	-0.358845	0.0538907	0.00656558	-0.998525	0.145973	
-0.677644	0.734704	-0.0317637	-0.539734	0.733402	0.678355	0.0442251	-0.358519	0.0540394	0.00667334	-0.998516	0.145955	
-0.677259	0.735058	-0.0317714	-0.539904	0.733746	0.67797	0.0444167	-0.358189	0.0541889	0.00676952	-0.998508	0.145942	
-0.676862	0.735424	-0.0317823	-0.540082	0.734102	0.677573	0.0446041	-0.357854	0.0543377	0.00685935	-0.998499	0.145929	
-0.676473	0.735781	-0.0318007	-0.540261	0.734449	0.677184	0.0447854	-0.357528	0.0544872	0.00694015	-0.99849	0.145917	
-0.676098	0.736125	-0.0318151	-0.540433	0.734784	0.67681	0.0449582	-0.357215	0.0546276	0.00701896	-0.998482	0.145903	
-0.675711	0.736479	-0.0318398	-0.540616	0.735129	0.676423	0.0451358	-0.356895	0.0547788	0.00709232	-0.998473	0.14589	
-0.675311	0.736845	-0.0318684	-0.540806	0.735484	0.676024	0.0453217	-0.356566	0.0549389	0.0071675	-0.998464	0.145874	
-0.674905	0.737215	-0.0318966	-0.540998	0.735845	0.67562	0.0455034	-0.356234	0.0550957	0.00723957	-0.998455	0.14586	
-0.674503	0.737581	-0.0319352	-0.541191	0.736201	0.675219	0.0456794	-0.355906	0.0552555	0.00730017	-0.998446	0.145853	
-0.674108	0.73794	-0.031983	-0.541383	0.736551	0.674826	0.0458504	-0.355585	0.0554178	0.00735098	-0.998436	0.14585	
-0.673702	0.738309	-0.0320389	-0.541581	0.73691	0.674422	0.0460244	-0.355257	0.055588	0.00739691	-0.998426	0.145852	
-0.673285	0.738685	-0.0321021	-0.541785	0.737277	0.674009	0.0461948	-0.354922	0.0557606	0.00743416	-0.998416	0.145859	
-0.672861	0.739069	-0.0321663	-0.541993	0.737651	0.673588	0.0463634	-0.354582	0.0559326	0.00746862	-0.998407	0.145866	
-0.672436	0.739453	-0.0322325	-0.542203	0.738026	0.673166	0.0465258	-0.354244	0.0561015	0.00749722	-0.998397	0.145876	
-0.672018	0.739831	-0.0322957	-0.542409	0.738395	0.672751	0.0466824	-0.353911	0.0562641	0.00752443	-0.998388	0.145886	
-0.671589	0.740217	-0.0323556	-0.542618	0.738772	0.672326	0.046841	-0.353571	0.056426	0.00755447	-0.998378	0.145894	
-0.671148	0.740614	-0.0324179	-0.542833	0.739159	0.671888	0.0470127	-0.35322	0.0565995	0.00759049	-0.998368	0.1459	
-0.670711	0.741007	-0.0324858	-0.543047	0.739543	0.671454	0.0471689	-0.352874	0.0567653	0.00761203	-0.998359	0.145915	
-0.670278	0.741396	-0.0325596	-0.54326	0.739924	0.671025	0.0473172	-0.352532	0.0569291	0.00762404	-0.998349	0.145936	
-0.669843	0.741785	-0.0326464	-0.543475	0.740304	0.670595	0.0474674	-0.35219	0.0571031	0.00762749	-0.998339	0.145963	
-0.669386	0.742193	-0.0327429	-0.543703	0.740703	0.670143	0.0476227	-0.351832	0.0572876	0.0076252	-0.998329	0.145993	
-0.668915	0.742613	-0.0328402	-0.543937	0.741113	0.669677	0.0477843	-0.351463	0.0574776	0.00762532	-0.998318	0.146022	
-0.668444	0.743033	-0.0329425	-0.544172	0.741524	0.669211	0.0479424	-0.351095	0.0576683	0.00761914	-0.998307	0.146054	
-0.667967	0.743457	-0.0330439	-0.544412	0.741938	0.66874	0.0481028	-0.350726	0.0578601	0.00761457	-0.998296	0.146083	
-0.667484	0.743886	-0.0331487	-0.544655	0.742357	0.668263	0.0482729	-0.35035	0.0580616	0.00761321	-0.998284	0.146109	
-0.666992	0.744323	-0.0332601	-0.544905	0.742783	0.667777	0.0484453	-0.349969	0.0582692	0.00760755	-0.998272	0.146136	
-0.666506	0.744753	-0.0333784	-0.545153	0.743204	0.667298	0.0486045	-0.349596	0.0584716	0.00758817	-0.99826	0.146171	
-0.666034	0.745169	-0.0335006	-0.545395	0.74361	0.666833	0.0487577	-0.349234	0.058672	0.00756291	-0.998249	0.146209	
-0.66555	0.745595	-0.0336351	-0.545645	0.744027	0.666357	0.0489091	-0.348865	0.0588793	0.007526	-0.998237	0.146253	
-0.665063	0.746023	-0.0337727	-0.545896	0.744446	0.665878	0.0490564	-0.348495	0.0590858	0.00748365	-0.998225	0.146302	
-0.664571	0.746456	-0.0339105	-0.546149	0.744869	0.665394	0.0492007	-0.348122	0.0592899	0.00743842	-0.998213	0.146352	
-0.664084	0.746882	-0.0340445	-0.546399	0.745287	0.664915	0.0493426	-0.347753	0.0594898	0.0073947	-0.998202	0.146401	
-0.663597	0.74731	-0.0341737	-0.546648	0.745706	0.664435	0.049482	-0.347383	0.0596846	0.00735256	-0.99819	0.146448	
-0.663099	0.747746	-0.0343018	-0.546901	0.746133	0.663945	0.0496245	-0.347006	0.059881	0.00731223	-0.998179	0.146495	
-0.662603	0.748179	-0.0344289	-0.547151	0.746558	0.663457	0.049759	-0.346633	0.0600708	0.00726727	-0.998168	0.146544	
-0.662113	0.748607	-0.0345583	-0.547397	0.746977	0.662975	0.0498847	-0.346268	0.0602553	0.00721508	-0.998157	0.146597	
-0.661626	0.749031	-0.0346879	-0.54764	0.747394	0.662496	0.0500064	-0.345906	0.060437	0.00716	-0.998146	0.146653	
-0.661124	0.749469	-0.0348179	-0.547889	0.747824	0.662002	0.0501339	-0.345532	0.0606233	0.0071071	-0.998135	0.14671	
-0.660625	0.749903	-0.0349453	-0.548135	0.74825	0.661511	0.0502623	-0.345158	0.0608085	0.00705667	-0.998124	0.146766	
-0.660126	0.750336	-0.0350608	-0.548375	0.748675	0.661019	0.0503919	-0.344787	0.0609867	0.00701586	-0.998114	0.146817	
-0.659629	0.750768	-0.0351817	-0.548617	0.749098	0.66053	0.050527	-0.344412	0.0611726	0.00697448	-0.998103	0.14687	
-0.659139	0.751192	-0.0352972	-0.548854	0.749515	0.660047	0.0506565	-0.344042	0.0613506	0.00693397	-0.998092	0.146923	
-0.658651	0.751615	-0.0354092	-0.549087	0.749929	0.659566	0.0507855	-0.343674	0.0615258	0.00689554	-0.998082	0.146975	
-0.658176	0.752025	-0.035532	-0.549316	0.750331	0.659099	0.0509102	-0.343314	0.0617049	0.00684705	-0.998071	0.147036	
-0.657703	0.752433	-0.0356535	-0.549542	0.750731	0.658633	0.0510349	-0.342955	0.061883	0.00679964	-0.99806	0.147096	
-0.657224	0.752846	-0.0357736	-0.54977	0.751135	0.658162	0.0511697	-0.342587	0.0620677	0.00675914	-0.998049	0.147155	
-0.65674	0.753263	-0.035888	-0.549999	0.751544	0.657686	0.0512991	-0.342217	0.0622447	0.00671876	-0.998038	0.147213	
-0.656259	0.753677	-0.0359967	-0.550225	0.751949	0.657211	0.0514336	-0.341846	0.0624217	0.00668607	-0.998027	0.147269	
-0.655775	0.754093	-0.0360964	-0.550447	0.752357	0.656734	0.0515651	-0.341475	0.0625906	0.00665777	-0.998017	0.147322	
-0.655292	0.754508	-0.0361812	-0.550663	0.752765	0.656257	0.0516975	-0.341104	0.0627503	0.00664103	-0.998007	0.14737	
-0.654814	0.75492	-0.0362588	-0.550874	0.753169	0.655783	0.051816	-0.34074	0.0628949	0.00662083	-0.997998	0.147421	
-0.654339	0.755328	-0.0363335	-0.551079	0.75357	0.655313	0.0519327	-0.34038	0.0630361	0.00660176	-0.997989	0.147472	
-0.653879	0.755723	-0.0363974	-0.551272	0.753957	0.654858	0.0520523	-0.340028	0.0631723	0.00659382	-0.997981	0.14752	
-0.653414	0.756122	-0.0364723	-0.551469	0.754348	0.654398	0.0521752	-0.33967	0.0633182	0.00657917	-0.997972	0.147573	
-0.652951	0.756519	-0.0365412	-0.551665	0.754736	0.653939	0.0523155	-0.339302	0.0634733	0.00658043	-0.997962	0.147623	
-0.652486	0.756916	-0.0366013	-0.551856	0.755125	0.653479	0.0524615	-0.338932	0.0636272	0.00659185	-0.997952	0.147669	
-0.652026	0.75731	-0.0366586	-0.552044	0.755509	0.653022	0.0526171	-0.338561	0.0637863	0.00661185	-0.997942	0.147711	
-0.651568	0.757702	-0.0367088	-0.55223	0.75589	0.652567	0.0527801	-0.338188	0.0639466	0.00664198	-0.997931	0.147749	
-0.651105	0.758098	-0.0367524	-0.552414	0.756276	0.652107	0.0529443	-0.337812	0.0641035	0.00667728	-0.997921	0.147784	
-0.650651	0.758485	-0.0367883	-0.55259	0.756653	0.651656	0.053106	-0.337441	0.0642534	0.00671746	-0.997911	0.14782	
-0.650212	0.75886	-0.0368161	-0.552755	0.757019	0.651219	0.0532596	-0.337083	0.0643919	0.00675961	-0.997902	0.147854	
-0.649776	0.759232	-0.036847	-0.552919	0.75738	0.650784	0.0534305	-0.336719	0.0645456	0.00681071	-0.997892	0.147888	
-0.649333	0.75961	-0.0368806	-0.553085	0.757746	0.650343	0.0536166	-0.336343	0.0647128	0.00686886	-0.99788	0.147921	
-0.648888	0.759988	-0.0369041	-0.553247	0.758112	0.6499	0.0538096	-0.335961	0.0648786	0.00693897	-0.997869	0.147953	
-0.648453	0.760359	-0.0369193	-0.553402	0.758472	0.649465	0.0539977	-0.335585	0.0650354	0.00701274	-0.997858	0.147983	
-0.648021	0.760727	-0.0369217	-0.553553	0.758828	0.649033	0.0541869	-0.335211	0.0651849	0.00709707	-0.997848	0.148006	
-0.647589	0.761095	-0.036914	-0.553699	0.759183	0.648601	0.0543867	-0.334832	0.0653359	0.00719571	-0.997837	0.148024	
-0.647164	0.761457	-0.0369024	-0.55384	0.759533	0.648174	0.0545836	-0.334457	0.0654823	0.00729599	-0.997827	0.148043	
-0.646746	0.761814	-0.0368738	-0.553971	0.759878	0.647754	0.0547728	-0.33409	0.0656118	0.00740447	-0.997818	0.148058	
-0.646335	0.762164	-0.0368352	-0.554093	0.760217	0.647341	0.0549575	-0.333729	0.0657316	0.00751819	-0.997809	0.148072	
-0.64593	0.762509	-0.0367995	-0.554212	0.760551	0.646933	0.0551369	-0.333376	0.0658492	0.00762668	-0.9978	0.148088	
-0.645517	0.762861	-0.0367536	-0.554331	0.760891	0.646516	0.0553307	-0.333011	0.0659714	0.00775138	-0.997791	0.148098	
-0.645103	0.763214	-0.0367114	-0.554452	0.761231	0.646098	0.0555328	-0.332642	0.0661025	0.00787851	-0.997782	0.148108	
-0.644693	0.763562	-0.0366606	-0.554567	0.761567	0.645685	0.0557356	-0.332276	0.0662288	0.00801288	-0.997772	0.148114	
-0.644303	0.763894	-0.0366026	-0.554673	0.761887	0.64529	0.055937	-0.331922	0.0663493	0.00815337	-0.997763	0.148117	
-0.643914	0.764225	-0.0365436	-0.554775	0.762205	0.644896	0.0561372	-0.331568	0.0664683	0.00829381	-0.997754	0.148123	
-0.643521	0.76456	-0.0364629	-0.554871	0.762527	0.644497	0.0563564	-0.331203	0.0665881	0.00846263	-0.997745	0.148117	
-0.643129	0.764893	-0.0363797	-0.554964	0.762847	0.6441	0.0565741	-0.330838	0.0667053	0.00863231	-0.997735	0.148112	
-0.642744	0.765221	-0.0362911	-0.555051	0.763162	0.643708	0.0567833	-0.330483	0.0668127	0.00880112	-0.997727	0.148108	
-0.642373	0.765537	-0.0361924	-0.555127	0.763465	0.643329	0.057	-0.330131	0.0669192	0.00898369	-0.997718	0.148101	
-0.642001	0.765854	-0.0360814	-0.555198	0.763768	0.642949	0.0572267	-0.329774	0.0670258	0.00918176	-0.997709	0.148088	
-0.641623	0.766176	-0.0359756	-0.555272	0.764075	0.642563	0.0574688	-0.329406	0.0671478	0.00938529	-0.997699	0.148076	
-0.641258	0.766488	-0.0358515	-0.555335	0.764372	0.642187	0.0577178	-0.329039	0.0672633	0.00960814	-0.997689	0.148056	
-0.640902	0.766791	-0.0357376	-0.555395	0.76466	0.641822	0.0579531	-0.328683	0.067375	0.00981511	-0.997679	0.148046	
-0.640553	0.767087	-0.0356216	-0.555451	0.764943	0.641464	0.0581881	-0.328332	0.0674853	0.0100241	-0.99767	0.148034	
-0.640211	0.76738	-0.035477	-0.555496	0.76522	0.641111	0.0584361	-0.327979	0.0675874	0.0102637	-0.997661	0.148009	
-0.639875	0.767667	-0.0353248	-0.555533	0.765492	0.640763	0.0586901	-0.327625	0.0676892	0.0105134	-0.997651	0.147982	
-0.63953	0.76796	-0.0351865	-0.555576	0.765771	0.640407	0.0589393	-0.327266	0.0677968	0.0107487	-0.997641	0.147965	
-0.639203	0.76824	-0.0350182	-0.5556	0.766035	0.640067	0.0591954	-0.326914	0.0678903	0.0110127	-0.997632	0.147937	
-0.638879	0.768519	-0.0348286	-0.555614	0.766298	0.639728	0.0594658	-0.326558	0.0679814	0.0113023	-0.997623	0.1479	
-0.63855	0.7688	-0.0346419	-0.555628	0.766562	0.639383	0.0597566	-0.32619	0.0680903	0.0116024	-0.997612	0.147862	
-0.638211	0.76909	-0.0344409	-0.555641	0.766834	0.639029	0.0600627	-0.325809	0.0682023	0.0119223	-0.9976	0.147817	
-0.637872	0.769382	-0.034228	-0.55565	0.767108	0.638672	0.0603648	-0.325428	0.0683041	0.0122485	-0.997589	0.147769	
-0.637531	0.769674	-0.033996	-0.555652	0.767383	0.638312	0.0606686	-0.325045	0.0683952	0.0125902	-0.997579	0.147714	
-0.6372	0.76996	-0.0337317	-0.555638	0.767652	0.63796	0.0609727	-0.324668	0.068466	0.0129576	-0.997569	0.147648	
-0.63687	0.770245	-0.0334486	-0.555613	0.767919	0.637608	0.0612942	-0.324285	0.0685387	0.0133506	-0.997559	0.147575	
-0.636537	0.770532	-0.0331717	-0.555589	0.768186	0.637253	0.0616329	-0.323892	0.0686289	0.0137496	-0.997548	0.147503	
-0.63621	0.770815	-0.0328888	-0.555559	0.76845	0.636902	0.0619701	-0.323499	0.0687144	0.0141526	-0.997536	0.147434	
-0.635889	0.771093	-0.0325789	-0.555514	0.76871	0.636556	0.0623061	-0.323105	0.068782	0.0145761	-0.997525	0.14736	
-0.635564	0.771373	-0.0322676	-0.555466	0.768973	0.636206	0.0626291	-0.322714	0.0688393	0.0149919	-0.997515	0.147292	
-0.635239	0.771655	-0.0319451	-0.555414	0.769237	0.635854	0.0629523	-0.322323	0.0688899	0.0154163	-0.997505	0.14722	
-0.634915	0.771936	-0.0315998	-0.555351	0.769501	0.635502	0.0632903	-0.321928	0.0689378	0.0158679	-0.997495	0.147137	
-0.634586	0.77222	-0.0312511	-0.555289	0.769767	0.635145	0.0636409	-0.321524	0.0689938	0.0163295	-0.997483	0.147052	
-0.634253	0.772509	-0.0308716	-0.555217	0.770036	0.634781	0.0640087	-0.321106	0.069044	0.0168255	-0.997472	0.146954	
-0.633918	0.772799	-0.0304874	-0.555143	0.770309	0.634414	0.0643663	-0.320691	0.0690839	0.0173182	-0.997461	0.146858	
-0.633582	0.773089	-0.0301132	-0.555069	0.770582	0.634048	0.0647039	-0.320284	0.0691151	0.0177906	-0.99745	0.146773	
-0.63326	0.77337	-0.0296784	-0.554968	0.770847	0.63369	0.0650543	-0.319879	0.069118	0.0183188	-0.99744	0.146663	
-0.632934	0.773654	-0.0292312	-0.554862	0.771115	0.633327	0.0654102	-0.319469	0.0691178	0.0188597	-0.99743	0.146551	
-0.632606	0.773938	-0.028812	-0.554765	0.771382	0.632965	0.0657671	-0.319055	0.0691366	0.0193796	-0.997419	0.146451	
-0.632283	0.774218	-0.0283684	-0.554656	0.771647	0.632606	0.0661172	-0.318644	0.0691351	0.0199144	-0.997409	0.146346	
-0.631974	0.774486	-0.027914	-0.554536	0.771901	0.63226	0.0664539	-0.318247	0.0691165	0.0204504	-0.997399	0.14624	
-0.631661	0.774759	-0.027443	-0.554413	0.77216	0.631908	0.0667879	-0.31785	0.069086	0.0209969	-0.99739	0.146127	
-0.631334	0.775043	-0.0269329	-0.55428	0.772431	0.63154	0.0671454	-0.317435	0.0690497	0.0215874	-0.99738	0.145997	
-0.630992	0.775338	-0.0264547	-0.554163	0.772711	0.631158	0.0675013	-0.317012	0.0690334	0.022151	-0.997368	0.145881	
-0.630651	0.775633	-0.0259576	-0.554036	0.772992	0.630775	0.0678732	-0.316579	0.0690181	0.0227393	-0.997356	0.145759	
-0.630305	0.77593	-0.0254652	-0.55391	0.773276	0.630389	0.0682193	-0.316155	0.0689864	0.0233073	-0.997345	0.145645	
-0.629971	0.776217	-0.0249585	-0.553773	0.773552	0.630013	0.0685619	-0.315739	0.0689431	0.0238853	-0.997335	0.145528	
-0.629629	0.776512	-0.0244226	-0.553627	0.773835	0.629627	0.0689164	-0.315312	0.0688915	0.0244927	-0.997323	0.1454	
-0.629288	0.776805	-0.0238873	-0.553481	0.774117	0.629241	0.0692784	-0.314883	0.0688467	0.0251045	-0.997311	0.14527	
-0.62895	0.777095	-0.0233422	-0.55333	0.774396	0.628857	0.069638	-0.314456	0.0687943	0.0257228	-0.997299	0.145138	
-0.628613	0.777384	-0.0228023	-0.55318	0.774675	0.628475	0.0699886	-0.314032	0.0687387	0.0263314	-0.997287	0.145011	
-0.628276	0.777673	-0.0222348	-0.55302	0.774954	0.62809	0.0703484	-0.313604	0.0686735	0.0269672	-0.997275	0.14487	
-0.62794	0.777961	-0.0216524	-0.552853	0.775232	0.627706	0.0707137	-0.313176	0.0686039	0.0276183	-0.997262	0.144726	
-0.627597	0.778253	-0.0211065	-0.552698	0.775515	0.627316	0.0710754	-0.312741	0.0685551	0.0282383	-0.997248	0.1446	
-0.627261	0.778537	-0.0205855	-0.55255	0.77579	0.626936	0.0714288	-0.312313	0.0685158	0.0288344	-0.997233	0.144484	
-0.626924	0.778822	-0.0200673	-0.552403	0.776066	0.626555	0.0717713	-0.311888	0.0684703	0.0294216	-0.997219	0.144371	
-0.626593	0.779102	-0.0195158	-0.552244	0.776337	0.626177	0.0721346	-0.311458	0.0684206	0.0300482	-0.997204	0.144241	
-0.626261	0.779383	-0.0189543	-0.552078	0.77661	0.625796	0.0724996	-0.311026	0.0683665	0.0306836	-0.997188	0.144109	
-0.625922	0.779668	-0.0184194	-0.551925	0.776888	0.625411	0.0728457	-0.310599	0.0683152	0.0312859	-0.997173	0.143991	
-0.625573	0.779961	-0.0178733	-0.55177	0.777174	0.625015	0.0731903	-0.310167	0.0682566	0.0318953	-0.997158	0.14387	
-0.625219	0.780258	-0.0172771	-0.551597	0.777466	0.624611	0.0735384	-0.309729	0.0681704	0.0325452	-0.997143	0.143732	
-0.624867	0.780553	-0.0166974	-0.551425	0.777758	0.62421	0.073856	-0.309303	0.0680712	0.0331636	-0.997129	0.143611	
-0.624514	0.780847	-0.0161454	-0.551257	0.778051	0.62381	0.0741458	-0.308891	0.0679682	0.0337431	-0.997117	0.14351	
-0.624157	0.781143	-0.0155988	-0.551092	0.778347	0.623409	0.07442	-0.308484	0.0678571	0.0343085	-0.997105	0.143413	
-0.623801	0.781439	-0.0150037	-0.550913	0.778641	0.623003	0.0747338	-0.30806	0.0677473	0.0349366	-0.997091	0.143287	
-0.623453	0.781727	-0.0144503	-0.550749	0.778928	0.622608	0.075036	-0.30764	0.0676546	0.0355257	-0.997076	0.14318	
-0.623114	0.782007	-0.013916	-0.550589	0.779207	0.622223	0.0753362	-0.307221	0.0675723	0.0360995	-0.997061	0.143081	
-0.62278	0.782282	-0.0133986	-0.550435	0.77948	0.621845	0.0756267	-0.306806	0.0674933	0.0366549	-0.997046	0.14299	
-0.622461	0.782545	-0.0128963	-0.550286	0.779742	0.621483	0.0759089	-0.306392	0.0674169	0.0371946	-0.997031	0.142908	
-0.622164	0.782789	-0.0123996	-0.550135	0.779987	0.621143	0.0761743	-0.305984	0.0673304	0.0377213	-0.997017	0.142834	
-0.621899	0.783007	-0.0119077	-0.549983	0.780204	0.620836	0.0764411	-0.305577	0.0672466	0.0382483	-0.997003	0.142764	
-0.621677	0.78319	-0.0114448	-0.549837	0.780389	0.620573	0.0766938	-0.305181	0.0671682	0.0387474	-0.996989	0.142707	
-0.621492	0.783343	-0.0110051	-0.549697	0.780541	0.62035	0.0769505	-0.304791	0.0671057	0.0392341	-0.996974	0.142657	
-0.621314	0.78349	-0.0105341	-0.549546	0.780688	0.62013	0.0772331	-0.304387	0.0670439	0.0397622	-0.996957	0.142589	
-0.621148	0.783628	-0.0100876	-0.549407	0.780825	0.619923	0.0775132	-0.303977	0.0669951	0.0402705	-0.99694	0.142533	
-0.620994	0.783755	-0.00967519	-0.549282	0.78095	0.619732	0.0777806	-0.303565	0.066957	0.0407455	-0.996924	0.142494	
-0.620866	0.783861	-0.00928914	-0.549169	0.781054	0.619567	0.0780485	-0.30315	0.0669345	0.0412024	-0.996906	0.142465	
-0.620759	0.783951	-0.0089091	-0.549061	0.78114	0.619424	0.0783171	-0.302733	0.0669152	0.0416568	-0.996889	0.142435	
-0.620659	0.784034	-0.00854672	-0.548962	0.781221	0.619288	0.0785928	-0.302304	0.0669123	0.0421024	-0.99687	0.142414	
-0.62058	0.7841	-0.00819308	-0.548863	0.781283	0.619175	0.0788687	-0.301873	0.0669139	0.0425433	-0.996851	0.142398	
-0.620526	0.784147	-0.00787386	-0.548772	0.781326	0.619088	0.0791251	-0.301453	0.0669203	0.0429471	-0.996834	0.142402	
-0.620464	0.784198	-0.00758202	-0.548683	0.781374	0.618997	0.0793554	-0.301051	0.0669236	0.0433128	-0.996818	0.142422	
-0.620389	0.78426	-0.00728284	-0.54859	0.781432	0.618891	0.079611	-0.300643	0.066943	0.0436987	-0.996799	0.142433	
-0.620279	0.78435	-0.00698793	-0.548504	0.781517	0.618749	0.0798826	-0.30022	0.0669797	0.0440883	-0.99678	0.142443	
-0.620144	0.784459	-0.00672531	-0.54843	0.781619	0.618586	0.080147	-0.299791	0.0670322	0.044446	-0.99676	0.142469	
-0.619989	0.784584	-0.00648575	-0.548369	0.781738	0.618404	0.0803909	-0.299364	0.0670842	0.0447713	-0.996742	0.142509	
-0.619814	0.784723	-0.0062759	-0.548321	0.781871	0.618206	0.0806201	-0.298937	0.0671443	0.0450626	-0.996725	0.142563	
-0.61961	0.784886	-0.00604241	-0.548274	0.782028	0.617976	0.0808581	-0.298495	0.0671985	0.0453752	-0.996707	0.142606	
-0.619387	0.785065	-0.00581384	-0.54823	0.782201	0.617728	0.0810858	-0.298047	0.0672489	0.0456759	-0.99669	0.142657	
-0.619167	0.785239	-0.00563045	-0.548197	0.78237	0.617487	0.081281	-0.297607	0.0673017	0.0459214	-0.996675	0.142737	
-0.618955	0.785407	-0.00543843	-0.548156	0.782534	0.617255	0.0814671	-0.297176	0.0673418	0.0461687	-0.996661	0.142818	
-0.618731	0.785585	-0.00527355	-0.548123	0.782707	0.617013	0.081636	-0.296746	0.0673858	0.0463831	-0.996648	0.142917	
-0.618501	0.785767	-0.00511008	-0.548093	0.782885	0.616764	0.0818116	-0.296309	0.0674366	0.0466	-0.996635	0.143016	
-0.618276	0.785946	-0.00493763	-0.548058	0.783059	0.61652	0.0819821	-0.295869	0.0674776	0.0468211	-0.996622	0.143115	
-0.618045	0.786128	-0.00478063	-0.548026	0.783239	0.616273	0.0821233	-0.295435	0.0675056	0.0470115	-0.996611	0.143231	
-0.617816	0.786309	-0.00463025	-0.548001	0.783417	0.616028	0.0822642	-0.294991	0.0675375	0.0471967	-0.9966	0.143351	
-0.617573	0.786501	-0.00447334	-0.547973	0.783607	0.61577	0.0823835	-0.294552	0.0675492	0.0473725	-0.996591	0.143475	
-0.617355	0.786673	-0.00431494	-0.547939	0.78378	0.615538	0.0824772	-0.294127	0.0675386	0.0475358	-0.996584	0.143606	
-0.617164	0.786824	-0.00412044	-0.547885	0.783934	0.61533	0.0825629	-0.293715	0.0674979	0.0477247	-0.996577	0.143726	
-0.61698	0.786969	-0.00393973	-0.547839	0.784082	0.615131	0.0826451	-0.2933	0.0674625	0.0479013	-0.996571	0.14385	
-0.616814	0.7871	-0.00376813	-0.547797	0.784215	0.614949	0.0827339	-0.292879	0.0674371	0.0480764	-0.996565	0.143976	
-0.616682	0.787204	-0.00360945	-0.547758	0.784321	0.614803	0.0828158	-0.29246	0.067412	0.0482401	-0.996558	0.144111	
-0.616596	0.787273	-0.00345022	-0.547716	0.784392	0.614703	0.0828836	-0.292048	0.0673728	0.0483993	-0.996553	0.144249	
-0.616548	0.78731	-0.0033026	-0.547681	0.784432	0.614643	0.0829474	-0.291631	0.0673353	0.0485504	-0.996548	0.144393	
-0.616533	0.787322	-0.00317613	-0.547652	0.784447	0.614616	0.0830047	-0.291213	0.0673036	0.0486837	-0.996544	0.144549	
-0.616566	0.787298	-0.00302208	-0.547608	0.784424	0.614634	0.0830843	-0.290793	0.0672696	0.0488564	-0.996538	0.14469	
-0.616625	0.787252	-0.00287354	-0.547565	0.78438	0.614678	0.0831779	-0.290379	0.0672483	0.0490356	-0.996531	0.144825	
-0.616696	0.787197	-0.00274472	-0.547534	0.784324	0.614736	0.0832777	-0.289955	0.0672432	0.0492043	-0.996523	0.144964	
-0.616825	0.787096	-0.00259805	-0.547495	0.784223	0.614849	0.0833919	-0.289528	0.0672348	0.0494008	-0.996513	0.145093	
-0.617041	0.786928	-0.00243806	-0.547446	0.784056	0.615048	0.0835017	-0.289108	0.0672093	0.0496124	-0.996505	0.14522	
-0.61731	0.786717	-0.00227657	-0.547394	0.783846	0.6153	0.0836138	-0.288684	0.0671811	0.0498312	-0.996496	0.145348	
-0.617611	0.786481	-0.00213988	-0.547347	0.78361	0.615585	0.0837322	-0.288259	0.067171	0.0500371	-0.996486	0.145485	
-0.617949	0.786215	-0.00202407	-0.547306	0.783344	0.615909	0.0838337	-0.287845	0.0671579	0.0502194	-0.996478	0.145632	
-0.618337	0.785911	-0.00188304	-0.547256	0.78304	0.61628	0.0839478	-0.28743	0.067136	0.0504336	-0.996468	0.145765	
-0.618766	0.785573	-0.0017186	-0.547196	0.782704	0.61669	0.08407	-0.287006	0.067103	0.0506746	-0.996458	0.145891	
-0.619158	0.785265	-0.00158952	-0.54715	0.782397	0.617067	0.0841637	-0.286579	0.0670716	0.050867	-0.996451	0.146042	
-0.61955	0.784956	-0.00146836	-0.547101	0.782089	0.617445	0.0842498	-0.286158	0.067039	0.0510486	-0.996444	0.146201	
-0.61996	0.784632	-0.00135722	-0.547058	0.781767	0.617842	0.084334	-0.285732	0.0670097	0.0512226	-0.996437	0.146364	
-0.620365	0.784312	-0.00122564	-0.547008	0.781449	0.618232	0.0844241	-0.285301	0.0669726	0.051416	-0.996429	0.146519	
-0.620726	0.784027	-0.0010774	-0.546953	0.781165	0.618576	0.0845233	-0.284865	0.066935	0.0516242	-0.996421	0.146666	
-0.621048	0.783772	-0.000963911	-0.546903	0.780911	0.618886	0.0846054	-0.284441	0.0669079	0.0517913	-0.996414	0.146832	
-0.621341	0.78354	-0.000874799	-0.546861	0.78068	0.619167	0.0846788	-0.284008	0.0668909	0.0519315	-0.996408	0.147015	
-0.621605	0.783331	-0.000763505	-0.546813	0.780472	0.619419	0.0847611	-0.283566	0.0668689	0.052092	-0.996401	0.147189	
-0.621817	0.783162	-0.000648223	-0.546764	0.780304	0.619618	0.0848471	-0.283119	0.0668507	0.0522536	-0.996394	0.147362	
-0.621976	0.783036	-0.000538685	-0.546719	0.780178	0.619765	0.0849299	-0.282668	0.066837	0.0524041	-0.996387	0.147539	
-0.622114	0.782926	-0.00043961	-0.546678	0.78007	0.619892	0.0850035	-0.282216	0.066824	0.0525389	-0.996381	0.147722	
-0.622263	0.782808	-0.000340739	-0.546633	0.779951	0.62003	0.0850806	-0.281771	0.0668131	0.0526768	-0.996374	0.147904	
-0.62239	0.782707	-0.000254663	-0.546593	0.779851	0.620147	0.0851507	-0.281326	0.066806	0.0527983	-0.996368	0.148093	
-0.622483	0.782633	-0.000135603	-0.546549	0.779778	0.620227	0.0852371	-0.280864	0.0667935	0.0529529	-0.996361	0.148264	
-0.622531	0.782595	-7.09306e-06	-0.546508	0.779741	0.620261	0.0853253	-0.280395	0.0667796	0.0531121	-0.996353	0.14843	
-0.622561	0.782571	0.000121025	-0.54647	0.779718	0.620278	0.0854076	-0.279917	0.0667624	0.0532658	-0.996346	0.1486	
-0.622617	0.782527	0.000268046	-0.54643	0.779677	0.62032	0.0854733	-0.279441	0.0667188	0.0534261	-0.99634	0.148765	
-0.622727	0.782439	0.000446179	-0.546377	0.779596	0.620416	0.0855269	-0.278976	0.0666428	0.0536078	-0.996336	0.14892	
-0.622864	0.78233	0.000653888	-0.546311	0.779496	0.620536	0.0855656	-0.278516	0.0665348	0.0538054	-0.996332	0.149066	
-0.623005	0.782217	0.000872196	-0.546241	0.779391	0.620659	0.0856243	-0.278049	0.0664355	0.0540242	-0.996327	0.149206	
-0.623158	0.782095	0.0011138	-0.546163	0.779278	0.620791	0.085697	-0.277581	0.0663318	0.0542707	-0.996321	0.149331	
-0.62333	0.781958	0.00131939	-0.546098	0.77915	0.620946	0.0857434	-0.277122	0.0662285	0.0544744	-0.996316	0.149472	
-0.623537	0.781792	0.00155056	-0.546026	0.778992	0.621134	0.0858166	-0.276651	0.0661276	0.0547177	-0.99631	0.149599	
-0.623751	0.781621	0.00183909	-0.54593	0.778831	0.621322	0.0859114	-0.276179	0.0660075	0.0550197	-0.996301	0.1497	
-0.623939	0.78147	0.00209488	-0.54584	0.778689	0.621487	0.0860034	-0.275709	0.0659072	0.0552921	-0.996293	0.149815	
-0.62411	0.781333	0.00234883	-0.545757	0.778559	0.621635	0.086118	-0.275225	0.0658267	0.0555758	-0.996282	0.149925	
-0.6243	0.78118	0.00260366	-0.54567	0.778412	0.621801	0.0862411	-0.274747	0.0657508	0.0558671	-0.996271	0.15003	
-0.624492	0.781026	0.00288229	-0.545574	0.778265	0.621966	0.0863787	-0.274263	0.0656713	0.056186	-0.996258	0.150125	
-0.624643	0.780904	0.00316377	-0.545473	0.77815	0.622091	0.0865165	-0.273776	0.0655929	0.0565038	-0.996245	0.150223	
-0.624752	0.780816	0.00342624	-0.545369	0.77807	0.622174	0.0866411	-0.273298	0.0655191	0.056795	-0.996234	0.150334	
-0.624833	0.78075	0.00368595	-0.545264	0.77801	0.622231	0.0867728	-0.272823	0.0654544	0.0570863	-0.996221	0.150444	
-0.624895	0.780699	0.00397965	-0.545148	0.777966	0.622264	0.0869284	-0.272333	0.0653885	0.0574172	-0.996207	0.15054	
-0.624944	0.780658	0.00430118	-0.545023	0.777933	0.622282	0.0870954	-0.271837	0.0653152	0.0577758	-0.996191	0.150621	
-0.624965	0.78064	0.00458716	-0.544911	0.777922	0.622276	0.0872366	-0.271348	0.0652459	0.0580883	-0.996177	0.150718	
-0.624929	0.780667	0.00484985	-0.544809	0.777957	0.622217	0.087345	-0.270866	0.0651696	0.0583574	-0.996166	0.150835	
-0.624872	0.78071	0.00517768	-0.544683	0.778012	0.622132	0.0874548	-0.270383	0.0650557	0.0586763	-0.996155	0.150928	
-0.624819	0.78075	0.00552324	-0.544547	0.778066	0.622052	0.087552	-0.269911	0.0649204	0.0590016	-0.996145	0.151015	
-0.624764	0.780792	0.00586247	-0.544419	0.778122	0.62197	0.0876307	-0.269433	0.064775	0.0593102	-0.996136	0.151108	
-0.624727	0.780818	0.00620472	-0.544295	0.778165	0.621908	0.0876944	-0.268953	0.0646147	0.0596134	-0.996128	0.151204	
-0.624725	0.780817	0.00660115	-0.544157	0.778183	0.621875	0.0877607	-0.268467	0.06442	0.0599632	-0.99612	0.151279	
-0.624726	0.780813	0.00701265	-0.544016	0.778202	0.621848	0.087786	-0.267984	0.0641836	0.0602994	-0.996115	0.151356	
-0.624735	0.780802	0.00745127	-0.543866	0.778217	0.621829	0.0877905	-0.267507	0.0639135	0.0606445	-0.996111	0.151428	
-0.624759	0.780778	0.00787768	-0.543724	0.778221	0.621828	0.0877612	-0.267039	0.0636234	0.0609602	-0.99611	0.151505	
-0.624816	0.780727	0.00832075	-0.543585	0.778198	0.621857	0.0877633	-0.266552	0.0633449	0.0613111	-0.996107	0.151571	
-0.62493	0.780631	0.00878569	-0.54344	0.77813	0.62194	0.0877769	-0.266059	0.0630572	0.0616908	-0.996101	0.151622	
-0.625069	0.780514	0.00925483	-0.543294	0.778041	0.622047	0.0878027	-0.265557	0.0627743	0.0620834	-0.996095	0.151664	
-0.625225	0.780385	0.00966423	-0.54317	0.777935	0.622175	0.0878366	-0.265051	0.0625335	0.0624358	-0.996088	0.151725	
-0.625427	0.780217	0.0100882	-0.543035	0.777792	0.622347	0.0878848	-0.264547	0.0622908	0.0628121	-0.99608	0.151777	
-0.625691	0.78	0.010541	-0.542886	0.7776	0.622576	0.0879633	-0.264037	0.0620488	0.0632345	-0.996068	0.151813	
-0.625968	0.779772	0.0109586	-0.542751	0.777394	0.622821	0.0880546	-0.263529	0.0618373	0.0636385	-0.996055	0.151847	
-0.626223	0.779561	0.0113641	-0.542615	0.777203	0.623043	0.0881573	-0.263024	0.0616437	0.0640384	-0.996042	0.151879	
-0.626475	0.779352	0.0117926	-0.542473	0.777014	0.623259	0.0883072	-0.2625	0.0614725	0.0644853	-0.996023	0.1519	
-0.626764	0.779113	0.0122151	-0.542327	0.776793	0.623511	0.0884723	-0.261978	0.0613137	0.0649399	-0.996004	0.151915	
-0.627033	0.778891	0.0125853	-0.542193	0.776587	0.623746	0.0886205	-0.261468	0.0611757	0.0653415	-0.995986	0.151944	
-0.62724	0.778719	0.0129177	-0.542076	0.776428	0.623921	0.0887792	-0.260952	0.0610744	0.0657155	-0.995968	0.151977	
-0.627426	0.778562	0.0133036	-0.541936	0.776285	0.624071	0.0889785	-0.260427	0.060973	0.0661548	-0.995945	0.151992	
-0.627606	0.778411	0.0136858	-0.541799	0.776148	0.624213	0.0891753	-0.25991	0.0608722	0.0665891	-0.995922	0.152002	
-0.627764	0.778277	0.0140376	-0.541673	0.776027	0.624338	0.0893537	-0.259402	0.0607777	0.0669866	-0.995901	0.152019	
-0.627887	0.778171	0.0144104	-0.541532	0.775935	0.624425	0.0895448	-0.258901	0.060683	0.0674055	-0.995879	0.152036	
-0.627969	0.778097	0.0148294	-0.541376	0.775876	0.624466	0.0897652	-0.258389	0.0605856	0.0678755	-0.995853	0.152042	
-0.628012	0.778056	0.0151992	-0.541239	0.775849	0.624473	0.0899595	-0.257876	0.0605019	0.0682879	-0.995829	0.152067	
-0.628063	0.778007	0.0155632	-0.541104	0.775814	0.624489	0.090145	-0.257367	0.0604144	0.0686909	-0.995807	0.152092	
-0.628111	0.777961	0.0159038	-0.540982	0.775781	0.624505	0.090316	-0.256857	0.0603303	0.0690664	-0.995786	0.152126	
-0.628161	0.777914	0.0162629	-0.540856	0.775749	0.624521	0.0904856	-0.256344	0.0602334	0.0694554	-0.995765	0.152147	
-0.628203	0.777872	0.0166014	-0.540741	0.775723	0.624533	0.090627	-0.255839	0.0601281	0.0698102	-0.995747	0.15217	
-0.628239	0.777837	0.0168994	-0.54064	0.775702	0.624543	0.0907293	-0.255342	0.0600182	0.0701086	-0.995732	0.152195	
-0.628281	0.777797	0.0171702	-0.540555	0.775676	0.624564	0.0908057	-0.254837	0.0599045	0.0703701	-0.995721	0.152234	
-0.628379	0.777712	0.0174372	-0.540471	0.775608	0.624642	0.090853	-0.254338	0.0597655	0.0706145	-0.995712	0.152271	
-0.628511	0.777599	0.0176976	-0.540391	0.775513	0.624756	0.0908781	-0.253839	0.0596101	0.0708426	-0.995705	0.152309	
-0.628647	0.777484	0.0179408	-0.540322	0.775416	0.624877	0.0908806	-0.253342	0.0594474	0.0710434	-0.9957	0.152351	
-0.62879	0.777362	0.0181899	-0.540249	0.775312	0.625005	0.0908809	-0.252852	0.0592786	0.0712479	-0.995696	0.152394	
-0.628934	0.77724	0.0184697	-0.540174	0.77521	0.625131	0.09089	-0.25235	0.0590973	0.0714817	-0.99569	0.15243	
-0.629098	0.7771	0.0187719	-0.540094	0.77509	0.625275	0.0909185	-0.25184	0.0589152	0.0717465	-0.995681	0.152458	
-0.629224	0.77699	0.0190829	-0.540015	0.775003	0.625381	0.0909338	-0.251325	0.0587205	0.072007	-0.995674	0.15249	
-0.629313	0.776912	0.019316	-0.539962	0.774944	0.625458	0.0909074	-0.250823	0.0585457	0.072178	-0.995672	0.152553	
-0.629402	0.776833	0.0195773	-0.539895	0.774888	0.625536	0.0908515	-0.250344	0.0583302	0.0723523	-0.995672	0.152602	
-0.629496	0.776748	0.0199064	-0.53981	0.774829	0.625614	0.0908111	-0.249862	0.0580836	0.0725894	-0.995669	0.15263	
-0.629572	0.77668	0.0201892	-0.539739	0.774784	0.625677	0.0907616	-0.249381	0.0578608	0.0727833	-0.995668	0.152653	
-0.62959	0.776659	0.0204309	-0.53968	0.774786	0.625687	0.0906773	-0.248911	0.057642	0.0729192	-0.995671	0.152692	
-0.629556	0.776681	0.0206405	-0.539632	0.77483	0.625648	0.0905738	-0.248445	0.0574333	0.0730142	-0.995676	0.152727	
-0.62951	0.776711	0.0209101	-0.539555	0.774883	0.625593	0.0904949	-0.247978	0.0572071	0.0731704	-0.995677	0.152741	
-0.62945	0.776753	0.0211373	-0.539489	0.774949	0.625528	0.0903797	-0.247524	0.0569808	0.0732698	-0.995683	0.152766	
-0.629371	0.776814	0.0212857	-0.539444	0.775027	0.625449	0.0902617	-0.24707	0.0568034	0.0733051	-0.995691	0.152806	
-0.629264	0.776895	0.0214516	-0.539387	0.775126	0.625341	0.0901587	-0.246621	0.0566293	0.0733613	-0.995696	0.152834	
-0.629113	0.777013	0.0216043	-0.539338	0.77526	0.625189	0.0900626	-0.246172	0.0564731	0.0734085	-0.995702	0.152853	
-0.628948	0.777143	0.0217621	-0.539284	0.775405	0.625022	0.0899726	-0.245729	0.0563197	0.0734626	-0.995706	0.152858	
-0.628789	0.777269	0.0218604	-0.53924	0.775545	0.624867	0.0898468	-0.245308	0.0561753	0.0734484	-0.995716	0.152874	
-0.628629	0.777395	0.0219574	-0.539194	0.775683	0.624711	0.0897361	-0.244877	0.0560434	0.0734427	-0.995723	0.152884	
-0.628474	0.777518	0.0220471	-0.539154	0.775818	0.624559	0.08963	-0.244443	0.0559192	0.0734347	-0.995731	0.152903	
-0.628323	0.777637	0.0221315	-0.539119	0.775949	0.624411	0.0895206	-0.244012	0.0557953	0.0734208	-0.995739	0.152921	
-0.62817	0.777758	0.0222593	-0.53907	0.776083	0.624257	0.0894364	-0.243567	0.0556643	0.0734562	-0.995744	0.15293	
-0.628015	0.77788	0.022361	-0.53903	0.776218	0.624105	0.0893252	-0.243129	0.0555287	0.0734545	-0.995752	0.152937	
-0.627861	0.778003	0.0223978	-0.539006	0.776351	0.623961	0.0891762	-0.242707	0.055404	0.0733788	-0.995764	0.152956	
-0.627707	0.778125	0.0224662	-0.538979	0.776486	0.623814	0.0890234	-0.242279	0.0552566	0.0733253	-0.995776	0.152957	
-0.627569	0.778234	0.0225609	-0.538943	0.776609	0.623681	0.0888834	-0.241841	0.0551013	0.0733014	-0.995786	0.152949	
-0.627465	0.778316	0.0226171	-0.538923	0.776703	0.623586	0.0887302	-0.241395	0.0549564	0.0732419	-0.995799	0.152957	
-0.627379	0.778385	0.0226287	-0.538917	0.776782	0.623512	0.0885576	-0.240943	0.0548227	0.0731368	-0.995814	0.152978	
-0.62732	0.778433	0.0226334	-0.538914	0.776839	0.623466	0.0883788	-0.2405	0.0546858	0.0730243	-0.99583	0.153002	
-0.627257	0.778482	0.0226881	-0.538902	0.7769	0.62341	0.0882366	-0.240039	0.0545466	0.0729734	-0.995841	0.153018	
-0.627187	0.778537	0.0227505	-0.538894	0.776965	0.623345	0.088127	-0.239559	0.0544287	0.0729485	-0.995849	0.153033	
-0.627146	0.778567	0.022834	-0.538881	0.777005	0.623305	0.0880534	-0.239063	0.0543229	0.0729644	-0.995854	0.153036	
-0.627168	0.778548	0.0228795	-0.538876	0.776994	0.62333	0.0879801	-0.238575	0.0542352	0.0729555	-0.995859	0.153042	
-0.627224	0.778503	0.0228809	-0.538881	0.776954	0.623393	0.0878862	-0.238103	0.0541558	0.0729017	-0.995868	0.153053	
-0.627278	0.778458	0.0229335	-0.538863	0.776915	0.623447	0.0878477	-0.237615	0.0540879	0.0729223	-0.99587	0.153051	
-0.62733	0.778415	0.0229647	-0.538847	0.776877	0.623499	0.0878193	-0.237124	0.0540415	0.0729324	-0.995872	0.153057	
-0.627411	0.77835	0.0229367	-0.538841	0.776813	0.623586	0.0877666	-0.236648	0.0540102	0.0728833	-0.995877	0.153082	
-0.627522	0.778263	0.0228841	-0.538843	0.776725	0.623702	0.0877143	-0.236169	0.0539919	0.0728172	-0.995883	0.153111	
-0.627647	0.778162	0.0228611	-0.538837	0.776625	0.623832	0.0876733	-0.235692	0.0539626	0.0727824	-0.995887	0.153133	
-0.627756	0.778073	0.0229103	-0.538805	0.77654	0.623938	0.087673	-0.235215	0.0539213	0.0728281	-0.995886	0.153137	
-0.627828	0.778015	0.0229199	-0.538789	0.776484	0.624011	0.0876473	-0.234739	0.0538886	0.0728244	-0.995888	0.15315	
-0.627903	0.777954	0.0229048	-0.538777	0.776424	0.624089	0.087625	-0.234267	0.0538736	0.0728038	-0.99589	0.153165	
-0.628003	0.777875	0.022851	-0.538772	0.776346	0.624196	0.0875596	-0.233813	0.0538469	0.072728	-0.995897	0.153179	
-0.628104	0.777795	0.0227991	-0.538764	0.776266	0.624304	0.0874906	-0.233359	0.0538162	0.0726514	-0.995904	0.153189	
