-0.690361	0.722698	-0.0333073	-0.534686	0.721812	0.691164	0.0357817	-0.37031	0.0488802	0.000660705	-0.998804	0.147471	
-0.690329	0.722729	-0.0332953	-0.534697	0.721842	0.691131	0.0358005	-0.37028	0.0488855	0.000680131	-0.998804	0.147464	
-0.690272	0.722785	-0.0332823	-0.534717	0.721895	0.691073	0.0358507	-0.370226	0.0489128	0.000720399	-0.998803	0.147452	
-0.690142	0.722908	-0.0332868	-0.534777	0.722014	0.690943	0.0359583	-0.370104	0.0489939	0.000782838	-0.998799	0.147432	
-0.690057	0.72299	-0.0332758	-0.53481	0.722091	0.690858	0.0360408	-0.37002	0.049046	0.00084202	-0.998796	0.147414	
-0.689966	0.723077	-0.0332553	-0.534842	0.722174	0.690767	0.0361384	-0.369924	0.0491026	0.000918147	-0.998793	0.14739	
-0.689866	0.723174	-0.0332386	-0.534879	0.722265	0.690665	0.0362535	-0.369819	0.0491743	0.00100292	-0.99879	0.147363	
-0.689768	0.723269	-0.0332113	-0.534909	0.722354	0.690566	0.0363846	-0.369708	0.0492505	0.00110657	-0.998786	0.14733	
-0.689677	0.723357	-0.0331757	-0.534933	0.722435	0.690474	0.036516	-0.369602	0.0493211	0.00121694	-0.998782	0.147295	
-0.689582	0.723449	-0.0331376	-0.534957	0.722521	0.690376	0.0366532	-0.369487	0.0493941	0.00133272	-0.998778	0.147259	
-0.689469	0.723558	-0.0331055	-0.534991	0.722624	0.690262	0.036788	-0.369362	0.0494697	0.00144134	-0.998775	0.147228	
-0.689336	0.723686	-0.0330818	-0.535036	0.722745	0.690128	0.0369244	-0.369223	0.0495523	0.0015436	-0.99877	0.147202	
-0.689191	0.723825	-0.0330477	-0.535082	0.722877	0.689981	0.037075	-0.369069	0.0496381	0.00166238	-0.998766	0.147171	
-0.68904	0.723971	-0.0330163	-0.535133	0.723015	0.689828	0.0372258	-0.36891	0.049726	0.00177871	-0.998761	0.147141	
-0.688882	0.724122	-0.0329853	-0.535187	0.723159	0.689669	0.0373761	-0.368749	0.0498138	0.00189408	-0.998757	0.14711	
-0.688726	0.724273	-0.0329453	-0.53524	0.723303	0.68951	0.0375331	-0.368585	0.0499004	0.00202056	-0.998752	0.147073	
-0.688574	0.724419	-0.0328903	-0.535286	0.723441	0.689356	0.037692	-0.368424	0.049978	0.00215955	-0.998748	0.147028	
-0.688417	0.724572	-0.0328312	-0.535334	0.723586	0.689196	0.0378504	-0.368258	0.0500525	0.00230068	-0.998744	0.146982	
-0.688251	0.724732	-0.0327721	-0.535387	0.723739	0.689026	0.0380078	-0.368087	0.0501263	0.0024404	-0.99874	0.146938	
-0.688076	0.7249	-0.0327158	-0.535444	0.723899	0.688849	0.0381703	-0.367907	0.0502059	0.00258111	-0.998736	0.146894	
-0.687894	0.725076	-0.0326607	-0.535504	0.724067	0.688664	0.0383314	-0.367722	0.0502854	0.0027194	-0.998731	0.146853	
-0.687702	0.72526	-0.0326128	-0.53557	0.724243	0.688469	0.0384955	-0.36753	0.0503721	0.00285388	-0.998726	0.146813	
-0.687501	0.725453	-0.0325693	-0.535643	0.724428	0.688266	0.038661	-0.367332	0.0504631	0.00298541	-0.998721	0.146775	
-0.687294	0.725651	-0.0325296	-0.535722	0.724618	0.688056	0.0388233	-0.367132	0.0505544	0.00311153	-0.998716	0.146737	
-0.687088	0.725848	-0.0324804	-0.535798	0.724808	0.687847	0.038986	-0.366933	0.0506394	0.00324473	-0.998712	0.146695	
-0.686873	0.726054	-0.0324324	-0.535879	0.725005	0.68763	0.0391508	-0.366727	0.0507271	0.00337799	-0.998707	0.146652	
-0.686642	0.726274	-0.0323833	-0.535969	0.725217	0.687396	0.0393188	-0.366509	0.0508164	0.00351298	-0.998702	0.146608	
-0.686403	0.726502	-0.0323358	-0.536062	0.725437	0.687155	0.0394878	-0.366286	0.0509076	0.00364699	-0.998697	0.146564	
-0.686161	0.726733	-0.0322911	-0.536158	0.72566	0.68691	0.0396563	-0.36606	0.0510006	0.00377823	-0.998691	0.146522	
-0.68592	0.726962	-0.0322544	-0.536256	0.725881	0.686667	0.0398138	-0.365839	0.0510911	0.00389617	-0.998686	0.146485	
-0.685684	0.727186	-0.0322143	-0.536352	0.726098	0.686429	0.0399645	-0.365624	0.0511745	0.00401232	-0.998682	0.146448	
-0.685441	0.727417	-0.032184	-0.536455	0.726322	0.686183	0.040109	-0.365406	0.0512601	0.00411639	-0.998677	0.146415	
-0.685183	0.72766	-0.0321565	-0.536566	0.726559	0.685925	0.0402493	-0.365181	0.0513448	0.00421455	-0.998672	0.146385	
-0.684928	0.727902	-0.0321345	-0.536678	0.726793	0.685668	0.0403786	-0.364961	0.0514252	0.00430135	-0.998668	0.146359	
-0.684676	0.728139	-0.0321164	-0.536791	0.727025	0.685415	0.0404993	-0.364746	0.0515022	0.00437942	-0.998663	0.146336	
-0.684426	0.728375	-0.0321021	-0.536903	0.727256	0.685164	0.0406139	-0.364533	0.0515773	0.00445077	-0.998659	0.146317	
-0.68418	0.728607	-0.0320895	-0.537013	0.727482	0.684918	0.0407196	-0.364327	0.0516472	0.004515	-0.998655	0.146301	
-0.683939	0.728833	-0.0320858	-0.537123	0.727704	0.684676	0.0408158	-0.364128	0.0517163	0.00456654	-0.998651	0.146292	
-0.683701	0.729056	-0.0320822	-0.53723	0.727923	0.684438	0.0409039	-0.363934	0.0517795	0.00461271	-0.998648	0.146285	
-0.683463	0.729281	-0.0320753	-0.537336	0.728143	0.684199	0.0409843	-0.363743	0.0518349	0.00465578	-0.998645	0.146278	
-0.683214	0.729513	-0.0320712	-0.537447	0.728372	0.68395	0.041055	-0.363551	0.0518853	0.00468962	-0.998642	0.146276	
-0.682966	0.729747	-0.0320525	-0.537551	0.728603	0.683701	0.0411133	-0.363364	0.0519166	0.00472547	-0.99864	0.146271	
-0.682719	0.729978	-0.0320345	-0.537654	0.728832	0.683454	0.0411643	-0.363184	0.0519431	0.00475592	-0.998639	0.146268	
-0.68248	0.730203	-0.0320223	-0.537756	0.729055	0.683214	0.0412109	-0.36301	0.0519704	0.00477956	-0.998637	0.146268	
-0.682245	0.730423	-0.0320153	-0.537857	0.729273	0.682979	0.0412471	-0.362844	0.0519936	0.00479274	-0.998636	0.146271	
-0.682018	0.730634	-0.0320139	-0.537955	0.729482	0.682752	0.0412839	-0.362682	0.052021	0.00480286	-0.998634	0.146278	
-0.681793	0.730844	-0.0320181	-0.538055	0.729692	0.682527	0.0413114	-0.362523	0.0520454	0.00480244	-0.998633	0.146289	
-0.681566	0.731056	-0.0320243	-0.538155	0.729902	0.682301	0.0413287	-0.362367	0.0520638	0.00479366	-0.998632	0.146304	
-0.68133	0.731275	-0.0320232	-0.538255	0.730121	0.682066	0.0413402	-0.362209	0.052073	0.00478552	-0.998632	0.14632	
-0.681093	0.731497	-0.0320116	-0.538352	0.730344	0.681828	0.0413339	-0.362056	0.052062	0.00477276	-0.998632	0.146335	
-0.680861	0.731714	-0.0319776	-0.538437	0.730563	0.681595	0.0413106	-0.361915	0.0520233	0.00476516	-0.998635	0.146347	
-0.680633	0.731928	-0.0319292	-0.538514	0.730779	0.681365	0.0412713	-0.361783	0.051963	0.00475742	-0.998638	0.146358	
-0.68041	0.732138	-0.0318707	-0.538583	0.730992	0.68114	0.0412156	-0.361662	0.0518839	0.00474628	-0.998642	0.146371	
-0.680185	0.73235	-0.0318065	-0.538649	0.731209	0.680912	0.0411419	-0.361547	0.0517876	0.00472692	-0.998647	0.146387	
-0.67996	0.732562	-0.0317349	-0.53871	0.731426	0.680684	0.0410468	-0.361439	0.0516707	0.00469841	-0.998653	0.146408	
-0.679731	0.732778	-0.0316625	-0.538771	0.731649	0.680452	0.0409328	-0.361335	0.0515395	0.00465754	-0.99866	0.146437	
-0.679505	0.732991	-0.0315771	-0.538823	0.731869	0.680223	0.0407987	-0.361241	0.0513846	0.00461262	-0.998668	0.146467	
-0.679283	0.733201	-0.0314884	-0.538873	0.732087	0.679997	0.040659	-0.36115	0.0512232	0.0045667	-0.998677	0.146498	
-0.679057	0.733414	-0.031395	-0.538922	0.732308	0.679767	0.0405148	-0.361058	0.0510554	0.00452105	-0.998686	0.146529	
-0.678841	0.733619	-0.0312904	-0.538961	0.732521	0.679547	0.0403719	-0.360973	0.0508809	0.00448517	-0.998695	0.146555	
-0.678633	0.733815	-0.0311905	-0.538995	0.732726	0.679335	0.0402151	-0.3609	0.0506992	0.00443722	-0.998704	0.146589	
-0.678429	0.734008	-0.0310868	-0.539025	0.732927	0.679127	0.0400611	-0.360828	0.0505171	0.00439425	-0.998714	0.146621	
-0.678231	0.734195	-0.0309872	-0.539053	0.733122	0.678925	0.0399186	-0.360753	0.050346	0.00435662	-0.998722	0.146655	
-0.67804	0.734376	-0.0308976	-0.539082	0.73331	0.67873	0.0397872	-0.360676	0.0501898	0.00431982	-0.99873	0.146689	
-0.677853	0.734551	-0.0308184	-0.539113	0.733491	0.67854	0.0396724	-0.360592	0.0500529	0.00428703	-0.998737	0.146725	
-0.677672	0.734721	-0.0307453	-0.539144	0.733667	0.678356	0.0395771	-0.360501	0.0499344	0.00426347	-0.998743	0.146759	
-0.677501	0.734882	-0.0306728	-0.539173	0.733832	0.678182	0.0395039	-0.360406	0.0498324	0.00425523	-0.998749	0.146788	
-0.677344	0.735029	-0.0306125	-0.5392	0.733982	0.678022	0.039447	-0.36031	0.0497506	0.00425014	-0.998753	0.146817	
-0.677197	0.735167	-0.0305507	-0.539223	0.734122	0.677873	0.0394179	-0.360207	0.0496882	0.00426575	-0.998756	0.14684	
-0.677059	0.735297	-0.0304866	-0.539244	0.734253	0.677731	0.0394077	-0.360101	0.0496381	0.00429641	-0.998758	0.146855	
-0.676926	0.735422	-0.0304235	-0.539263	0.734378	0.677596	0.0394104	-0.359992	0.0495982	0.0043356	-0.99876	0.146869	
-0.676804	0.735537	-0.0303592	-0.539276	0.734493	0.677471	0.0394164	-0.359889	0.0495597	0.0043786	-0.998762	0.146881	
-0.676682	0.735652	-0.0302938	-0.539289	0.734608	0.677345	0.0394211	-0.359785	0.0495196	0.0044215	-0.998763	0.146894	
-0.676561	0.735766	-0.0302231	-0.539298	0.734723	0.677221	0.0394328	-0.359679	0.049481	0.00447311	-0.998765	0.146904	
-0.676431	0.735889	-0.0301431	-0.539308	0.734845	0.677087	0.0394488	-0.359566	0.0494394	0.0045339	-0.998767	0.14691	
-0.676291	0.736021	-0.030055	-0.539319	0.734977	0.676943	0.0394618	-0.359447	0.0493903	0.00459796	-0.998769	0.146915	
-0.67614	0.736164	-0.0299561	-0.539331	0.735119	0.676787	0.0394757	-0.359322	0.0493345	0.00466985	-0.998771	0.146916	
-0.675978	0.736317	-0.0298395	-0.539339	0.735274	0.67662	0.0394662	-0.359203	0.0492496	0.0047381	-0.998775	0.146918	
-0.675806	0.736481	-0.0296908	-0.539338	0.73544	0.676441	0.0394443	-0.359084	0.0491341	0.00482091	-0.998781	0.146912	
-0.67562	0.736659	-0.0295242	-0.539336	0.73562	0.676247	0.0394046	-0.358967	0.0489934	0.00490395	-0.998787	0.146903	
-0.675429	0.736841	-0.0293516	-0.539329	0.735806	0.676048	0.0393486	-0.358856	0.0488368	0.00498007	-0.998794	0.146899	
-0.675236	0.737025	-0.0291684	-0.539321	0.735994	0.675847	0.0393009	-0.358739	0.0486791	0.00506961	-0.998802	0.146889	
-0.675053	0.737199	-0.0289875	-0.539309	0.736171	0.675656	0.0392622	-0.358623	0.0485296	0.00516437	-0.998808	0.146877	
-0.674889	0.737357	-0.0288144	-0.539296	0.73633	0.675483	0.0392453	-0.358507	0.0484014	0.0052693	-0.998814	0.146861	
-0.674729	0.737509	-0.028654	-0.539289	0.736483	0.675316	0.0392582	-0.358378	0.0483038	0.00538547	-0.998818	0.14684	
-0.674575	0.737656	-0.0285021	-0.539285	0.736629	0.675154	0.0392986	-0.358239	0.0482322	0.00551435	-0.998821	0.146816	
-0.674412	0.737811	-0.028359	-0.539289	0.736782	0.674984	0.0393566	-0.358086	0.0481796	0.00564813	-0.998823	0.146791	
-0.674248	0.737966	-0.0282038	-0.539289	0.736935	0.674813	0.0394241	-0.357929	0.0481259	0.00579725	-0.998824	0.146759	
-0.674077	0.738128	-0.0280563	-0.539296	0.737095	0.674634	0.0394975	-0.357766	0.048082	0.00594425	-0.998826	0.146729	
-0.6739	0.738296	-0.0279001	-0.539301	0.73726	0.67445	0.0395688	-0.357601	0.0480307	0.00609583	-0.998827	0.146696	
-0.673731	0.738456	-0.0277431	-0.539303	0.737417	0.674273	0.0396561	-0.357435	0.0479907	0.00625932	-0.998828	0.146657	
-0.673557	0.738621	-0.0275788	-0.539305	0.737579	0.67409	0.0397504	-0.357266	0.0479511	0.0064326	-0.998829	0.146613	
-0.673387	0.738782	-0.0274137	-0.539306	0.737735	0.673912	0.0398551	-0.357094	0.0479186	0.00661383	-0.998829	0.146567	
-0.673221	0.738939	-0.0272557	-0.539307	0.737889	0.673738	0.0399606	-0.356924	0.0478916	0.00679063	-0.998829	0.146523	
-0.673056	0.739095	-0.0270945	-0.539307	0.738041	0.673565	0.0400702	-0.356753	0.0478656	0.0069726	-0.998829	0.146476	
-0.672877	0.739263	-0.0269391	-0.539316	0.738205	0.673378	0.0401947	-0.356568	0.0478547	0.00715954	-0.998829	0.146427	
-0.672693	0.739436	-0.02679	-0.539328	0.738373	0.673186	0.040321	-0.35638	0.0478495	0.00734269	-0.998828	0.146382	
-0.672506	0.739612	-0.026641	-0.539342	0.738544	0.672991	0.0404458	-0.356191	0.0478434	0.00752448	-0.998827	0.146336	
-0.672313	0.739793	-0.0264955	-0.53936	0.73872	0.672791	0.0405541	-0.356006	0.0478275	0.00769232	-0.998826	0.146293	
-0.672125	0.73997	-0.0263278	-0.539369	0.738894	0.672594	0.0406556	-0.355829	0.0477918	0.00787221	-0.998826	0.146243	
-0.671939	0.740144	-0.0261624	-0.539378	0.739065	0.6724	0.0407605	-0.355655	0.0477602	0.00805285	-0.998826	0.14619	
-0.671745	0.740326	-0.0260042	-0.539394	0.739243	0.672198	0.0408623	-0.35548	0.0477313	0.00822568	-0.998826	0.146139	
-0.671555	0.740504	-0.0258513	-0.539411	0.739417	0.672	0.0409771	-0.3553	0.0477158	0.00840347	-0.998826	0.146086	
-0.671362	0.740683	-0.0257089	-0.539432	0.739592	0.6718	0.0410916	-0.355118	0.0477071	0.00857328	-0.998825	0.146039	
-0.671173	0.74086	-0.0255751	-0.539455	0.739764	0.671603	0.0412059	-0.354937	0.0477041	0.00873673	-0.998823	0.145995	
-0.670979	0.741039	-0.0254486	-0.539483	0.739939	0.671402	0.041333	-0.354748	0.0477156	0.00890313	-0.998821	0.14595	
-0.67078	0.741224	-0.0253193	-0.539514	0.740118	0.671197	0.041477	-0.354549	0.0477379	0.00908267	-0.998819	0.145899	
-0.670586	0.741404	-0.0251989	-0.539547	0.740292	0.670995	0.0416236	-0.354351	0.0477682	0.00925769	-0.998816	0.14585	
-0.670398	0.741578	-0.025081	-0.539581	0.74046	0.670801	0.0417741	-0.354156	0.0478031	0.00943381	-0.998812	0.145798	
-0.670211	0.741751	-0.0249661	-0.539617	0.740627	0.670607	0.0419266	-0.35396	0.0478415	0.009609	-0.998809	0.145745	
-0.670026	0.741922	-0.0248506	-0.539651	0.740792	0.670415	0.0420804	-0.353767	0.0478805	0.00978583	-0.998805	0.145691	
-0.669837	0.742096	-0.0247375	-0.539688	0.74096	0.670219	0.042237	-0.353572	0.0479235	0.00996232	-0.998801	0.145638	
-0.669639	0.742278	-0.0246287	-0.539729	0.741135	0.670015	0.0424032	-0.353367	0.0479765	0.0101416	-0.998797	0.145584	
-0.669441	0.742461	-0.0245135	-0.539768	0.741311	0.66981	0.0425724	-0.353161	0.0480278	0.0103276	-0.998793	0.145528	
-0.669244	0.742642	-0.0243963	-0.539806	0.741485	0.669606	0.0427404	-0.352956	0.0480768	0.0105143	-0.998788	0.14547	
-0.669043	0.742827	-0.0242781	-0.539847	0.741663	0.669398	0.0429142	-0.352747	0.0481296	0.0107053	-0.998784	0.14541	
-0.668838	0.743015	-0.0241576	-0.53989	0.741845	0.669185	0.0430948	-0.352533	0.048186	0.0109023	-0.998779	0.145346	
-0.66863	0.743207	-0.0240364	-0.539934	0.742029	0.66897	0.0432731	-0.35232	0.0482405	0.011098	-0.998774	0.145281	
-0.668424	0.743396	-0.0239129	-0.539976	0.742211	0.668757	0.0434481	-0.352111	0.048291	0.0112933	-0.998769	0.145216	
-0.668221	0.743583	-0.0237888	-0.540017	0.742391	0.668546	0.0436156	-0.351906	0.0483358	0.0114843	-0.998765	0.145152	
-0.668014	0.743772	-0.0236658	-0.540059	0.742575	0.668331	0.043779	-0.351703	0.0483782	0.0116714	-0.998761	0.145088	
-0.667803	0.743966	-0.0235495	-0.540105	0.742761	0.668113	0.0439487	-0.351496	0.04843	0.0118575	-0.998756	0.145025	
-0.667588	0.744162	-0.0234366	-0.540155	0.74295	0.667891	0.0441281	-0.351283	0.0484915	0.0120472	-0.998751	0.144961	
-0.667372	0.744359	-0.0233269	-0.540208	0.74314	0.667668	0.0443095	-0.351067	0.0485568	0.0122358	-0.998746	0.144897	
-0.667163	0.74455	-0.0232208	-0.540258	0.743323	0.667452	0.0444861	-0.350856	0.0486209	0.0124189	-0.99874	0.144836	
-0.666952	0.744742	-0.0231182	-0.54031	0.743508	0.667234	0.0446662	-0.350643	0.04869	0.0126016	-0.998734	0.144775	
-0.66674	0.744935	-0.0230192	-0.540364	0.743693	0.667015	0.0448471	-0.35043	0.0487623	0.0127821	-0.998729	0.144716	
-0.666531	0.745125	-0.022922	-0.540417	0.743876	0.666799	0.0450277	-0.350218	0.0488356	0.0129612	-0.998723	0.144657	
-0.666325	0.745312	-0.022827	-0.54047	0.744056	0.666586	0.045202	-0.35001	0.0489058	0.0131347	-0.998717	0.144601	
-0.666112	0.745505	-0.0227383	-0.540528	0.744242	0.666367	0.0453707	-0.3498	0.0489762	0.0132992	-0.998711	0.144547	
-0.665896	0.7457	-0.0226557	-0.54059	0.74443	0.666145	0.0455375	-0.349589	0.0490493	0.0134577	-0.998706	0.144496	
-0.665676	0.745899	-0.0225784	-0.540655	0.744622	0.66592	0.0457018	-0.349378	0.0491244	0.0136102	-0.9987	0.144448	
-0.665447	0.746106	-0.0225048	-0.540725	0.744822	0.665685	0.0458659	-0.34916	0.0492019	0.0137593	-0.998694	0.144402	
-0.665216	0.746314	-0.0224352	-0.540797	0.745023	0.665449	0.0460207	-0.348945	0.0492754	0.0138989	-0.998689	0.14436	
-0.664984	0.746522	-0.0223676	-0.540869	0.745226	0.665212	0.0461672	-0.348733	0.0493441	0.0140316	-0.998683	0.14432	
-0.664754	0.746729	-0.0222983	-0.54094	0.745426	0.664977	0.0463136	-0.348523	0.0494116	0.0141654	-0.998678	0.14428	
-0.664524	0.746937	-0.022225	-0.54101	0.745627	0.664742	0.0464639	-0.348312	0.0494795	0.0143049	-0.998673	0.144237	
-0.664294	0.747143	-0.022152	-0.541079	0.745828	0.664506	0.0466127	-0.348102	0.0495465	0.014443	-0.998667	0.144195	
-0.664066	0.747348	-0.0220819	-0.541148	0.746026	0.664273	0.0467608	-0.347894	0.0496149	0.0145786	-0.998662	0.144154	
-0.663836	0.747555	-0.0220097	-0.541217	0.746227	0.664037	0.0468988	-0.347687	0.0496747	0.0147088	-0.998657	0.144114	
-0.663596	0.74777	-0.0219333	-0.541288	0.746437	0.663792	0.0470309	-0.347477	0.0497275	0.0148377	-0.998653	0.144076	
-0.663344	0.747996	-0.0218554	-0.541363	0.746658	0.663535	0.0471607	-0.347261	0.0497778	0.0149653	-0.998648	0.144038	
-0.663083	0.748229	-0.0217713	-0.541438	0.746887	0.663269	0.0472724	-0.347048	0.0498108	0.0150849	-0.998645	0.144003	
-0.662826	0.748459	-0.0216817	-0.541508	0.747114	0.663007	0.0473556	-0.34685	0.0498188	0.0151898	-0.998643	0.143972	
-0.662573	0.748686	-0.0215775	-0.541571	0.747339	0.662748	0.0474239	-0.346661	0.0498061	0.0152961	-0.998642	0.143939	
-0.662316	0.748917	-0.0214731	-0.541635	0.747569	0.662485	0.0474813	-0.346473	0.0497851	0.015395	-0.998641	0.14391	
-0.662057	0.749148	-0.021376	-0.541702	0.747799	0.662221	0.0475293	-0.346289	0.0497621	0.0154822	-0.998641	0.143885	
-0.661794	0.749384	-0.0212791	-0.54177	0.748034	0.661953	0.0475664	-0.346105	0.0497313	0.0155616	-0.998641	0.143865	
-0.661522	0.749627	-0.0211797	-0.54184	0.748278	0.661676	0.0475873	-0.345921	0.0496868	0.0156318	-0.998643	0.143847	
-0.661243	0.749876	-0.0210784	-0.541911	0.748529	0.661392	0.0475875	-0.345744	0.0496258	0.015689	-0.998645	0.143835	
-0.660948	0.750138	-0.0209723	-0.541986	0.748793	0.661094	0.0475806	-0.34556	0.0495567	0.0157444	-0.998647	0.143822	
-0.660658	0.750397	-0.0208658	-0.54206	0.749054	0.660798	0.0475703	-0.345381	0.0494847	0.0157981	-0.99865	0.143809	
-0.660377	0.750647	-0.0207538	-0.542127	0.749307	0.660513	0.0475549	-0.345211	0.0494051	0.0158532	-0.998653	0.143795	
-0.660096	0.750897	-0.0206537	-0.542199	0.74956	0.660228	0.0475383	-0.345039	0.0493325	0.0158987	-0.998656	0.143786	
-0.659816	0.751146	-0.0205588	-0.542271	0.74981	0.659944	0.0475218	-0.344867	0.0492634	0.0159405	-0.998659	0.14378	
-0.659529	0.751401	-0.0204663	-0.542347	0.750068	0.659653	0.0475094	-0.344687	0.0491992	0.0159828	-0.998661	0.143775	
-0.659239	0.751657	-0.0203837	-0.542428	0.750326	0.65936	0.0474951	-0.344504	0.0491402	0.0160162	-0.998663	0.143775	
-0.658944	0.751918	-0.020303	-0.542511	0.750589	0.659061	0.0474774	-0.344319	0.0490801	0.0160457	-0.998666	0.143779	
-0.658634	0.752192	-0.0202237	-0.542599	0.750865	0.658748	0.0474556	-0.344127	0.0490181	0.0160706	-0.998669	0.143783	
-0.658328	0.752462	-0.020133	-0.542682	0.751139	0.658439	0.0474302	-0.34394	0.0489458	0.0161019	-0.998672	0.143785	
-0.658024	0.75273	-0.02003	-0.54276	0.75141	0.658131	0.0473981	-0.343758	0.0488604	0.0161384	-0.998675	0.143782	
-0.65772	0.752999	-0.0199363	-0.54284	0.751681	0.657823	0.0473724	-0.343572	0.048786	0.016172	-0.998678	0.143783	
-0.657412	0.75327	-0.0198334	-0.542919	0.751955	0.657511	0.0473514	-0.343381	0.048709	0.0162156	-0.998681	0.143779	
-0.657104	0.753542	-0.0197328	-0.542998	0.75223	0.657199	0.0473305	-0.343186	0.0486339	0.0162575	-0.998684	0.143779	
-0.656791	0.753817	-0.019625	-0.543074	0.752507	0.656882	0.0473138	-0.342988	0.0485572	0.0163073	-0.998687	0.143777	
-0.656471	0.754099	-0.0195196	-0.543154	0.752792	0.656557	0.0473025	-0.342782	0.0484865	0.0163585	-0.99869	0.143776	
-0.656153	0.754379	-0.0193963	-0.543224	0.753074	0.656234	0.0472986	-0.342575	0.0484096	0.0164282	-0.998692	0.143768	
-0.655833	0.75466	-0.0192668	-0.543292	0.753358	0.655908	0.0472959	-0.342367	0.0483296	0.0165034	-0.998695	0.143758	
-0.655498	0.754955	-0.0191266	-0.543361	0.753654	0.655567	0.0473047	-0.342146	0.0482517	0.0165933	-0.998697	0.143743	
-0.655152	0.755259	-0.0189776	-0.543432	0.75396	0.655214	0.0473182	-0.341914	0.0481718	0.0166922	-0.9987	0.143726	
-0.654791	0.755576	-0.0188103	-0.5435	0.75428	0.654846	0.0473139	-0.341681	0.0480671	0.0167925	-0.998703	0.143707	
-0.654423	0.755899	-0.0186185	-0.54356	0.754607	0.65447	0.0472941	-0.341451	0.0479348	0.0169007	-0.998707	0.143685	
-0.654043	0.756233	-0.0184099	-0.543616	0.754946	0.654081	0.0472744	-0.341215	0.047792	0.017021	-0.998712	0.143659	
-0.653666	0.756564	-0.018194	-0.543668	0.755282	0.653695	0.0472519	-0.34098	0.0476425	0.0171454	-0.998717	0.143632	
-0.653289	0.756895	-0.0179726	-0.543719	0.755617	0.653308	0.0472406	-0.340737	0.0474978	0.0172814	-0.998722	0.143602	
-0.652905	0.757232	-0.0177454	-0.543771	0.755958	0.652913	0.0472317	-0.340485	0.0473516	0.017423	-0.998726	0.14357	
-0.652523	0.757567	-0.0175033	-0.543817	0.756298	0.652521	0.047219	-0.340233	0.0471928	0.0175738	-0.998731	0.143535	
-0.652146	0.757897	-0.0172527	-0.543855	0.756634	0.652134	0.0471869	-0.339994	0.0470139	0.0177187	-0.998737	0.143503	
-0.651759	0.758236	-0.0169914	-0.543894	0.756978	0.651735	0.0471682	-0.339743	0.0468385	0.0178802	-0.998742	0.143464	
-0.651362	0.758583	-0.0167212	-0.543934	0.757331	0.651326	0.0471581	-0.339483	0.0466643	0.0180535	-0.998747	0.14342	
-0.650955	0.758938	-0.0164416	-0.543972	0.757692	0.650907	0.0471511	-0.339213	0.0464867	0.0182356	-0.998752	0.143375	
-0.650543	0.759298	-0.0161454	-0.544004	0.758058	0.650483	0.0471244	-0.338948	0.0462838	0.0184173	-0.998759	0.143331	
-0.650135	0.759654	-0.0158153	-0.54402	0.758423	0.650061	0.047077	-0.338694	0.0460432	0.0186118	-0.998766	0.14328	
-0.649707	0.760027	-0.0154675	-0.544035	0.758805	0.649619	0.0470235	-0.338434	0.0457871	0.0188147	-0.998774	0.143226	
-0.649271	0.760407	-0.0150872	-0.54404	0.759194	0.649168	0.0469687	-0.33817	0.0455094	0.0190413	-0.998782	0.143162	
-0.648834	0.760789	-0.0146938	-0.54404	0.759586	0.648714	0.0469048	-0.337906	0.0452167	0.0192722	-0.998791	0.143097	
-0.648397	0.761168	-0.014276	-0.544027	0.759977	0.648261	0.0468328	-0.337647	0.0449022	0.0195168	-0.998801	0.143028	
-0.647967	0.761543	-0.0138389	-0.544001	0.760364	0.647813	0.0467406	-0.337399	0.04456	0.0197638	-0.998811	0.142958	
-0.647512	0.761938	-0.013394	-0.543976	0.760773	0.647341	0.0466284	-0.33715	0.0441984	0.0200026	-0.998823	0.142892	
-0.647045	0.762342	-0.0129472	-0.543952	0.761192	0.646858	0.0465017	-0.336906	0.0438252	0.0202334	-0.998834	0.14283	
-0.64657	0.762753	-0.0124669	-0.543918	0.761618	0.646365	0.046366	-0.336662	0.0434239	0.0204838	-0.998847	0.142756	
-0.646091	0.763167	-0.0119542	-0.543874	0.762049	0.645868	0.046214	-0.336424	0.0429898	0.0207488	-0.99886	0.142672	
-0.645599	0.763591	-0.0114326	-0.54383	0.762491	0.645358	0.0460367	-0.336193	0.0425313	0.021004	-0.998874	0.142591	
-0.645094	0.764025	-0.0109014	-0.543785	0.762944	0.644836	0.0458672	-0.335956	0.0420734	0.0212715	-0.998888	0.142504	
-0.64459	0.764458	-0.0103973	-0.543747	0.763394	0.644314	0.045712	-0.335713	0.041644	0.0215283	-0.998901	0.142425	
-0.644102	0.764876	-0.00989635	-0.543704	0.763828	0.643809	0.0455743	-0.335473	0.04123	0.0217954	-0.998912	0.142343	
-0.643625	0.765283	-0.00940511	-0.543654	0.764251	0.643315	0.0454649	-0.33523	0.040844	0.0220745	-0.998922	0.14226	
-0.643149	0.765689	-0.00893284	-0.543609	0.76467	0.642822	0.04538	-0.334983	0.0404892	0.0223554	-0.99893	0.142178	
-0.642661	0.766104	-0.00847699	-0.54357	0.765098	0.642318	0.0453154	-0.334722	0.0401613	0.0226367	-0.998937	0.1421	
-0.642182	0.76651	-0.00801848	-0.543525	0.765517	0.641823	0.0452523	-0.334468	0.0398328	0.0229219	-0.998943	0.14202	
-0.641714	0.766906	-0.00757226	-0.543481	0.765925	0.641339	0.0451959	-0.334219	0.0395174	0.0232031	-0.998949	0.14194	
-0.641247	0.767301	-0.00713561	-0.543442	0.766331	0.640857	0.0451565	-0.333964	0.0392215	0.0234882	-0.998954	0.141858	
-0.640788	0.767689	-0.00669561	-0.543399	0.76673	0.640381	0.0451382	-0.333705	0.0389398	0.0237903	-0.998958	0.141769	
-0.64035	0.768057	-0.0062753	-0.543358	0.767108	0.639928	0.0451362	-0.333444	0.0386829	0.0240892	-0.998961	0.141686	
-0.639935	0.768407	-0.00584879	-0.543304	0.767467	0.639497	0.0451412	-0.333191	0.038427	0.0243987	-0.998963	0.141601	
-0.639519	0.768756	-0.0054398	-0.543256	0.767826	0.639065	0.045148	-0.332938	0.0381841	0.0246962	-0.998966	0.141522	
-0.639105	0.769103	-0.00503439	-0.543211	0.768182	0.638635	0.0451751	-0.332671	0.0379595	0.0250043	-0.998966	0.141442	
-0.638686	0.769454	-0.0046097	-0.543162	0.768542	0.6382	0.0452066	-0.332394	0.0377263	0.0253301	-0.998967	0.141356	
-0.638279	0.769794	-0.00418181	-0.543112	0.768892	0.637777	0.0452336	-0.332117	0.0374876	0.0256563	-0.998968	0.141271	
-0.637892	0.770117	-0.00375877	-0.54306	0.769226	0.637374	0.0452276	-0.331855	0.0372263	0.025959	-0.99897	0.141196	
-0.63751	0.770435	-0.00332822	-0.543009	0.769556	0.636977	0.0452093	-0.331596	0.0369508	0.0262601	-0.998972	0.14112	
-0.637134	0.770748	-0.00286223	-0.542946	0.76988	0.636585	0.0452132	-0.331329	0.03667	0.0266033	-0.998973	0.141025	
-0.636746	0.77107	-0.00240086	-0.542888	0.770215	0.636181	0.0452023	-0.331059	0.0363815	0.0269332	-0.998975	0.140938	
-0.636358	0.771391	-0.00194958	-0.542831	0.770549	0.635777	0.0451897	-0.330787	0.0360985	0.0272546	-0.998977	0.140856	
-0.635977	0.771706	-0.00148028	-0.542764	0.770877	0.63538	0.0451773	-0.330519	0.0358041	0.0275906	-0.998978	0.140771	
-0.635596	0.772021	-0.00100641	-0.54269	0.771205	0.634983	0.045169	-0.33025	0.0355105	0.0279331	-0.998979	0.140686	
-0.635211	0.772339	-0.000541958	-0.542623	0.771535	0.634582	0.0451675	-0.329974	0.0352285	0.0282727	-0.998979	0.140603	
-0.634814	0.772665	-8.3645e-05	-0.542561	0.771874	0.634169	0.0451661	-0.329691	0.0349513	0.0286075	-0.99898	0.140524	
-0.634422	0.772987	0.000377226	-0.542496	0.772209	0.633762	0.0451649	-0.329411	0.0346728	0.0289449	-0.998979	0.140443	
-0.634035	0.773304	0.000832797	-0.54243	0.77254	0.633359	0.0451527	-0.329138	0.0343893	0.0292717	-0.99898	0.140366	
-0.63364	0.773627	0.00130894	-0.54236	0.772876	0.632949	0.045158	-0.328855	0.034107	0.0296256	-0.998979	0.140279	
-0.633233	0.773959	0.00178491	-0.542293	0.773221	0.632525	0.0451793	-0.328556	0.033838	0.0299892	-0.998977	0.14019	
-0.632827	0.77429	0.00224772	-0.542228	0.773565	0.632103	0.0451937	-0.32826	0.0335722	0.0303385	-0.998976	0.140108	
-0.632432	0.774611	0.00269751	-0.542162	0.773899	0.631694	0.0452084	-0.32797	0.0333149	0.0306788	-0.998974	0.140034	
-0.632041	0.774928	0.00313396	-0.542097	0.774229	0.631288	0.0452337	-0.327676	0.0330744	0.0310159	-0.998972	0.139965	
-0.631641	0.775253	0.00356404	-0.542036	0.774565	0.630872	0.0452646	-0.327374	0.032843	0.0313515	-0.998969	0.139898	
-0.631235	0.775581	0.00399183	-0.541978	0.774905	0.630452	0.045297	-0.327067	0.0326148	0.0316864	-0.998966	0.139833	
-0.630835	0.775905	0.0044218	-0.541915	0.775241	0.630037	0.0453268	-0.326763	0.0323834	0.0320217	-0.998962	0.13977	
-0.630432	0.776229	0.00484579	-0.541853	0.775578	0.62962	0.04535	-0.326461	0.032151	0.0323484	-0.998959	0.139712	
-0.630025	0.776557	0.00525649	-0.541795	0.775918	0.629199	0.0453824	-0.326151	0.0319346	0.0326707	-0.998956	0.13966	
-0.629625	0.776879	0.00566846	-0.541731	0.776251	0.628785	0.045423	-0.32584	0.031724	0.0329996	-0.998952	0.139609	
-0.629237	0.777189	0.00608652	-0.541658	0.776574	0.628383	0.0454572	-0.325538	0.0315042	0.03333	-0.998948	0.139559	
-0.62886	0.777491	0.00649396	-0.541583	0.776888	0.627993	0.0454916	-0.325242	0.0312912	0.033653	-0.998944	0.139513	
-0.628484	0.777792	0.00690532	-0.541507	0.777201	0.627602	0.0455485	-0.324938	0.0310935	0.0339933	-0.998938	0.139461	
-0.628107	0.778092	0.00732436	-0.541428	0.777513	0.62721	0.0456253	-0.324622	0.0309068	0.0343524	-0.998932	0.139404	
-0.627726	0.778396	0.00771192	-0.541361	0.777827	0.626814	0.0457042	-0.3243	0.030742	0.0346882	-0.998925	0.13936	
-0.627354	0.778692	0.00808059	-0.541296	0.778133	0.626428	0.0457908	-0.323977	0.0305951	0.0350148	-0.998918	0.139325	
-0.626997	0.778976	0.00845729	-0.54122	0.778426	0.626056	0.0459032	-0.323652	0.0304627	0.0353645	-0.99891	0.139282	
-0.626643	0.779257	0.00881605	-0.541148	0.778716	0.625687	0.0460159	-0.323326	0.0303421	0.0357007	-0.998902	0.139248	
-0.626291	0.779536	0.00913587	-0.541088	0.779002	0.625322	0.0461256	-0.323001	0.0302437	0.036005	-0.998894	0.13923	
-0.625946	0.779809	0.00947465	-0.541018	0.779283	0.624963	0.04625	-0.322675	0.0301448	0.0363334	-0.998885	0.139202	
-0.625616	0.780069	0.00981275	-0.540941	0.779552	0.624618	0.0463814	-0.322354	0.0300515	0.0366665	-0.998876	0.139176	
-0.625284	0.780331	0.0101173	-0.540874	0.779821	0.624272	0.0465133	-0.322032	0.0299799	0.0369738	-0.998866	0.139163	
-0.624951	0.780594	0.0104205	-0.540806	0.78009	0.623925	0.0466577	-0.321703	0.0299191	0.0372878	-0.998857	0.139151	
-0.624617	0.780857	0.0107443	-0.54073	0.780359	0.623574	0.0468456	-0.321353	0.0298798	0.037645	-0.998844	0.139124	
-0.624282	0.781122	0.0110194	-0.54067	0.780629	0.623225	0.047012	-0.32101	0.0298545	0.0379508	-0.998834	0.139122	
-0.623963	0.781373	0.0112806	-0.540606	0.780884	0.622891	0.047185	-0.320672	0.0298425	0.0382505	-0.998822	0.139125	
-0.623653	0.781615	0.0115743	-0.540526	0.781132	0.622565	0.0473921	-0.320327	0.0298367	0.0385973	-0.998809	0.139111	
-0.623345	0.781857	0.0118541	-0.540449	0.781376	0.622241	0.047618	-0.319973	0.0298544	0.038945	-0.998795	0.139101	
-0.623046	0.782091	0.0121185	-0.540374	0.781614	0.621924	0.0478625	-0.319614	0.0298961	0.0392926	-0.99878	0.139093	
-0.622739	0.782332	0.0123802	-0.540302	0.781857	0.621599	0.0481126	-0.319248	0.0299445	0.0396412	-0.998765	0.139086	
-0.622445	0.782562	0.0126403	-0.540223	0.782089	0.621287	0.0483712	-0.318886	0.0300002	0.0399943	-0.998749	0.13908	
-0.622153	0.782789	0.0128989	-0.540142	0.782318	0.620978	0.04863	-0.318526	0.0300571	0.0403464	-0.998734	0.139075	
-0.621866	0.783013	0.0131775	-0.540051	0.782544	0.62067	0.0489279	-0.318153	0.0301323	0.0407385	-0.998715	0.139056	
-0.621573	0.783241	0.0134315	-0.539968	0.782773	0.620357	0.0492341	-0.317771	0.0302298	0.0411164	-0.998697	0.139049	
-0.621278	0.783471	0.0136696	-0.53989	0.783003	0.620042	0.0495369	-0.317389	0.030335	0.0414795	-0.998679	0.139049	
-0.620982	0.783701	0.0139122	-0.539809	0.783233	0.619726	0.0498487	-0.317004	0.0304447	0.0418516	-0.99866	0.139046	
-0.620693	0.783926	0.0141611	-0.539723	0.783458	0.619417	0.0501591	-0.316623	0.0305494	0.0422281	-0.998641	0.139043	
-0.620415	0.784141	0.0144205	-0.539628	0.783675	0.619117	0.0504739	-0.316246	0.0306507	0.0426157	-0.998621	0.139036	
-0.620138	0.784355	0.0146856	-0.539528	0.78389	0.618818	0.0507987	-0.315866	0.0307565	0.0430141	-0.998601	0.139025	
-0.619859	0.784571	0.0149546	-0.539427	0.784106	0.618517	0.0511307	-0.315483	0.0308661	0.0434198	-0.99858	0.139013	
-0.619579	0.784787	0.0152032	-0.539333	0.784323	0.618216	0.0514439	-0.315106	0.0309736	0.0437978	-0.99856	0.139012	
-0.619308	0.784996	0.0154818	-0.539224	0.784533	0.617922	0.0517724	-0.314726	0.0310746	0.044209	-0.998539	0.139	
-0.619038	0.785202	0.0157812	-0.539103	0.784742	0.617628	0.0521136	-0.31434	0.0311728	0.0446445	-0.998516	0.138981	
-0.61877	0.785408	0.0160658	-0.538983	0.784949	0.617336	0.0524512	-0.313956	0.0312776	0.0450661	-0.998494	0.138973	
-0.618511	0.785606	0.0163497	-0.538856	0.785149	0.617052	0.0527951	-0.313575	0.0313875	0.0454913	-0.998471	0.138967	
-0.618253	0.785803	0.0166437	-0.538725	0.785347	0.61677	0.0531465	-0.313191	0.0314973	0.0459291	-0.998448	0.138955	
-0.618001	0.785994	0.0169571	-0.538584	0.785542	0.616491	0.0535074	-0.312805	0.0316026	0.0463881	-0.998423	0.138937	
-0.617742	0.78619	0.0172859	-0.538439	0.785741	0.616205	0.0538692	-0.312413	0.0316998	0.0468596	-0.998398	0.138913	
-0.617483	0.786387	0.0176065	-0.538294	0.785941	0.615919	0.0542256	-0.312022	0.0317981	0.0473211	-0.998373	0.138898	
-0.617225	0.786582	0.0179275	-0.538147	0.786139	0.615634	0.0545887	-0.311629	0.0319017	0.0477871	-0.998348	0.138882	
-0.616961	0.786783	0.0182292	-0.538007	0.786343	0.615343	0.0549412	-0.311235	0.0320096	0.048231	-0.998323	0.138877	
-0.616703	0.786977	0.0185493	-0.537856	0.78654	0.615057	0.0553128	-0.310838	0.032121	0.0487014	-0.998297	0.138865	
-0.616436	0.78718	0.0188549	-0.537708	0.786745	0.614761	0.0556846	-0.310433	0.0322425	0.04916	-0.99827	0.138863	
-0.616171	0.787379	0.0191678	-0.537552	0.786947	0.614468	0.0560631	-0.310024	0.032365	0.0496285	-0.998243	0.138863	
-0.615915	0.787572	0.0194786	-0.537393	0.787143	0.614184	0.0564334	-0.309623	0.0324819	0.0500906	-0.998216	0.138867	
-0.615663	0.787761	0.0198	-0.537228	0.787335	0.613903	0.0568052	-0.309223	0.0325936	0.0505621	-0.998189	0.138866	
-0.615417	0.787944	0.0201402	-0.537051	0.787523	0.613626	0.0571928	-0.308821	0.0327062	0.0510583	-0.99816	0.138858	
-0.615177	0.788123	0.0204867	-0.536868	0.787706	0.613355	0.0575799	-0.30842	0.0328144	0.0515593	-0.998131	0.138848	
-0.614933	0.788306	0.0207811	-0.536704	0.787891	0.613083	0.0579381	-0.30803	0.0329324	0.0520013	-0.998104	0.138863	
-0.614686	0.788491	0.0210668	-0.536543	0.788079	0.612808	0.0582893	-0.30764	0.0330507	0.0524319	-0.998077	0.138886	
-0.614436	0.788677	0.021376	-0.53637	0.788269	0.612528	0.058657	-0.307238	0.033168	0.052891	-0.998049	0.138902	
-0.614185	0.788865	0.0216779	-0.536196	0.78846	0.612248	0.0590221	-0.306834	0.0332882	0.0533426	-0.998021	0.138926	
-0.613929	0.789056	0.0219289	-0.53604	0.788653	0.611966	0.0593594	-0.306439	0.0334182	0.0537367	-0.997996	0.138974	
-0.613687	0.789237	0.0222301	-0.53586	0.788837	0.611694	0.0597216	-0.306041	0.0335364	0.0541862	-0.997968	0.139003	
-0.613465	0.7894	0.0225617	-0.53566	0.789005	0.61144	0.0600966	-0.305647	0.0336451	0.0546684	-0.997938	0.13902	
-0.613242	0.789564	0.022865	-0.535468	0.789174	0.611188	0.0604528	-0.305261	0.0337566	0.0551166	-0.997909	0.139052	
-0.613016	0.789732	0.0231494	-0.535283	0.789344	0.610933	0.0607979	-0.304878	0.0338712	0.0555429	-0.997882	0.139094	
-0.612796	0.789893	0.0234682	-0.535079	0.78951	0.610682	0.0611642	-0.304485	0.0339815	0.0560095	-0.997852	0.139125	
-0.612567	0.790061	0.0237601	-0.534885	0.789683	0.610424	0.0615141	-0.304093	0.0340962	0.0564445	-0.997823	0.13917	
-0.612333	0.790234	0.0240611	-0.53469	0.78986	0.610159	0.0618702	-0.303695	0.0342108	0.0568901	-0.997794	0.139213	
-0.612098	0.790406	0.0243687	-0.534496	0.790036	0.609893	0.0622353	-0.303296	0.0343288	0.0573463	-0.997764	0.139246	
-0.611864	0.790578	0.0246811	-0.534297	0.790213	0.609627	0.0626059	-0.302895	0.0344486	0.0578096	-0.997733	0.13928	
-0.611631	0.790747	0.025014	-0.53409	0.790387	0.60936	0.0629892	-0.302489	0.034566	0.058297	-0.997701	0.139305	
-0.611402	0.790915	0.025323	-0.533887	0.790559	0.609099	0.0633652	-0.302088	0.0346923	0.058761	-0.997669	0.139341	
-0.61116	0.791092	0.0256271	-0.533687	0.790741	0.608823	0.0637405	-0.301678	0.0348222	0.05922	-0.997637	0.139384	
-0.610918	0.791268	0.0259681	-0.533473	0.790922	0.608546	0.0641449	-0.301256	0.034953	0.059726	-0.997603	0.139409	
-0.610674	0.791446	0.0263007	-0.533262	0.791105	0.608266	0.0645468	-0.300832	0.0350875	0.0602237	-0.997568	0.139438	
-0.610427	0.791626	0.0265886	-0.533069	0.791289	0.607987	0.0649181	-0.300423	0.0352254	0.0606671	-0.997536	0.139483	
-0.610193	0.791797	0.0268913	-0.532867	0.791464	0.607719	0.0652911	-0.30002	0.0353549	0.0611237	-0.997504	0.139524	
-0.609963	0.791961	0.0272455	-0.532643	0.791635	0.607452	0.0656903	-0.299607	0.0354739	0.0616371	-0.997468	0.139545	
-0.609729	0.792131	0.0275624	-0.532433	0.79181	0.607183	0.0660727	-0.299198	0.0356029	0.0621106	-0.997434	0.13958	
-0.609489	0.792305	0.0278553	-0.532231	0.791989	0.606909	0.0664439	-0.29879	0.0357382	0.0625579	-0.997401	0.139625	
-0.609245	0.79248	0.0282253	-0.532004	0.792171	0.606626	0.0668624	-0.29836	0.0358649	0.0630948	-0.997363	0.139639	
-0.608986	0.792667	0.0285443	-0.531799	0.792363	0.606332	0.0672493	-0.297933	0.035999	0.0635713	-0.997328	0.13967	
-0.608727	0.792857	0.0287746	-0.53162	0.792556	0.606043	0.0675783	-0.297525	0.0361413	0.0639422	-0.997299	0.139731	
-0.60848	0.793037	0.0290658	-0.531415	0.79274	0.605762	0.0679407	-0.297111	0.0362725	0.0643822	-0.997266	0.139774	
-0.608241	0.79321	0.0293419	-0.531205	0.792917	0.605491	0.0682875	-0.296702	0.0364001	0.064801	-0.997234	0.139815	
-0.607999	0.793389	0.0295183	-0.531023	0.793096	0.605223	0.0685812	-0.296309	0.0365465	0.0651082	-0.997209	0.139892	
-0.607757	0.793569	0.0296726	-0.53085	0.793275	0.604957	0.0688583	-0.295922	0.0366931	0.0653876	-0.997185	0.139968	
-0.607525	0.793738	0.0298884	-0.530648	0.793447	0.604698	0.0691609	-0.295527	0.0368222	0.0657318	-0.997158	0.14002	
-0.607286	0.793914	0.030051	-0.530463	0.793623	0.604436	0.0694266	-0.295139	0.0369549	0.066011	-0.997134	0.140089	
-0.60703	0.794108	0.030119	-0.53031	0.793812	0.604163	0.0696356	-0.294756	0.0371014	0.0661797	-0.997118	0.140183	
-0.606775	0.794298	0.0302402	-0.530136	0.794001	0.603888	0.0698733	-0.29436	0.0372385	0.0664081	-0.997097	0.140251	
-0.606535	0.794477	0.0303469	-0.529955	0.794178	0.603629	0.0700936	-0.293974	0.0373694	0.0666151	-0.997079	0.140313	
-0.60629	0.794664	0.0303543	-0.529806	0.794359	0.603373	0.0702556	-0.293605	0.0375147	0.0667074	-0.997067	0.140397	
-0.606052	0.794845	0.0303605	-0.529657	0.794533	0.603125	0.0704145	-0.293244	0.0376575	0.0667973	-0.997056	0.140478	
-0.605816	0.795024	0.0303997	-0.529491	0.794707	0.602874	0.0705932	-0.292872	0.0377961	0.0669253	-0.997042	0.140549	
-0.605584	0.795199	0.0304537	-0.529318	0.794877	0.602628	0.0707743	-0.292502	0.0379274	0.0670667	-0.997027	0.140619	
-0.605352	0.795376	0.0304446	-0.529166	0.795048	0.602388	0.0709104	-0.292147	0.0380609	0.0671306	-0.997018	0.140697	
-0.605117	0.795554	0.0304506	-0.529006	0.79522	0.602143	0.0710584	-0.291783	0.0381951	0.0672136	-0.997007	0.140752	
-0.604891	0.795725	0.0304573	-0.52884	0.795385	0.601907	0.0712008	-0.291422	0.0383238	0.067294	-0.996997	0.140788	
-0.604667	0.795901	0.0303185	-0.528716	0.795549	0.601685	0.0712557	-0.291093	0.0384703	0.0672058	-0.996997	0.140851	
-0.604437	0.796081	0.0301946	-0.528587	0.795717	0.601455	0.0713237	-0.290754	0.0386188	0.067137	-0.996996	0.140904	
-0.604204	0.796262	0.0300713	-0.528455	0.795886	0.601222	0.0713941	-0.290408	0.0387689	0.0670699	-0.996995	0.140933	
-0.603947	0.796463	0.029901	-0.528346	0.796073	0.600968	0.0714474	-0.290055	0.0389357	0.0669538	-0.996996	0.140979	
-0.603684	0.79667	0.0297162	-0.528248	0.796264	0.60071	0.0714873	-0.289705	0.039101	0.0668177	-0.996999	0.141022	
-0.603424	0.796874	0.0295209	-0.528149	0.796453	0.600457	0.071512	-0.289358	0.03926	0.0666641	-0.997003	0.141051	
-0.603164	0.797078	0.0293251	-0.528047	0.796643	0.600203	0.0715332	-0.289008	0.0394166	0.0665079	-0.997007	0.141073	
-0.602909	0.797281	0.0290509	-0.527966	0.796828	0.599961	0.0714989	-0.288678	0.0395753	0.0662559	-0.997018	0.1411	
-0.602666	0.797473	0.0288158	-0.527869	0.797004	0.599729	0.0714796	-0.28835	0.0397214	0.0660446	-0.997026	0.141109	
-0.602417	0.797669	0.0286054	-0.527765	0.797185	0.599488	0.0714767	-0.288012	0.0398662	0.0658626	-0.997032	0.141115	
-0.602153	0.797879	0.0282835	-0.527704	0.797377	0.599243	0.0714069	-0.287691	0.0400254	0.0655505	-0.997046	0.141153	
-0.601888	0.798091	0.0279556	-0.527642	0.797569	0.598996	0.0713264	-0.287368	0.0401797	0.065227	-0.997061	0.141195	
-0.601626	0.798299	0.0276495	-0.527564	0.79776	0.598752	0.071245	-0.287041	0.0403197	0.0649205	-0.997076	0.141218	
-0.601363	0.79851	0.0272852	-0.527505	0.79795	0.598511	0.0711304	-0.286725	0.0404678	0.0645474	-0.997094	0.141255	
-0.601104	0.798715	0.0269871	-0.527425	0.798138	0.598269	0.0710644	-0.286397	0.0406146	0.0642566	-0.997107	0.141284	
-0.600858	0.79891	0.0267085	-0.527334	0.798316	0.598037	0.0710119	-0.286071	0.0407594	0.0639899	-0.997118	0.141287	
-0.600608	0.79911	0.0263354	-0.527271	0.798496	0.597809	0.0709054	-0.285763	0.0409177	0.0636151	-0.997135	0.141324	
-0.600351	0.799316	0.0259388	-0.527214	0.798681	0.597577	0.0707827	-0.285453	0.0410774	0.0632113	-0.997154	0.141354	
-0.600089	0.799522	0.0256315	-0.527126	0.79887	0.597332	0.070714	-0.285116	0.0412269	0.062911	-0.997167	0.141355	
-0.599809	0.799745	0.0252362	-0.527073	0.799072	0.597076	0.0705986	-0.284787	0.0413929	0.0625112	-0.997186	0.14138	
