-0.684725	0.728201	-0.0295838	-0.536057	0.727374	0.685359	0.0347796	-0.367213	0.0456021	0.00229597	-0.998957	0.146472	
-0.684624	0.728299	-0.0295061	-0.536072	0.727474	0.685255	0.0347314	-0.367168	0.045514	0.00231302	-0.998961	0.146463	
-0.68444	0.728475	-0.0294161	-0.536105	0.72765	0.685068	0.0347446	-0.367076	0.0454626	0.00237598	-0.998963	0.146437	
-0.684075	0.72882	-0.0293693	-0.536245	0.727986	0.6847	0.0349658	-0.366781	0.0455929	0.00253879	-0.998957	0.146372	
-0.683801	0.729079	-0.0293179	-0.536347	0.72824	0.684424	0.0350653	-0.366574	0.0456313	0.00262717	-0.998955	0.146343	
-0.68356	0.72931	-0.0292055	-0.536409	0.728469	0.684178	0.0351056	-0.36641	0.0455846	0.00272142	-0.998957	0.146308	
-0.6833	0.729559	-0.0290765	-0.536469	0.728716	0.683912	0.0351685	-0.36623	0.0455433	0.00284214	-0.998958	0.146265	
-0.683029	0.729816	-0.0289749	-0.536542	0.72897	0.683637	0.0352701	-0.366029	0.045549	0.00296869	-0.998958	0.146223	
-0.682761	0.73007	-0.0289017	-0.536625	0.729217	0.683365	0.0354145	-0.365807	0.0456055	0.00310397	-0.998955	0.146184	
-0.68249	0.730326	-0.0288318	-0.536712	0.729466	0.683091	0.0355753	-0.365568	0.0456763	0.00324792	-0.998951	0.146146	
-0.682198	0.730601	-0.0287834	-0.536816	0.729734	0.682797	0.0357401	-0.365307	0.045765	0.00337763	-0.998947	0.146119	
-0.681868	0.73091	-0.0287486	-0.536943	0.730036	0.682465	0.0359077	-0.36502	0.0458652	0.00349684	-0.998942	0.146098	
-0.681495	0.731259	-0.0287164	-0.537087	0.730377	0.68209	0.036095	-0.364701	0.045982	0.00362476	-0.998936	0.146075	
-0.681093	0.731635	-0.0286937	-0.537249	0.730743	0.681686	0.03631	-0.364355	0.0461258	0.00376278	-0.998929	0.146048	
-0.680704	0.731997	-0.028668	-0.537406	0.731096	0.681296	0.0365244	-0.364019	0.0462672	0.00390327	-0.998921	0.146017	
-0.680334	0.732343	-0.0286299	-0.537553	0.731432	0.680924	0.0367324	-0.363694	0.0463955	0.00404946	-0.998915	0.145982	
-0.679966	0.732686	-0.0285868	-0.537697	0.731766	0.680554	0.0369459	-0.363367	0.0465246	0.00420314	-0.998908	0.145943	
-0.679576	0.73305	-0.0285472	-0.537853	0.732119	0.680161	0.0371721	-0.36302	0.0466657	0.0043613	-0.998901	0.145904	
-0.679166	0.733431	-0.0285076	-0.538016	0.732491	0.679749	0.0374011	-0.362658	0.0468092	0.00452003	-0.998894	0.145867	
-0.678731	0.733835	-0.0284721	-0.538191	0.732884	0.679312	0.0376249	-0.362281	0.0469519	0.00467042	-0.998886	0.145837	
-0.6783	0.734235	-0.0284332	-0.53836	0.733275	0.678878	0.0378398	-0.36191	0.047086	0.00481739	-0.998879	0.145807	
-0.677852	0.73465	-0.0284075	-0.53854	0.73368	0.678429	0.0380596	-0.361529	0.0472329	0.00495679	-0.998872	0.145783	
-0.677381	0.735084	-0.0283864	-0.538735	0.734103	0.677956	0.0383096	-0.361122	0.0474055	0.00511161	-0.998863	0.145751	
-0.676897	0.735531	-0.0283592	-0.538935	0.734539	0.67747	0.0385594	-0.360707	0.0475742	0.00526986	-0.998854	0.145715	
-0.6764	0.73599	-0.0283164	-0.539138	0.734986	0.676971	0.0388019	-0.360288	0.0477271	0.00543344	-0.998846	0.145673	
-0.675897	0.736454	-0.028257	-0.53934	0.73544	0.676465	0.039041	-0.359867	0.0478668	0.00560638	-0.998838	0.145623	
-0.675351	0.736958	-0.0281855	-0.539556	0.735933	0.675914	0.0392829	-0.359423	0.0480008	0.00578713	-0.998831	0.145567	
-0.674779	0.737484	-0.0281133	-0.539783	0.736448	0.675338	0.0395375	-0.358958	0.0481443	0.00597511	-0.998823	0.145509	
-0.67419	0.738025	-0.0280396	-0.540015	0.736978	0.674745	0.0397791	-0.35849	0.0482776	0.00615408	-0.998815	0.145454	
-0.673604	0.738563	-0.0279693	-0.540244	0.737506	0.674155	0.0399985	-0.358031	0.048397	0.00631562	-0.998808	0.145409	
-0.672986	0.739128	-0.0279071	-0.540488	0.738062	0.673534	0.0402061	-0.357557	0.0485139	0.00646098	-0.998802	0.145372	
-0.672348	0.739712	-0.0278424	-0.54074	0.738637	0.672892	0.0403977	-0.357073	0.0486176	0.0065959	-0.998796	0.14534	
-0.671686	0.740315	-0.0277658	-0.540997	0.739233	0.672226	0.040579	-0.356581	0.0487062	0.00673091	-0.99879	0.145306	
-0.67099	0.74095	-0.0276728	-0.541263	0.739861	0.671525	0.0407411	-0.356077	0.0487701	0.00686285	-0.998786	0.145271	
-0.670268	0.741607	-0.0275648	-0.541533	0.740511	0.670798	0.0408963	-0.355563	0.0488194	0.00699946	-0.998783	0.145231	
-0.669533	0.742276	-0.0274319	-0.541796	0.741176	0.670056	0.0410229	-0.355055	0.0488312	0.00713436	-0.998782	0.145191	
-0.668775	0.742964	-0.0272826	-0.54206	0.741861	0.669292	0.0411218	-0.354547	0.0488121	0.00726136	-0.998782	0.145154	
-0.667999	0.743667	-0.0271299	-0.542328	0.742561	0.668509	0.0412101	-0.354031	0.0487832	0.00738272	-0.998782	0.145121	
-0.667216	0.744376	-0.0269726	-0.542595	0.743269	0.667719	0.0412635	-0.353524	0.0487257	0.00748384	-0.998784	0.145096	
-0.666424	0.745091	-0.0268212	-0.542866	0.743983	0.66692	0.0413166	-0.353009	0.0486722	0.00757988	-0.998786	0.145075	
-0.665631	0.745804	-0.0266676	-0.543138	0.744695	0.666121	0.0413757	-0.352489	0.048622	0.00768173	-0.998788	0.145051	
-0.664851	0.746506	-0.0265078	-0.543403	0.745396	0.665334	0.0414247	-0.351979	0.0485604	0.00778243	-0.99879	0.145027	
-0.664071	0.747205	-0.0263489	-0.54367	0.746095	0.664547	0.0414654	-0.35147	0.0484932	0.0078772	-0.998792	0.145005	
-0.663304	0.747892	-0.0261753	-0.543927	0.746783	0.663773	0.0414768	-0.350979	0.0483946	0.00796441	-0.998797	0.144982	
-0.662527	0.748587	-0.0259916	-0.544183	0.747482	0.662988	0.0414567	-0.350495	0.0482661	0.00803792	-0.998802	0.144964	
-0.661747	0.749283	-0.0257913	-0.544433	0.748183	0.6622	0.0413902	-0.350031	0.048092	0.00809322	-0.99881	0.144949	
-0.660977	0.749971	-0.0255572	-0.544663	0.74888	0.661421	0.0412489	-0.349604	0.0478396	0.00812529	-0.998822	0.144939	
-0.66018	0.750682	-0.0252906	-0.544889	0.749603	0.660614	0.0410376	-0.349195	0.0475135	0.0081343	-0.998837	0.144933	
-0.659362	0.75141	-0.0249878	-0.545108	0.750347	0.659785	0.0407781	-0.348797	0.0471276	0.00813799	-0.998856	0.144924	
-0.658533	0.752148	-0.0246636	-0.545324	0.751102	0.658944	0.040474	-0.348413	0.0466944	0.00812854	-0.998876	0.144916	
-0.657721	0.752869	-0.0243245	-0.545527	0.751842	0.658121	0.0401421	-0.348048	0.0462302	0.00811413	-0.998898	0.144909	
-0.656934	0.753567	-0.0239814	-0.545718	0.752559	0.657322	0.0397811	-0.347708	0.0457412	0.00808613	-0.998921	0.144906	
-0.656144	0.754265	-0.0236393	-0.54591	0.753279	0.65652	0.0393936	-0.347373	0.0452329	0.00804089	-0.998944	0.14491	
-0.655349	0.754968	-0.0232709	-0.546089	0.754005	0.655714	0.0389421	-0.347064	0.0446591	0.00797433	-0.99897	0.144923	
-0.65454	0.755681	-0.0228809	-0.54626	0.754744	0.654892	0.0384381	-0.346769	0.0440315	0.00789003	-0.998999	0.144942	
-0.653722	0.756401	-0.0224714	-0.546425	0.755491	0.654062	0.0379028	-0.346483	0.0433674	0.00780093	-0.999029	0.144963	
-0.652915	0.75711	-0.0220459	-0.546577	0.756228	0.653241	0.0373567	-0.346211	0.0426845	0.00771903	-0.999059	0.144979	
-0.652086	0.757838	-0.0215862	-0.546724	0.756983	0.652398	0.0367898	-0.345937	0.0419635	0.00764969	-0.99909	0.144988	
-0.651249	0.758571	-0.0210984	-0.546861	0.757745	0.651546	0.0362018	-0.345669	0.0412082	0.00758915	-0.999122	0.144992	
-0.650418	0.759297	-0.0206087	-0.546996	0.758498	0.650701	0.0356353	-0.345393	0.0404679	0.00754614	-0.999152	0.14499	
-0.649599	0.76001	-0.020145	-0.547137	0.759236	0.649868	0.0350936	-0.34511	0.0397631	0.00750195	-0.999181	0.144992	
-0.64881	0.760695	-0.01969	-0.547269	0.759946	0.649066	0.0345701	-0.344833	0.0390774	0.00746611	-0.999208	0.144993	
-0.648025	0.761376	-0.0192394	-0.547398	0.760651	0.648268	0.0340378	-0.34456	0.0383879	0.00742285	-0.999235	0.145	
-0.647255	0.762041	-0.0188027	-0.547526	0.761339	0.647486	0.0335227	-0.344286	0.0377202	0.00738247	-0.999261	0.145009	
-0.646492	0.7627	-0.0183764	-0.547656	0.76202	0.646711	0.0330205	-0.344008	0.0370689	0.00734431	-0.999286	0.145019	
-0.645753	0.763336	-0.0179435	-0.547775	0.762677	0.645961	0.0325316	-0.343737	0.0364234	0.00732228	-0.99931	0.145022	
-0.64505	0.76394	-0.0175036	-0.547877	0.763302	0.645246	0.0320632	-0.343479	0.0357885	0.00732183	-0.999333	0.145018	
-0.644359	0.764532	-0.0170703	-0.547978	0.763913	0.644544	0.0316206	-0.343214	0.0351775	0.00733481	-0.999354	0.145008	
-0.643705	0.765093	-0.0166579	-0.548077	0.764491	0.643878	0.0312305	-0.342947	0.0346199	0.00736839	-0.999373	0.144991	
-0.643086	0.765621	-0.0162679	-0.54817	0.765035	0.643249	0.0308673	-0.342685	0.034097	0.00740481	-0.999391	0.144976	
-0.642486	0.766133	-0.0158897	-0.548262	0.765561	0.642639	0.0305281	-0.342421	0.0335999	0.00744939	-0.999408	0.14496	
-0.641916	0.766618	-0.0155339	-0.548348	0.766059	0.64206	0.0302035	-0.342169	0.0331282	0.00748825	-0.999423	0.14495	
-0.641366	0.767085	-0.0151876	-0.548428	0.766539	0.641502	0.0298871	-0.341926	0.0326688	0.00752664	-0.999438	0.144941	
-0.640828	0.76754	-0.0148695	-0.548515	0.767006	0.640956	0.0296118	-0.34167	0.032259	0.00757107	-0.999451	0.144934	
-0.640322	0.767969	-0.0145646	-0.548596	0.767445	0.640442	0.0293694	-0.34142	0.0318826	0.0076284	-0.999462	0.144922	
-0.639833	0.768381	-0.0142712	-0.548673	0.767867	0.639946	0.0291482	-0.34117	0.0315297	0.00769161	-0.999473	0.144909	
-0.639357	0.768783	-0.0139806	-0.548747	0.768277	0.639462	0.0289546	-0.340917	0.0311999	0.00777137	-0.999483	0.14489	
-0.638906	0.769163	-0.0136955	-0.548813	0.768665	0.639004	0.0287683	-0.340677	0.030879	0.00785302	-0.999492	0.144871	
-0.638474	0.769527	-0.0134157	-0.548872	0.769036	0.638565	0.0286094	-0.34044	0.0305824	0.00794921	-0.999501	0.144847	
-0.638049	0.769883	-0.0131587	-0.548937	0.769398	0.638134	0.0285018	-0.340185	0.0303401	0.00806129	-0.999507	0.14482	
-0.637627	0.770237	-0.0129138	-0.549006	0.769756	0.637706	0.0284281	-0.339917	0.0301316	0.0081861	-0.999512	0.144789	
-0.637233	0.770567	-0.0126849	-0.549071	0.770089	0.637305	0.028386	-0.339651	0.0299575	0.00832003	-0.999517	0.144757	
-0.636847	0.770889	-0.0124682	-0.549137	0.770414	0.636913	0.0283689	-0.33938	0.0298104	0.008461	-0.99952	0.144723	
-0.636466	0.771207	-0.0122715	-0.549209	0.770733	0.636526	0.0283863	-0.339098	0.0297028	0.00860886	-0.999522	0.144689	
-0.6361	0.771512	-0.0120795	-0.549279	0.771038	0.636154	0.0284274	-0.338815	0.0296165	0.00876891	-0.999523	0.144649	
-0.63575	0.771804	-0.0118895	-0.549343	0.77133	0.635798	0.0284832	-0.338535	0.0295428	0.00893743	-0.999524	0.144605	
-0.635422	0.772076	-0.011707	-0.549402	0.771602	0.635465	0.0285526	-0.338266	0.0294841	0.00910981	-0.999524	0.14456	
-0.635096	0.772347	-0.0115309	-0.549462	0.771872	0.635133	0.0286321	-0.337992	0.0294376	0.00928375	-0.999524	0.144515	
-0.634763	0.772624	-0.011349	-0.549524	0.772147	0.634794	0.0287301	-0.337705	0.0294019	0.0094737	-0.999523	0.144464	
-0.634428	0.772901	-0.0111624	-0.549584	0.772424	0.634453	0.028827	-0.337418	0.0293624	0.00966652	-0.999522	0.144412	
-0.634084	0.773186	-0.0109626	-0.549641	0.772708	0.634102	0.0289193	-0.337129	0.0293114	0.00986638	-0.999522	0.144359	
-0.633736	0.773475	-0.0107522	-0.549693	0.772996	0.633747	0.0290108	-0.336838	0.0292533	0.0100737	-0.999521	0.144303	
-0.633383	0.773766	-0.0105394	-0.549744	0.773288	0.633388	0.0290931	-0.336551	0.0291868	0.0102771	-0.999521	0.144248	
-0.63303	0.774059	-0.0103196	-0.549793	0.77358	0.633027	0.0291719	-0.336264	0.0291133	0.0104836	-0.999521	0.144192	
-0.632684	0.774344	-0.0100725	-0.549824	0.773867	0.632674	0.0292213	-0.335997	0.029	0.0106931	-0.999522	0.144135	
-0.632343	0.774626	-0.00981958	-0.549849	0.77415	0.632325	0.0292662	-0.335737	0.0288795	0.0109045	-0.999523	0.144078	
-0.631997	0.774912	-0.0095674	-0.549873	0.774437	0.631971	0.0293079	-0.335477	0.0287573	0.0111131	-0.999525	0.144023	
-0.631642	0.775205	-0.00930549	-0.549896	0.774732	0.631608	0.0293512	-0.33521	0.0286306	0.0113302	-0.999526	0.143966	
-0.631274	0.775507	-0.0090423	-0.549923	0.775036	0.631234	0.0293835	-0.334941	0.0284949	0.0115409	-0.999527	0.143912	
-0.63091	0.775806	-0.00877922	-0.549946	0.775338	0.630862	0.0293893	-0.334687	0.0283389	0.0117352	-0.999529	0.143863	
-0.630546	0.776105	-0.00850002	-0.549962	0.775641	0.630491	0.0293743	-0.334446	0.0281567	0.0119289	-0.999532	0.143812	
-0.630175	0.77641	-0.00821825	-0.54998	0.775949	0.630112	0.0293517	-0.334205	0.0279674	0.0121198	-0.999535	0.14376	
-0.629807	0.776711	-0.00793181	-0.549994	0.776255	0.629737	0.0293167	-0.333973	0.0277655	0.0123067	-0.999539	0.14371	
-0.629436	0.777014	-0.00764718	-0.550008	0.776563	0.629359	0.0292634	-0.333746	0.0275509	0.0124809	-0.999542	0.143666	
-0.629073	0.777311	-0.00736277	-0.550017	0.776866	0.628989	0.0291958	-0.333531	0.0273253	0.0126464	-0.999547	0.143625	
-0.628722	0.777598	-0.00707295	-0.550018	0.777159	0.628631	0.0291157	-0.333328	0.0270866	0.0128089	-0.999551	0.143586	
-0.628359	0.777894	-0.00677372	-0.550019	0.77746	0.628262	0.0290272	-0.333122	0.0268357	0.0129732	-0.999556	0.143547	
-0.627991	0.778193	-0.00648679	-0.550024	0.777766	0.627888	0.0289248	-0.332919	0.0265821	0.0131193	-0.999561	0.143517	
-0.627623	0.778493	-0.00617995	-0.550022	0.778073	0.627513	0.0288125	-0.332721	0.0263083	0.0132749	-0.999566	0.14348	
-0.62726	0.778788	-0.00588474	-0.550021	0.778375	0.627144	0.028691	-0.332531	0.0260347	0.0134161	-0.999571	0.14345	
-0.626905	0.779076	-0.00558778	-0.550018	0.778669	0.626783	0.028581	-0.332341	0.0257691	0.0135665	-0.999576	0.143416	
-0.626561	0.779354	-0.00530928	-0.550015	0.778955	0.626434	0.0284663	-0.33216	0.0255112	0.0137002	-0.999581	0.143389	
-0.626223	0.779628	-0.00505345	-0.550019	0.779234	0.626091	0.0283618	-0.331976	0.0252756	0.013823	-0.999585	0.14337	
-0.625884	0.779902	-0.00480019	-0.550022	0.779515	0.625747	0.0282495	-0.331794	0.0250356	0.0139391	-0.999589	0.143355	
-0.625546	0.780174	-0.00455476	-0.550027	0.779793	0.625405	0.0281347	-0.331614	0.0247985	0.0140478	-0.999594	0.143343	
-0.625212	0.780443	-0.00431513	-0.550032	0.780069	0.625066	0.0280099	-0.331441	0.0245574	0.014146	-0.999598	0.143336	
-0.624885	0.780706	-0.00409063	-0.550041	0.780338	0.624736	0.0278908	-0.33127	0.0243301	0.0142365	-0.999603	0.143332	
-0.624565	0.780963	-0.00388367	-0.550053	0.7806	0.624413	0.0277716	-0.331103	0.0241136	0.0143136	-0.999607	0.143334	
-0.624246	0.781219	-0.00369083	-0.550071	0.780862	0.624091	0.0276589	-0.330932	0.0239111	0.0143839	-0.999611	0.14334	
-0.623925	0.781477	-0.00349352	-0.550088	0.781125	0.623767	0.0275511	-0.330756	0.0237097	0.0144609	-0.999614	0.143344	
-0.623604	0.781733	-0.00330344	-0.550105	0.781387	0.623444	0.0274285	-0.330588	0.0235013	0.0145233	-0.999618	0.143355	
-0.623287	0.781987	-0.00312018	-0.550122	0.781646	0.623124	0.0273021	-0.330424	0.0232941	0.0145782	-0.999622	0.14337	
-0.62298	0.782232	-0.00294447	-0.55014	0.781896	0.622815	0.0271902	-0.330259	0.0231029	0.0146367	-0.999626	0.143383	
-0.62268	0.782472	-0.00278496	-0.550161	0.78214	0.622513	0.0270968	-0.330087	0.0229362	0.0146944	-0.999629	0.1434	
-0.622399	0.782696	-0.00264926	-0.550184	0.782368	0.622229	0.0270325	-0.329911	0.0228067	0.0147523	-0.999631	0.14342	
-0.622124	0.782915	-0.00254083	-0.550215	0.782589	0.621953	0.026978	-0.32973	0.0227018	0.0147952	-0.999633	0.143449	
-0.621865	0.783121	-0.00245155	-0.550245	0.782798	0.621693	0.0269324	-0.329553	0.0226155	0.0148293	-0.999634	0.143486	
-0.621622	0.783314	-0.00237043	-0.55027	0.782993	0.621449	0.0268931	-0.329383	0.0225388	0.0148613	-0.999636	0.143526	
-0.62139	0.783498	-0.00229694	-0.550295	0.783179	0.621216	0.0268623	-0.329216	0.0224735	0.0148931	-0.999637	0.143567	
-0.621173	0.78367	-0.00223783	-0.55032	0.783352	0.620997	0.0268562	-0.329044	0.0224361	0.0149293	-0.999637	0.143607	
-0.620956	0.783842	-0.00218497	-0.550349	0.783525	0.620779	0.0268569	-0.328868	0.022408	0.014965	-0.999637	0.143648	
-0.620733	0.784019	-0.00215132	-0.550386	0.783702	0.620556	0.0268499	-0.32869	0.0223859	0.0149806	-0.999637	0.1437	
-0.620507	0.784198	-0.00212013	-0.550422	0.783882	0.620329	0.0268311	-0.328517	0.0223561	0.0149869	-0.999638	0.143757	
-0.620271	0.784385	-0.00208041	-0.550456	0.78407	0.620093	0.0268028	-0.328342	0.0223137	0.0149938	-0.999639	0.143814	
-0.620034	0.784572	-0.00204876	-0.550493	0.784259	0.619856	0.0267646	-0.328171	0.0222687	0.0149882	-0.99964	0.143877	
-0.619798	0.784759	-0.00201482	-0.550527	0.784447	0.61962	0.0267171	-0.328008	0.0222149	0.0149787	-0.999641	0.14394	
-0.619564	0.784944	-0.00198218	-0.550558	0.784633	0.619386	0.0266739	-0.327846	0.0221653	0.0149709	-0.999642	0.144005	
-0.619332	0.785127	-0.00195656	-0.55059	0.784817	0.619155	0.0266302	-0.327684	0.0221195	0.0149574	-0.999643	0.144074	
-0.619101	0.785309	-0.00192712	-0.550619	0.785001	0.618924	0.0265847	-0.327523	0.0220699	0.0149458	-0.999645	0.144143	
-0.618867	0.785494	-0.00190359	-0.550651	0.785187	0.61869	0.0265374	-0.327359	0.0220227	0.0149284	-0.999646	0.144217	
-0.618629	0.785681	-0.00188509	-0.550682	0.785375	0.618452	0.0264966	-0.327192	0.0219837	0.014911	-0.999647	0.144293	
-0.618388	0.78587	-0.00187721	-0.550718	0.785566	0.618212	0.0264659	-0.327017	0.0219593	0.0148915	-0.999648	0.144373	
-0.618151	0.786057	-0.00186498	-0.550749	0.785753	0.617975	0.0264403	-0.326843	0.0219361	0.0148787	-0.999649	0.14445	
-0.61792	0.786239	-0.00185519	-0.550778	0.785935	0.617744	0.0264214	-0.326671	0.0219195	0.0148682	-0.999649	0.144528	
-0.617689	0.78642	-0.00184594	-0.550807	0.786117	0.617513	0.0264249	-0.326488	0.0219209	0.0148712	-0.999649	0.144601	
-0.617455	0.786604	-0.0018452	-0.55084	0.7863	0.617278	0.0264367	-0.326298	0.0219343	0.0148726	-0.999649	0.144679	
-0.617215	0.786793	-0.0018604	-0.550878	0.786488	0.617039	0.0264431	-0.326105	0.0219532	0.0148579	-0.999649	0.144766	
-0.616971	0.786983	-0.00187829	-0.550917	0.786679	0.616796	0.0264448	-0.325911	0.0219701	0.0148381	-0.999649	0.144855	
-0.616735	0.787168	-0.00188945	-0.550948	0.786864	0.61656	0.0264354	-0.325727	0.0219741	0.0148169	-0.999649	0.144948	
-0.616506	0.787348	-0.00188932	-0.550974	0.787044	0.616331	0.0264291	-0.325546	0.0219733	0.0148067	-0.999649	0.145034	
-0.616275	0.787529	-0.00189797	-0.551001	0.787224	0.6161	0.0264235	-0.325364	0.0219786	0.01479	-0.999649	0.145125	
-0.616051	0.787704	-0.00190509	-0.551026	0.7874	0.615876	0.0264187	-0.325186	0.0219834	0.0147752	-0.999649	0.145215	
-0.615824	0.787881	-0.00190975	-0.551048	0.787577	0.61565	0.0264107	-0.325008	0.0219842	0.0147603	-0.999649	0.145307	
-0.615596	0.78806	-0.00191656	-0.551071	0.787755	0.615422	0.0264212	-0.324818	0.022001	0.014755	-0.999649	0.145397	
-0.615364	0.788241	-0.00193621	-0.551097	0.787935	0.615191	0.0264284	-0.324628	0.0220231	0.0147375	-0.999649	0.145497	
-0.615135	0.78842	-0.00196309	-0.551122	0.788113	0.614962	0.026444	-0.324433	0.0220562	0.0147195	-0.999648	0.1456	
-0.614918	0.788588	-0.00197714	-0.551139	0.788281	0.614745	0.0264716	-0.324239	0.0220907	0.0147194	-0.999648	0.145696	
-0.614712	0.788749	-0.0019956	-0.551151	0.788441	0.614539	0.0265036	-0.324051	0.0221311	0.0147187	-0.999647	0.145794	
-0.614516	0.788902	-0.00201624	-0.55116	0.788592	0.614343	0.0265497	-0.323862	0.0221837	0.0147252	-0.999645	0.14589	
-0.614326	0.789049	-0.00204067	-0.551167	0.788738	0.614153	0.0266112	-0.32367	0.0222508	0.0147384	-0.999644	0.145986	
-0.614143	0.789192	-0.00205939	-0.551168	0.788879	0.613969	0.0266841	-0.323476	0.0223233	0.0147633	-0.999642	0.146079	
-0.613952	0.789341	-0.00208966	-0.551173	0.789025	0.613778	0.0267578	-0.323275	0.0224036	0.0147792	-0.99964	0.146181	
-0.613756	0.789493	-0.00212265	-0.55118	0.789176	0.613581	0.0268419	-0.323067	0.0224939	0.0147992	-0.999637	0.146282	
-0.613555	0.789649	-0.00215365	-0.551189	0.789329	0.61338	0.0269332	-0.322854	0.0225888	0.0148251	-0.999635	0.146379	
-0.613356	0.789804	-0.00217632	-0.551195	0.789481	0.61318	0.0270304	-0.32264	0.0226832	0.0148611	-0.999632	0.146472	
-0.613169	0.789949	-0.00218771	-0.551192	0.789623	0.612992	0.0271277	-0.322433	0.0227705	0.0149064	-0.99963	0.14656	
-0.612986	0.790091	-0.00219552	-0.551186	0.789763	0.612807	0.0272287	-0.322226	0.0228586	0.0149569	-0.999627	0.146648	
-0.612811	0.790227	-0.00220328	-0.551173	0.789896	0.612631	0.0273263	-0.322025	0.0229438	0.0150055	-0.999624	0.14674	
-0.612637	0.790361	-0.00222067	-0.551161	0.790028	0.612457	0.0274255	-0.321823	0.0230361	0.0150475	-0.999621	0.146837	
-0.612454	0.790504	-0.00220996	-0.551143	0.790168	0.612271	0.0275464	-0.321606	0.0231286	0.0151246	-0.999618	0.146919	
-0.61226	0.790653	-0.00219924	-0.551125	0.790315	0.612075	0.0276756	-0.32138	0.0232279	0.0152066	-0.999615	0.147003	
-0.612061	0.790808	-0.00218641	-0.55111	0.790467	0.611874	0.0278077	-0.321149	0.0233283	0.0152917	-0.999611	0.147084	
-0.611865	0.790959	-0.00218093	-0.551095	0.790615	0.611676	0.0279422	-0.320919	0.0234352	0.0153726	-0.999607	0.147169	
-0.611668	0.791112	-0.00217189	-0.55108	0.790765	0.611476	0.0280781	-0.32069	0.023541	0.015457	-0.999603	0.14725	
-0.611476	0.79126	-0.00214521	-0.551056	0.79091	0.611282	0.0282269	-0.320459	0.0236462	0.0155634	-0.999599	0.147323	
-0.61129	0.791404	-0.00211195	-0.551026	0.79105	0.611093	0.0283791	-0.320229	0.0237499	0.0156772	-0.999595	0.147395	
-0.611105	0.791546	-0.00208535	-0.550994	0.79119	0.610905	0.0285335	-0.32	0.0238595	0.0157871	-0.999591	0.147471	
-0.610922	0.791688	-0.0020389	-0.550955	0.791328	0.610718	0.0286962	-0.319766	0.0239636	0.0159177	-0.999586	0.147539	
-0.610744	0.791826	-0.00197768	-0.550906	0.791463	0.610535	0.0288718	-0.31953	0.0240689	0.016068	-0.999581	0.147602	
-0.610565	0.791964	-0.00191778	-0.550855	0.791597	0.610353	0.0290471	-0.319293	0.0241748	0.0162171	-0.999576	0.147668	
-0.610382	0.792105	-0.00183673	-0.550799	0.791735	0.610165	0.0292376	-0.319047	0.0242799	0.0163919	-0.999571	0.147722	
-0.610194	0.79225	-0.0017418	-0.550741	0.791877	0.609971	0.0294347	-0.318795	0.0243821	0.0165816	-0.999565	0.14777	
-0.610014	0.792389	-0.00164582	-0.550682	0.792013	0.609785	0.0296293	-0.318549	0.0244815	0.0167707	-0.99956	0.147814	
-0.609833	0.792529	-0.00151955	-0.550613	0.792149	0.609598	0.029838	-0.318297	0.0245738	0.0169925	-0.999554	0.147845	
-0.609656	0.792665	-0.00139063	-0.55054	0.792282	0.609415	0.0300468	-0.318047	0.0246645	0.0172164	-0.999548	0.147876	
-0.609482	0.792799	-0.0012596	-0.550462	0.792414	0.609233	0.0302546	-0.317796	0.0247532	0.0174415	-0.999541	0.147912	
-0.609307	0.792934	-0.00112317	-0.550378	0.792545	0.609051	0.03047	-0.317539	0.0248448	0.0176754	-0.999535	0.147949	
-0.60914	0.793062	-0.000976088	-0.550286	0.792671	0.608877	0.0306824	-0.317286	0.0249274	0.0179162	-0.999529	0.147984	
-0.608966	0.793196	-0.000850184	-0.550203	0.792802	0.608696	0.0308855	-0.317033	0.0250158	0.0181342	-0.999523	0.148029	
-0.608797	0.793326	-0.000693391	-0.550109	0.792929	0.608519	0.0311064	-0.316775	0.0250995	0.0183877	-0.999516	0.148059	
-0.608628	0.793455	-0.000520251	-0.550009	0.793056	0.608342	0.0313353	-0.316514	0.0251797	0.018659	-0.999509	0.148081	
-0.608452	0.79359	-0.00035085	-0.549911	0.793188	0.608158	0.0315689	-0.316247	0.0252662	0.0189299	-0.999502	0.148106	
-0.608271	0.793729	-0.000150911	-0.549803	0.793324	0.607967	0.0318212	-0.315968	0.0253492	0.0192362	-0.999494	0.148116	
-0.608084	0.793873	2.32052e-05	-0.549705	0.793465	0.607771	0.0320607	-0.315689	0.025438	0.019514	-0.999486	0.148141	
-0.607905	0.79401	0.000199805	-0.549604	0.7936	0.607583	0.0322973	-0.315417	0.025523	0.0197923	-0.999478	0.148165	
-0.607729	0.794144	0.000406195	-0.54949	0.793732	0.607396	0.0325567	-0.315137	0.025608	0.0201081	-0.99947	0.148174	
-0.607552	0.794279	0.000587837	-0.54938	0.793864	0.60721	0.0328032	-0.314859	0.025698	0.0203963	-0.999462	0.148201	
-0.607383	0.794409	0.000760446	-0.549266	0.79399	0.607031	0.0330498	-0.314585	0.0257934	0.0206776	-0.999453	0.148235	
-0.607217	0.794535	0.000939465	-0.549147	0.794114	0.606856	0.0333006	-0.314312	0.0258884	0.0209667	-0.999445	0.148268	
-0.607053	0.794661	0.00110622	-0.549029	0.794237	0.606682	0.0335438	-0.314041	0.0259848	0.0212414	-0.999437	0.148309	
-0.60688	0.794792	0.00127716	-0.548914	0.794365	0.6065	0.0337913	-0.313766	0.0260825	0.0215218	-0.999428	0.148345	
-0.606708	0.794923	0.00147428	-0.548791	0.794493	0.606317	0.0340523	-0.313486	0.0261751	0.0218312	-0.999419	0.148368	
-0.606533	0.795057	0.00165666	-0.548673	0.794624	0.606131	0.0343117	-0.313204	0.0262756	0.0221276	-0.99941	0.148398	
-0.606345	0.7952	0.00182086	-0.548564	0.794764	0.605934	0.0345656	-0.312916	0.0263833	0.0224059	-0.999401	0.148438	
-0.606159	0.795341	0.00199973	-0.548449	0.794903	0.605737	0.0348247	-0.312626	0.0264862	0.0226989	-0.999391	0.148472	
-0.605978	0.795478	0.00215734	-0.548337	0.795037	0.605547	0.0350682	-0.312344	0.0265896	0.0229657	-0.999383	0.14852	
-0.605803	0.795611	0.00230489	-0.548224	0.795167	0.605363	0.0353011	-0.312069	0.0266907	0.0232183	-0.999374	0.148576	
-0.605629	0.795743	0.00245116	-0.548109	0.795296	0.605179	0.0355413	-0.311791	0.0267984	0.0234743	-0.999365	0.148633	
-0.605456	0.795875	0.0025958	-0.54799	0.795424	0.604996	0.0357824	-0.311512	0.0269079	0.0237295	-0.999356	0.148695	
-0.605287	0.796002	0.00274892	-0.547868	0.795549	0.604818	0.0360248	-0.311236	0.0270132	0.0239923	-0.999347	0.148751	
-0.605115	0.796133	0.00289454	-0.547749	0.795676	0.604636	0.0362586	-0.31096	0.0271165	0.0242438	-0.999338	0.148813	
-0.60494	0.796266	0.00302778	-0.547637	0.795806	0.604452	0.0364803	-0.310686	0.0272178	0.0244779	-0.99933	0.148881	
-0.604758	0.796403	0.00319127	-0.547517	0.795941	0.604259	0.0367221	-0.310399	0.0273173	0.0247481	-0.99932	0.148934	
-0.604581	0.796536	0.00335833	-0.547393	0.796072	0.604073	0.0369621	-0.310116	0.027413	0.02502	-0.999311	0.148988	
-0.604407	0.796668	0.00350113	-0.547276	0.796201	0.603889	0.0371882	-0.309838	0.0275124	0.0252644	-0.999302	0.149054	
-0.60424	0.796794	0.00363584	-0.547159	0.796324	0.603713	0.0374051	-0.309563	0.0276091	0.0254969	-0.999294	0.149127	
-0.604081	0.796914	0.00377029	-0.547043	0.796441	0.603545	0.0376191	-0.30929	0.0277037	0.0257278	-0.999285	0.149201	
-0.603943	0.797018	0.00391593	-0.546922	0.796543	0.603397	0.0378425	-0.309015	0.0277983	0.0259739	-0.999276	0.149267	
-0.603816	0.797113	0.00406569	-0.546799	0.796635	0.60326	0.0380689	-0.308741	0.0278926	0.0262255	-0.999267	0.149331	
-0.603693	0.797206	0.00421252	-0.546679	0.796725	0.603127	0.0382992	-0.308459	0.0279916	0.0264772	-0.999257	0.149397	
-0.603578	0.797292	0.00435163	-0.546559	0.796809	0.603002	0.0385276	-0.308176	0.0280937	0.0267219	-0.999248	0.149469	
-0.603469	0.797374	0.00446705	-0.546448	0.796888	0.602884	0.0387414	-0.307897	0.0281983	0.026939	-0.999239	0.149554	
-0.603356	0.797459	0.00459623	-0.546335	0.796969	0.602762	0.0389658	-0.307607	0.0283032	0.0271733	-0.99923	0.149632	
-0.603253	0.797536	0.00474173	-0.546214	0.797044	0.602648	0.0391944	-0.307317	0.0284013	0.0274235	-0.99922	0.149704	
-0.603156	0.797608	0.00489308	-0.546091	0.797114	0.60254	0.039428	-0.307027	0.0284998	0.0276816	-0.99921	0.149772	
-0.603032	0.797701	0.00505613	-0.545966	0.797204	0.602405	0.0396692	-0.306733	0.0285983	0.0279526	-0.9992	0.149831	
-0.602891	0.797807	0.00521101	-0.545847	0.797308	0.602253	0.0399026	-0.306444	0.0286962	0.0282117	-0.99919	0.149892	
-0.60274	0.797919	0.00535749	-0.545732	0.797418	0.602092	0.04013	-0.306156	0.0287948	0.0284601	-0.99918	0.149957	
-0.602595	0.798028	0.0055379	-0.545598	0.797525	0.601935	0.0403657	-0.305872	0.0288795	0.0287408	-0.99917	0.150009	
-0.602434	0.798148	0.00568704	-0.545478	0.797642	0.601763	0.0406017	-0.305579	0.0289839	0.0289961	-0.999159	0.150076	
-0.602251	0.798286	0.00581072	-0.545368	0.797776	0.601569	0.0408307	-0.305281	0.029099	0.029226	-0.999149	0.150157	
-0.602058	0.79843	0.00593796	-0.545258	0.797918	0.601366	0.0410643	-0.30498	0.0292161	0.0294611	-0.999139	0.150235	
-0.601856	0.798582	0.00604076	-0.545159	0.798066	0.601155	0.0412793	-0.304684	0.0293335	0.0296651	-0.999129	0.150324	
-0.601654	0.798733	0.00618589	-0.545049	0.798214	0.600942	0.0415126	-0.30438	0.0294401	0.0299139	-0.999119	0.15039	
-0.601461	0.798877	0.00633442	-0.54494	0.798356	0.600738	0.0417468	-0.304078	0.0295452	0.0301662	-0.999108	0.150452	
-0.601271	0.799019	0.0064621	-0.544838	0.798494	0.600537	0.0419739	-0.303775	0.0296572	0.0303976	-0.999098	0.150527	
-0.601088	0.799156	0.00656507	-0.544743	0.798628	0.600344	0.0421923	-0.303472	0.0297769	0.0306043	-0.999088	0.150613	
-0.60091	0.799289	0.00666054	-0.544647	0.798758	0.600157	0.0424035	-0.30317	0.0298953	0.0308008	-0.999078	0.150709	
-0.600743	0.799414	0.0067546	-0.544547	0.798879	0.599981	0.0426142	-0.302873	0.0300137	0.0309963	-0.999069	0.150806	
-0.600577	0.799538	0.00685309	-0.544448	0.798999	0.599805	0.0428333	-0.30257	0.0301363	0.0312003	-0.999059	0.1509	
-0.600391	0.799677	0.00691542	-0.544361	0.799133	0.599611	0.0430372	-0.302267	0.0302693	0.0313655	-0.99905	0.151012	
-0.600205	0.799816	0.00698967	-0.544271	0.799268	0.599416	0.0432465	-0.301964	0.0303995	0.0315434	-0.99904	0.151118	
-0.60001	0.799961	0.00704665	-0.544188	0.79941	0.599214	0.0434359	-0.301666	0.0305246	0.0316951	-0.999031	0.151233	
-0.599815	0.800108	0.0070981	-0.544113	0.799552	0.599011	0.0436181	-0.301366	0.0306473	0.0318381	-0.999023	0.15135	
-0.599632	0.800244	0.00711201	-0.544046	0.799684	0.598823	0.0437802	-0.301075	0.030776	0.0319394	-0.999016	0.151488	
-0.59946	0.800373	0.00712411	-0.54398	0.799808	0.598646	0.0439442	-0.30078	0.030907	0.0320407	-0.999009	0.151626	
-0.599291	0.8005	0.00713446	-0.543916	0.799929	0.598471	0.0441127	-0.300479	0.0310424	0.0321434	-0.999001	0.151767	
-0.599124	0.800624	0.00714807	-0.543851	0.800049	0.598298	0.0442783	-0.300178	0.0311736	0.032247	-0.998994	0.151907	
-0.598965	0.800743	0.00715284	-0.543792	0.800163	0.598134	0.0444425	-0.299875	0.0313087	0.0323429	-0.998986	0.152049	
-0.598801	0.800866	0.00715674	-0.543738	0.80028	0.597965	0.0446066	-0.299564	0.0314445	0.0324379	-0.998979	0.152192	
-0.598653	0.800976	0.00718695	-0.543674	0.800386	0.59781	0.044781	-0.299253	0.0315721	0.0325606	-0.998971	0.152321	
-0.598519	0.801077	0.00719418	-0.543613	0.800481	0.59767	0.0449416	-0.298945	0.0317019	0.0326572	-0.998964	0.152467	
-0.598401	0.801164	0.00720583	-0.543549	0.800564	0.597547	0.0451005	-0.298639	0.0318271	0.0327569	-0.998956	0.152611	
-0.598315	0.801229	0.00722076	-0.54348	0.800624	0.597455	0.0452615	-0.298341	0.0319507	0.0328617	-0.998949	0.152753	
-0.598235	0.801288	0.00722205	-0.543423	0.800679	0.59737	0.0454137	-0.298042	0.0320752	0.0329506	-0.998942	0.152896	
-0.598134	0.801363	0.00723328	-0.543367	0.800749	0.597264	0.0455728	-0.29774	0.0322002	0.0330507	-0.998935	0.153033	
-0.598017	0.80145	0.00728255	-0.543297	0.800831	0.59714	0.0457496	-0.297429	0.0323174	0.0331912	-0.998926	0.153152	
-0.59788	0.801552	0.00731183	-0.543242	0.800929	0.596996	0.0459193	-0.297109	0.0324416	0.0333105	-0.998918	0.153278	
-0.597727	0.801666	0.0073219	-0.543192	0.801038	0.596838	0.046078	-0.29679	0.0325692	0.0334072	-0.998911	0.153418	
-0.59758	0.801775	0.00734489	-0.543135	0.801142	0.596685	0.0462388	-0.296471	0.0326905	0.0335157	-0.998903	0.153553	
-0.597445	0.801876	0.0073799	-0.543073	0.801239	0.596543	0.0464036	-0.296159	0.0328075	0.0336367	-0.998896	0.15368	
-0.597324	0.801966	0.00742858	-0.543007	0.801324	0.596415	0.0465687	-0.295854	0.032916	0.0337693	-0.998887	0.153797	
-0.597199	0.802058	0.00748619	-0.542943	0.801413	0.596283	0.0467431	-0.295538	0.0330268	0.0339145	-0.998879	0.153908	
-0.597075	0.80215	0.00752902	-0.542885	0.801501	0.596151	0.0469112	-0.295217	0.0331414	0.034044	-0.998871	0.154028	
-0.596961	0.802234	0.00758878	-0.542821	0.801581	0.59603	0.0470827	-0.294893	0.0332482	0.0341896	-0.998862	0.154142	
-0.596852	0.802315	0.0076675	-0.542754	0.801658	0.595912	0.0472656	-0.294563	0.0333527	0.0343572	-0.998853	0.154245	
-0.596757	0.802384	0.00775082	-0.542685	0.801724	0.595808	0.0474477	-0.294236	0.0334533	0.0345288	-0.998844	0.154346	
-0.596671	0.802448	0.00784186	-0.542611	0.801784	0.595712	0.0476305	-0.293915	0.0335495	0.0347072	-0.998834	0.15444	
-0.596617	0.802486	0.00795746	-0.542526	0.801821	0.595648	0.0478226	-0.2936	0.0336371	0.0349123	-0.998824	0.154522	
-0.596564	0.802525	0.00807885	-0.54244	0.801856	0.595584	0.0480172	-0.293283	0.0337233	0.0351234	-0.998814	0.1546	
-0.596497	0.802573	0.00818554	-0.542362	0.801902	0.595507	0.0482066	-0.292958	0.0338148	0.0353191	-0.998804	0.154687	
-0.596431	0.802622	0.00828596	-0.542285	0.801948	0.595431	0.0483859	-0.292633	0.0339019	0.0355038	-0.998794	0.154781	
-0.596363	0.802671	0.00837526	-0.54221	0.801995	0.595354	0.0485552	-0.292311	0.0339877	0.0356735	-0.998785	0.154882	
-0.59631	0.802709	0.00848837	-0.542125	0.802031	0.595291	0.0487332	-0.29199	0.0340656	0.0358681	-0.998776	0.154972	
-0.59627	0.802738	0.00860479	-0.542039	0.802058	0.59524	0.0489109	-0.291671	0.0341407	0.0360656	-0.998766	0.15506	
-0.596234	0.802763	0.00872538	-0.541947	0.802081	0.595194	0.0490878	-0.29136	0.0342126	0.0362663	-0.998756	0.155146	
-0.596201	0.802786	0.00887484	-0.541848	0.802103	0.595149	0.0492745	-0.291044	0.034275	0.0364961	-0.998746	0.155216	
-0.596163	0.802813	0.00903244	-0.541752	0.802129	0.595098	0.0494647	-0.290721	0.0343357	0.0367342	-0.998735	0.155282	
-0.596141	0.802827	0.00919654	-0.541653	0.802143	0.595064	0.0496531	-0.290399	0.0343904	0.0369772	-0.998724	0.155346	
-0.596143	0.802824	0.00935385	-0.541554	0.802139	0.595054	0.0498401	-0.290074	0.0344468	0.0372149	-0.998713	0.155414	
-0.596184	0.802792	0.00951568	-0.541449	0.802106	0.595082	0.0500325	-0.289752	0.0345031	0.0374611	-0.998702	0.155483	
-0.59626	0.802733	0.00969535	-0.541335	0.802047	0.595144	0.0502335	-0.289429	0.034554	0.0377284	-0.99869	0.155543	
-0.59636	0.802656	0.00986511	-0.541227	0.801971	0.595231	0.0504299	-0.28911	0.0346058	0.0379859	-0.998679	0.155603	
-0.596483	0.802563	0.0100214	-0.541126	0.801877	0.595342	0.0506133	-0.288798	0.0346542	0.0382259	-0.998668	0.15567	
-0.596612	0.802464	0.0102306	-0.541013	0.80178	0.595455	0.0508196	-0.288475	0.0346891	0.0385223	-0.998655	0.155708	
-0.596751	0.802358	0.0104535	-0.540893	0.801675	0.595578	0.051023	-0.288156	0.0347129	0.0388283	-0.998643	0.15574	
-0.596894	0.802249	0.0106552	-0.540783	0.801568	0.595707	0.0512119	-0.287841	0.0347373	0.039109	-0.998631	0.15578	
-0.597031	0.802145	0.0108698	-0.54067	0.801465	0.595828	0.0514105	-0.287522	0.0347621	0.0394054	-0.998618	0.155814	
-0.59718	0.802031	0.0110617	-0.540567	0.801353	0.595963	0.0515945	-0.287204	0.034788	0.0396755	-0.998607	0.155861	
-0.597368	0.801888	0.0112885	-0.540453	0.801212	0.596136	0.0517884	-0.286886	0.034799	0.0399812	-0.998594	0.155889	
-0.597623	0.801694	0.011535	-0.540332	0.801022	0.596374	0.0519794	-0.286573	0.0347924	0.0403039	-0.998582	0.155908	
-0.597937	0.801457	0.0117832	-0.540214	0.800788	0.596671	0.0521682	-0.286258	0.0347798	0.0406292	-0.998569	0.155925	
-0.598308	0.801176	0.0120376	-0.540092	0.800512	0.597026	0.0523469	-0.285955	0.0347523	0.0409558	-0.998556	0.155938	
-0.598707	0.800874	0.0122842	-0.539972	0.800215	0.59741	0.0525155	-0.285655	0.0347196	0.0412714	-0.998545	0.155957	
-0.599145	0.800542	0.0125487	-0.539849	0.799889	0.59783	0.0526887	-0.285354	0.0346776	0.0416057	-0.998532	0.155966	
-0.599616	0.800185	0.0128353	-0.539721	0.799538	0.598284	0.0528687	-0.28504	0.0346256	0.0419632	-0.998519	0.155969	
-0.600142	0.799786	0.0131296	-0.539593	0.799146	0.598791	0.0530494	-0.284722	0.0345663	0.0423297	-0.998506	0.155965	
-0.600647	0.799402	0.0133958	-0.53948	0.798769	0.59928	0.0532159	-0.284402	0.0345131	0.0426641	-0.998493	0.155972	
-0.601124	0.799039	0.0136721	-0.539367	0.798413	0.599739	0.0533852	-0.284077	0.0344572	0.0430071	-0.99848	0.155977	
-0.601612	0.798666	0.0139581	-0.539251	0.798047	0.60021	0.0535512	-0.283758	0.0343918	0.0433563	-0.998468	0.155972	
-0.602112	0.798284	0.0142688	-0.539129	0.797673	0.600692	0.0537285	-0.283437	0.0343194	0.0437324	-0.998454	0.155957	
-0.60258	0.797925	0.0145802	-0.53901	0.797323	0.601141	0.0539072	-0.283116	0.0342491	0.0441086	-0.998439	0.155935	
-0.602983	0.797616	0.0148605	-0.538902	0.797022	0.601526	0.0540659	-0.282803	0.0341849	0.0444449	-0.998427	0.155923	
-0.603344	0.797337	0.0151633	-0.538787	0.796751	0.601869	0.0542414	-0.282482	0.0341224	0.0448076	-0.998413	0.1559	
-0.603684	0.797075	0.0154295	-0.538682	0.796496	0.602192	0.0543948	-0.282173	0.0340652	0.0451267	-0.9984	0.155887	
-0.603993	0.796835	0.015691	-0.538583	0.796264	0.602485	0.054546	-0.281858	0.0340106	0.0454396	-0.998388	0.155873	
-0.604241	0.796641	0.0159728	-0.538483	0.796078	0.602717	0.054708	-0.281528	0.0339556	0.0457724	-0.998375	0.155846	
-0.604436	0.796489	0.0162175	-0.538398	0.795932	0.602896	0.0548477	-0.281203	0.0339081	0.0460599	-0.998363	0.155827	
-0.604593	0.796364	0.0164624	-0.538315	0.795814	0.603039	0.0549882	-0.280872	0.0338632	0.0463465	-0.998351	0.155804	
-0.604742	0.796246	0.0167148	-0.538231	0.795704	0.603172	0.0551261	-0.280543	0.0338121	0.0466371	-0.998339	0.155769	
-0.604897	0.796123	0.0169658	-0.538147	0.795588	0.603312	0.0552644	-0.280215	0.0337616	0.046927	-0.998328	0.155737	
-0.605037	0.796012	0.0171799	-0.538084	0.795483	0.603439	0.055379	-0.279887	0.0337153	0.0471727	-0.998318	0.155713	
-0.605183	0.795896	0.0174337	-0.538005	0.795375	0.60357	0.0555177	-0.279554	0.0336639	0.0474646	-0.998305	0.155681	
-0.60532	0.795786	0.0177091	-0.537919	0.795273	0.603691	0.0556694	-0.279219	0.0336101	0.0477813	-0.998292	0.155641	
-0.605412	0.79571	0.0179456	-0.53785	0.795204	0.603769	0.0557989	-0.278887	0.0335648	0.0480517	-0.998281	0.155617	
-0.605481	0.795651	0.0181968	-0.537781	0.795153	0.603823	0.0559349	-0.278541	0.033517	0.0483368	-0.998269	0.155581	
-0.605541	0.795601	0.0184277	-0.537721	0.79511	0.603868	0.0560586	-0.278193	0.0334724	0.0485978	-0.998257	0.15555	
-0.605621	0.795535	0.0186373	-0.537672	0.795051	0.603937	0.056167	-0.27785	0.033427	0.0488335	-0.998247	0.155524	
-0.605736	0.795442	0.0188577	-0.537621	0.794965	0.604039	0.0562806	-0.277502	0.0333771	0.0490824	-0.998237	0.155493	
-0.605861	0.795342	0.0190772	-0.537571	0.794872	0.604151	0.05639	-0.277155	0.0333238	0.0493284	-0.998227	0.155457	
-0.605984	0.795243	0.0192696	-0.537529	0.79478	0.604263	0.0564878	-0.276809	0.0332776	0.0495458	-0.998217	0.155427	
-0.606102	0.795149	0.0194408	-0.537497	0.794692	0.604371	0.0565707	-0.276472	0.0332327	0.0497371	-0.998209	0.155402	
-0.606223	0.795053	0.0196169	-0.537462	0.794602	0.604481	0.0566551	-0.276137	0.0331857	0.0499333	-0.998201	0.155368	
-0.606341	0.794958	0.0198259	-0.537422	0.794514	0.604587	0.0567603	-0.27579	0.0331356	0.0501681	-0.998191	0.155332	
-0.606494	0.794835	0.0200342	-0.53739	0.794399	0.604728	0.0568612	-0.275444	0.0330801	0.0504011	-0.998181	0.155292	
-0.606694	0.794678	0.0202586	-0.537353	0.79425	0.604914	0.0569756	-0.275093	0.0330225	0.0506571	-0.99817	0.15526	
-0.606912	0.794505	0.0204833	-0.537317	0.794086	0.605119	0.0570879	-0.274745	0.0329618	0.0509128	-0.998159	0.155228	
-0.607098	0.794357	0.0207021	-0.537288	0.793945	0.605292	0.0571992	-0.27439	0.0329058	0.0511618	-0.998148	0.1552	
-0.607291	0.794203	0.0209313	-0.537252	0.7938	0.605472	0.0573158	-0.274035	0.0328471	0.0514227	-0.998137	0.155171	
-0.607505	0.794034	0.0211753	-0.537214	0.793639	0.605671	0.0574384	-0.273685	0.0327827	0.0516997	-0.998124	0.155137	
-0.607736	0.793851	0.0213993	-0.537182	0.793465	0.605889	0.0575527	-0.273343	0.0327226	0.0519564	-0.998113	0.155113	
-0.607954	0.793678	0.021639	-0.537155	0.793301	0.606093	0.0576735	-0.272991	0.032659	0.0522291	-0.998101	0.155082	
-0.608144	0.793524	0.0218961	-0.537121	0.793157	0.606268	0.0578027	-0.272636	0.032593	0.0525194	-0.998088	0.155041	
-0.608282	0.793412	0.0221417	-0.537092	0.793054	0.606391	0.0579246	-0.272286	0.0325316	0.052794	-0.998075	0.15501	
-0.608389	0.793324	0.0223577	-0.537075	0.792974	0.606485	0.0580308	-0.27194	0.0324776	0.0530344	-0.998064	0.154984	
-0.608474	0.793252	0.0225914	-0.537049	0.792911	0.606557	0.0581431	-0.271594	0.0324191	0.0532916	-0.998053	0.154955	
-0.608561	0.793179	0.0228047	-0.537028	0.792847	0.606631	0.0582428	-0.271257	0.0323629	0.0535249	-0.998042	0.154926	
-0.608641	0.793113	0.0229926	-0.53701	0.792788	0.606701	0.058326	-0.270932	0.0323094	0.0537278	-0.998033	0.154899	
-0.608682	0.793075	0.0231979	-0.536991	0.792758	0.60673	0.0584211	-0.2706	0.0322575	0.0539502	-0.998022	0.154862	
-0.608672	0.793076	0.0234367	-0.53697	0.792768	0.606706	0.058537	-0.270256	0.0322051	0.0542096	-0.99801	0.154818	
-0.608617	0.793111	0.0236653	-0.536957	0.792812	0.606638	0.0586412	-0.269908	0.0321527	0.0544522	-0.997999	0.154781	
