-0.689595	0.723433	-0.0332138	-0.535106	0.722612	0.690394	0.0344594	-0.370434	0.0478597	-0.00023768	-0.998854	0.147614	
-0.68957	0.723457	-0.0332145	-0.53512	0.722635	0.69037	0.0344615	-0.370416	0.0478617	-0.000238342	-0.998854	0.147615	
-0.689519	0.723505	-0.0332219	-0.535143	0.722683	0.690319	0.0344801	-0.370381	0.0478802	-0.000234208	-0.998853	0.147614	
-0.689388	0.723628	-0.0332594	-0.535217	0.722803	0.69019	0.0345569	-0.370273	0.0479616	-0.000216874	-0.998849	0.147611	
-0.689288	0.723723	-0.0332865	-0.535273	0.722894	0.690091	0.0346115	-0.370192	0.0480198	-0.000205309	-0.998846	0.147609	
-0.689223	0.723784	-0.0333007	-0.535309	0.722954	0.690027	0.0346418	-0.370139	0.0480516	-0.000198941	-0.998845	0.147608	
-0.689131	0.72387	-0.0333287	-0.53536	0.723038	0.689937	0.0346979	-0.370064	0.0481114	-0.000186497	-0.998842	0.147607	
-0.689022	0.723972	-0.0333681	-0.535422	0.723136	0.68983	0.0347764	-0.369973	0.0481955	-0.000167953	-0.998838	0.147603	
-0.68892	0.724067	-0.0334063	-0.535481	0.723228	0.689729	0.0348498	-0.369887	0.0482749	-0.000151678	-0.998834	0.147601	
-0.688812	0.724168	-0.0334434	-0.535541	0.723326	0.689624	0.0349151	-0.369799	0.0483477	-0.000140501	-0.998831	0.147601	
-0.688685	0.724287	-0.0334886	-0.535614	0.723442	0.689498	0.0349845	-0.369696	0.0484292	-0.000133785	-0.998827	0.147605	
-0.688534	0.724428	-0.0335451	-0.5357	0.723579	0.689351	0.0350642	-0.369574	0.0485258	-0.000129601	-0.998822	0.147612	
-0.688368	0.724583	-0.0336066	-0.535794	0.72373	0.689188	0.035149	-0.369441	0.0486296	-0.000126642	-0.998817	0.147621	
-0.688202	0.724738	-0.0336705	-0.535889	0.723881	0.689025	0.0352355	-0.369307	0.0487363	-0.000124317	-0.998812	0.14763	
-0.688035	0.724893	-0.0337295	-0.535984	0.724032	0.688861	0.0353241	-0.369173	0.0488411	-0.00011695	-0.998807	0.147636	
-0.687865	0.725052	-0.0337871	-0.53608	0.724186	0.688695	0.035418	-0.369035	0.0489489	-0.000105276	-0.998801	0.14764	
-0.687693	0.725213	-0.0338407	-0.536177	0.724343	0.688525	0.0355133	-0.368895	0.0490549	-9.00822e-05	-0.998796	0.14764	
-0.68751	0.725384	-0.0338933	-0.536278	0.724509	0.688345	0.0356061	-0.368748	0.0491584	-7.64891e-05	-0.998791	0.147642	
-0.687319	0.725562	-0.0339466	-0.536384	0.724683	0.688157	0.0356986	-0.368596	0.0492621	-6.42021e-05	-0.998786	0.147645	
-0.687124	0.725744	-0.0339986	-0.536492	0.724861	0.687965	0.0357918	-0.368439	0.0493656	-5.08688e-05	-0.998781	0.147647	
-0.686928	0.725928	-0.0340485	-0.5366	0.72504	0.687771	0.0358821	-0.368283	0.0494654	-3.81263e-05	-0.998776	0.147649	
-0.686725	0.726117	-0.0341017	-0.536711	0.725226	0.687571	0.0359714	-0.368122	0.0495668	-2.89294e-05	-0.998771	0.147653	
-0.686517	0.726311	-0.0341526	-0.536825	0.725416	0.687366	0.0360535	-0.367959	0.0496614	-2.35257e-05	-0.998766	0.147659	
-0.686312	0.726503	-0.0341991	-0.536936	0.725604	0.687164	0.0361324	-0.367799	0.0497507	-1.68531e-05	-0.998762	0.147664	
-0.686104	0.726698	-0.0342411	-0.537049	0.725795	0.686957	0.0362097	-0.367635	0.0498357	-8.41254e-06	-0.998757	0.147667	
-0.685887	0.7269	-0.0342825	-0.537166	0.725994	0.686743	0.0362944	-0.367464	0.0499256	4.95536e-06	-0.998753	0.147668	
-0.685663	0.727109	-0.0343242	-0.537287	0.726199	0.686521	0.0363788	-0.36729	0.0500157	1.74286e-05	-0.998748	0.147669	
-0.685437	0.727321	-0.0343696	-0.537409	0.726406	0.686298	0.0364689	-0.367111	0.0501124	3.08321e-05	-0.998744	0.14767	
-0.685205	0.727537	-0.0344175	-0.537534	0.726618	0.686069	0.036552	-0.366931	0.0502057	3.72418e-05	-0.998739	0.147676	
-0.684972	0.727754	-0.0344672	-0.537659	0.726832	0.685838	0.0366262	-0.366751	0.0502938	3.60204e-05	-0.998734	0.147686	
-0.684745	0.727965	-0.0345132	-0.53778	0.72704	0.685614	0.0366827	-0.36658	0.0503664	2.57983e-05	-0.998731	0.1477	
-0.684514	0.72818	-0.0345591	-0.537903	0.727253	0.685386	0.0367369	-0.366406	0.0504374	1.37655e-05	-0.998727	0.147715	
-0.684285	0.728394	-0.0345989	-0.538022	0.727464	0.685159	0.0367787	-0.366238	0.0504951	-2.37052e-06	-0.998724	0.147732	
-0.684055	0.728608	-0.0346233	-0.538132	0.727678	0.684931	0.0367954	-0.366082	0.050524	-2.4525e-05	-0.998723	0.147751	
-0.683819	0.728829	-0.0346331	-0.538239	0.7279	0.684695	0.0367865	-0.365933	0.0505242	-5.41271e-05	-0.998723	0.147772	
-0.683581	0.729052	-0.0346348	-0.538342	0.728125	0.684458	0.0367621	-0.365789	0.0505076	-8.8558e-05	-0.998724	0.147795	
-0.683345	0.729274	-0.0346331	-0.53844	0.728348	0.684222	0.0367248	-0.365652	0.0504792	-0.000129222	-0.998725	0.147821	
-0.683104	0.729499	-0.0346314	-0.53854	0.728577	0.683982	0.0366788	-0.365514	0.0504444	-0.00017618	-0.998727	0.147852	
-0.682866	0.729723	-0.0346317	-0.538638	0.728803	0.683743	0.0366172	-0.365381	0.0503996	-0.000235026	-0.998729	0.147888	
-0.682637	0.729937	-0.0346212	-0.538729	0.729022	0.683514	0.0365432	-0.36526	0.0503384	-0.000293872	-0.998732	0.147924	
-0.682411	0.730149	-0.0346052	-0.538815	0.729239	0.683287	0.0364574	-0.365145	0.0502647	-0.000356481	-0.998736	0.14796	
-0.68219	0.730356	-0.0345922	-0.538899	0.72945	0.683066	0.0363698	-0.365034	0.0501917	-0.000422135	-0.99874	0.147999	
-0.681975	0.730558	-0.0345778	-0.538979	0.729657	0.682851	0.0362773	-0.364928	0.0501142	-0.000489726	-0.998743	0.148039	
-0.681768	0.730752	-0.0345635	-0.539055	0.729855	0.682643	0.0361813	-0.364829	0.0500341	-0.000559143	-0.998747	0.148079	
-0.68157	0.730936	-0.0345551	-0.539129	0.730046	0.682445	0.036078	-0.364737	0.0499526	-0.000637084	-0.998751	0.148125	
-0.681374	0.73112	-0.0345453	-0.539201	0.730235	0.682248	0.0359722	-0.364646	0.0498684	-0.000715663	-0.998756	0.148171	
-0.68118	0.731301	-0.0345372	-0.539272	0.730422	0.682054	0.035862	-0.364558	0.0497822	-0.000798312	-0.99876	0.148219	
-0.680983	0.731485	-0.0345231	-0.539343	0.730612	0.681857	0.0357479	-0.364469	0.0496889	-0.000879262	-0.998764	0.148266	
-0.680786	0.731669	-0.0345007	-0.539409	0.730802	0.681659	0.0356207	-0.364388	0.0495803	-0.000963146	-0.99877	0.148313	
-0.680595	0.731848	-0.0344619	-0.539466	0.730989	0.681467	0.0354797	-0.364318	0.0494504	-0.00104389	-0.998776	0.148357	
-0.680406	0.732027	-0.0344161	-0.539517	0.731175	0.681275	0.0353238	-0.364256	0.0493048	-0.00112966	-0.998783	0.148403	
-0.680219	0.732203	-0.0343678	-0.539566	0.731359	0.681085	0.0351684	-0.364197	0.0491578	-0.00121298	-0.99879	0.148448	
-0.68003	0.73238	-0.0343283	-0.539618	0.731544	0.680895	0.035014	-0.364135	0.0490175	-0.00130204	-0.998797	0.148496	
-0.679848	0.732551	-0.0342911	-0.539669	0.731722	0.680711	0.0348677	-0.364074	0.0488847	-0.00138676	-0.998803	0.148543	
-0.679667	0.73272	-0.0342601	-0.539722	0.731898	0.680528	0.0347274	-0.36401	0.0487605	-0.00147188	-0.998809	0.14859	
-0.679486	0.732889	-0.0342302	-0.539777	0.732074	0.680346	0.0345938	-0.363943	0.0486418	-0.00155298	-0.998815	0.148635	
-0.679308	0.733057	-0.0341953	-0.539831	0.732248	0.680166	0.0344643	-0.363877	0.0485228	-0.00162755	-0.998821	0.148676	
-0.679132	0.733221	-0.0341514	-0.53988	0.732418	0.679988	0.0343371	-0.363812	0.0483992	-0.00169363	-0.998827	0.148711	
-0.678954	0.733389	-0.0340988	-0.539929	0.732593	0.679807	0.0342056	-0.363749	0.0482666	-0.00175656	-0.998833	0.148744	
-0.67877	0.733562	-0.0340302	-0.539973	0.732773	0.67962	0.034066	-0.363688	0.0481171	-0.00181337	-0.99884	0.148772	
-0.678592	0.733729	-0.0339645	-0.540015	0.732947	0.679439	0.0339257	-0.363631	0.0479691	-0.00187241	-0.998847	0.148802	
-0.678423	0.73389	-0.0338926	-0.540051	0.733114	0.679266	0.033795	-0.363575	0.0478239	-0.00191982	-0.998854	0.148826	
-0.678269	0.734034	-0.0338399	-0.54009	0.733263	0.67911	0.0336888	-0.363517	0.0477097	-0.00196345	-0.998859	0.148851	
-0.678127	0.734167	-0.0338051	-0.540133	0.733399	0.678967	0.0336225	-0.363446	0.047637	-0.00199227	-0.998863	0.148871	
-0.678	0.734285	-0.0337863	-0.540179	0.733519	0.678839	0.0335895	-0.363368	0.0475997	-0.0020092	-0.998864	0.148888	
-0.677884	0.734392	-0.0337765	-0.540226	0.733627	0.678722	0.0335853	-0.363283	0.0475896	-0.00201237	-0.998865	0.148898	
-0.677775	0.734494	-0.0337601	-0.540271	0.733728	0.678612	0.0335985	-0.363195	0.0475879	-0.00199851	-0.998865	0.1489	
-0.677665	0.734597	-0.033734	-0.540314	0.73383	0.678501	0.0336181	-0.363103	0.0475842	-0.00197323	-0.998865	0.148896	
-0.677558	0.734697	-0.0337004	-0.540353	0.733929	0.678393	0.0336401	-0.363014	0.0475774	-0.00194059	-0.998866	0.148888	
-0.677453	0.734796	-0.0336552	-0.540387	0.734026	0.678286	0.0336677	-0.362925	0.0475667	-0.00189548	-0.998866	0.148873	
-0.677356	0.734888	-0.033603	-0.540416	0.734117	0.678186	0.0337024	-0.362837	0.0475566	-0.00184004	-0.998867	0.148854	
-0.677257	0.734981	-0.0335464	-0.540443	0.734209	0.678085	0.0337334	-0.362751	0.0475408	-0.00178388	-0.998868	0.148835	
-0.677158	0.735075	-0.0334887	-0.540469	0.734302	0.677983	0.0337631	-0.362664	0.0475232	-0.0017279	-0.998869	0.148816	
-0.677053	0.735175	-0.0334224	-0.540495	0.7344	0.677876	0.0337929	-0.362575	0.0474999	-0.00166576	-0.99887	0.148794	
-0.676941	0.735281	-0.0333498	-0.540522	0.734505	0.67776	0.0338114	-0.362487	0.0474641	-0.00160724	-0.998872	0.148772	
-0.676833	0.735385	-0.0332652	-0.540541	0.734608	0.677648	0.0338248	-0.362405	0.0474164	-0.00154312	-0.998874	0.148747	
-0.676718	0.735495	-0.033174	-0.540559	0.734717	0.677529	0.0338353	-0.362322	0.047362	-0.00147661	-0.998877	0.148721	
-0.676597	0.735611	-0.0330756	-0.540577	0.734833	0.677403	0.0338443	-0.362237	0.0473018	-0.0014061	-0.99888	0.148694	
-0.676475	0.735728	-0.0329709	-0.540592	0.734949	0.677276	0.0338649	-0.362147	0.0472457	-0.0013232	-0.998882	0.148662	
-0.676348	0.735849	-0.0328558	-0.540604	0.735069	0.677144	0.0338896	-0.362052	0.0471857	-0.00123019	-0.998885	0.148627	
-0.676218	0.735974	-0.0327341	-0.540615	0.735193	0.677009	0.0339237	-0.361952	0.0471282	-0.00112606	-0.998888	0.148588	
-0.676088	0.736099	-0.032606	-0.540624	0.735316	0.676873	0.0339771	-0.361842	0.0470806	-0.00100421	-0.998891	0.148542	
-0.675962	0.736221	-0.0324784	-0.540631	0.735433	0.676741	0.0340495	-0.361726	0.0470475	-0.000869533	-0.998892	0.148494	
-0.675838	0.73634	-0.0323515	-0.540639	0.735548	0.676612	0.0341374	-0.361603	0.0470261	-0.000724755	-0.998893	0.148442	
-0.675718	0.736455	-0.0322283	-0.540646	0.735659	0.676486	0.0342405	-0.361476	0.0470186	-0.000572133	-0.998894	0.148389	
-0.6756	0.736569	-0.0321054	-0.540653	0.735767	0.676362	0.0343605	-0.361341	0.0470238	-0.000408108	-0.998894	0.148332	
-0.675484	0.736681	-0.0319868	-0.540661	0.735873	0.676241	0.0344909	-0.361203	0.0470396	-0.000240176	-0.998893	0.148274	
-0.67536	0.736799	-0.0318684	-0.540672	0.735985	0.676112	0.0346318	-0.361057	0.0470633	-6.56714e-05	-0.998892	0.148214	
-0.675231	0.736923	-0.0317504	-0.540686	0.736102	0.675977	0.0347769	-0.360906	0.0470904	0.000110945	-0.998891	0.148153	
-0.6751	0.737048	-0.0316354	-0.540701	0.73622	0.675841	0.0349244	-0.360754	0.0471215	0.000286872	-0.998889	0.148093	
-0.674967	0.737174	-0.0315265	-0.540719	0.736339	0.675703	0.0350769	-0.360599	0.0471603	0.00046158	-0.998887	0.148033	
-0.674833	0.737301	-0.031423	-0.540738	0.736459	0.675564	0.0352336	-0.360444	0.047206	0.000635118	-0.998885	0.147975	
-0.674695	0.737432	-0.0313179	-0.540759	0.736582	0.675421	0.0353984	-0.360283	0.0472567	0.000814924	-0.998882	0.147914	
-0.674552	0.737568	-0.0312108	-0.54078	0.73671	0.675273	0.0355681	-0.360117	0.0473097	0.000999204	-0.99888	0.147852	
-0.674398	0.737712	-0.0311061	-0.540808	0.736847	0.675114	0.035743	-0.359943	0.0473682	0.00118452	-0.998877	0.14779	
-0.674243	0.737858	-0.0310018	-0.540835	0.736985	0.674954	0.0359164	-0.359769	0.047426	0.00136856	-0.998874	0.147728	
-0.674088	0.738005	-0.0308928	-0.540862	0.737124	0.674793	0.0360896	-0.359594	0.0474806	0.00155571	-0.998871	0.147665	
-0.673932	0.738152	-0.0307822	-0.540888	0.737263	0.674632	0.0362627	-0.359418	0.047534	0.001744	-0.998868	0.147601	
-0.673769	0.738305	-0.0306753	-0.540919	0.737408	0.674464	0.0364331	-0.359239	0.0475881	0.00192728	-0.998865	0.147539	
-0.673607	0.738457	-0.0305761	-0.540953	0.737552	0.674298	0.036599	-0.359063	0.0476442	0.0021019	-0.998862	0.147481	
-0.673444	0.73861	-0.0304759	-0.540986	0.737698	0.67413	0.0367633	-0.358886	0.0476984	0.00227602	-0.998859	0.147422	
-0.67328	0.738764	-0.0303771	-0.541022	0.737844	0.67396	0.0369229	-0.35871	0.0477503	0.00244588	-0.998856	0.147365	
-0.673107	0.738925	-0.0302861	-0.541064	0.737998	0.673783	0.0370793	-0.35853	0.0478051	0.0026073	-0.998853	0.147311	
-0.672936	0.739084	-0.0301993	-0.541107	0.738151	0.673608	0.0372327	-0.358353	0.0478605	0.00276359	-0.99885	0.147259	
-0.672763	0.739245	-0.0301164	-0.541152	0.738304	0.673431	0.0373855	-0.358176	0.0479183	0.00291655	-0.998847	0.147208	
-0.672588	0.739407	-0.0300344	-0.541199	0.73846	0.673251	0.0375399	-0.357997	0.047978	0.00306964	-0.998844	0.147157	
-0.672407	0.739575	-0.029952	-0.541248	0.738621	0.673066	0.0376946	-0.357813	0.0480376	0.00322298	-0.99884	0.147106	
-0.672219	0.73975	-0.029872	-0.541302	0.738789	0.672873	0.0378475	-0.357625	0.0480978	0.00337271	-0.998837	0.147056	
-0.672025	0.739929	-0.0297981	-0.54136	0.738961	0.672676	0.0379961	-0.357437	0.0481589	0.00351468	-0.998833	0.147009	
-0.671825	0.740113	-0.0297231	-0.541421	0.739139	0.672472	0.038142	-0.357245	0.0482173	0.00365527	-0.99883	0.146962	
-0.671625	0.740297	-0.0296482	-0.541481	0.739317	0.672269	0.0382844	-0.357056	0.0482734	0.00379333	-0.998827	0.146917	
-0.671428	0.740479	-0.0295707	-0.541538	0.739492	0.672068	0.0384299	-0.356868	0.04833	0.00393561	-0.998824	0.146869	
-0.671224	0.740667	-0.0294984	-0.5416	0.739673	0.67186	0.0385797	-0.356674	0.0483935	0.00407648	-0.99882	0.146823	
-0.671016	0.740858	-0.0294335	-0.541667	0.739858	0.671648	0.0387276	-0.35648	0.0484606	0.00421028	-0.998816	0.146779	
-0.670804	0.741052	-0.0293755	-0.541737	0.740045	0.671433	0.0388731	-0.356284	0.0485307	0.00433702	-0.998812	0.146738	
-0.670584	0.741254	-0.0293165	-0.541812	0.74024	0.67121	0.0390181	-0.356084	0.0485998	0.00446365	-0.998808	0.146698	
-0.67036	0.741458	-0.0292651	-0.54189	0.740438	0.670983	0.0391565	-0.355883	0.0486693	0.00457996	-0.998804	0.14666	
-0.670133	0.741666	-0.0292197	-0.541973	0.74064	0.670753	0.0392816	-0.355686	0.048733	0.00468263	-0.998801	0.146628	
-0.669898	0.741879	-0.0291773	-0.542061	0.740848	0.670516	0.0393965	-0.355489	0.0487913	0.00477575	-0.998798	0.146598	
-0.669665	0.742092	-0.0291352	-0.542148	0.741055	0.670281	0.0395054	-0.355296	0.0488454	0.00486464	-0.998794	0.146569	
-0.669431	0.742304	-0.029094	-0.542235	0.741264	0.670045	0.0396023	-0.355108	0.0488912	0.00494468	-0.998792	0.146543	
-0.6692	0.742515	-0.0290459	-0.542319	0.74147	0.669811	0.0396938	-0.354925	0.0489285	0.00502642	-0.99879	0.146516	
-0.668964	0.742729	-0.0289973	-0.542403	0.741681	0.669572	0.0397811	-0.35474	0.0489624	0.00510536	-0.998788	0.14649	
-0.668722	0.742948	-0.0289538	-0.542493	0.741896	0.669329	0.0398785	-0.354547	0.0490073	0.00518696	-0.998785	0.146464	
-0.668478	0.74317	-0.0289067	-0.542582	0.742113	0.669082	0.0399693	-0.354356	0.0490449	0.00526655	-0.998783	0.146438	
-0.66823	0.743395	-0.0288579	-0.542672	0.742334	0.668832	0.0400532	-0.354164	0.0490764	0.00534251	-0.998781	0.146413	
-0.667974	0.743627	-0.0288124	-0.542767	0.742563	0.668573	0.0401303	-0.353971	0.0491052	0.00541099	-0.998779	0.14639	
-0.667714	0.743862	-0.0287649	-0.542862	0.742795	0.668311	0.0401989	-0.353781	0.0491263	0.00547497	-0.998778	0.146369	
-0.667452	0.744099	-0.0287152	-0.542957	0.74303	0.668046	0.0402587	-0.353593	0.0491396	0.00553447	-0.998777	0.146349	
-0.66719	0.744336	-0.0286564	-0.543047	0.743265	0.667782	0.0403035	-0.353413	0.0491356	0.0055908	-0.998776	0.146329	
-0.666935	0.744567	-0.0286019	-0.543137	0.743494	0.667524	0.0403484	-0.353236	0.0491346	0.0056444	-0.998776	0.14631	
-0.666672	0.744804	-0.0285529	-0.543231	0.743729	0.667259	0.0403921	-0.353056	0.0491364	0.00569266	-0.998776	0.146293	
-0.666403	0.745047	-0.0284995	-0.543327	0.743971	0.666988	0.0404386	-0.35287	0.0491374	0.00574566	-0.998775	0.146275	
-0.666138	0.745285	-0.0284486	-0.543422	0.744208	0.666721	0.0404741	-0.352691	0.049132	0.00578971	-0.998776	0.146259	
-0.66587	0.745527	-0.0283933	-0.543517	0.744449	0.666449	0.0404992	-0.352513	0.049116	0.00582985	-0.998776	0.146245	
-0.665602	0.745769	-0.0283336	-0.54361	0.744691	0.666179	0.0405137	-0.35234	0.0490891	0.0058662	-0.998777	0.146231	
-0.665329	0.746015	-0.0282773	-0.543706	0.744937	0.665903	0.0405179	-0.352169	0.0490569	0.00589296	-0.998779	0.146221	
-0.665055	0.746261	-0.0282188	-0.543802	0.745184	0.665627	0.0405123	-0.352002	0.0490159	0.0059147	-0.99878	0.146211	
-0.664783	0.746506	-0.0281519	-0.543894	0.74543	0.665353	0.0404922	-0.351841	0.0489586	0.00593325	-0.998783	0.146203	
-0.664503	0.746758	-0.0280806	-0.543987	0.745685	0.665069	0.0404673	-0.351678	0.0488948	0.00595138	-0.998786	0.146194	
-0.664212	0.747019	-0.0280113	-0.544085	0.745948	0.664775	0.0404378	-0.35151	0.048829	0.00596426	-0.998789	0.146187	
-0.663923	0.747279	-0.0279385	-0.544181	0.74621	0.664484	0.0403983	-0.351348	0.0487534	0.00597339	-0.998793	0.146181	
-0.663636	0.747536	-0.0278677	-0.544277	0.74647	0.664194	0.0403561	-0.351187	0.0486772	0.00597936	-0.998797	0.146176	
-0.663356	0.747788	-0.0277946	-0.544369	0.746725	0.663911	0.0403119	-0.351031	0.0485979	0.00598622	-0.9988	0.14617	
-0.66308	0.748035	-0.0277231	-0.54446	0.746974	0.663632	0.0402688	-0.350877	0.0485204	0.00599299	-0.998804	0.146165	
-0.662809	0.748277	-0.0276522	-0.54455	0.74722	0.663359	0.0402251	-0.350726	0.0484429	0.00599927	-0.998808	0.14616	
-0.662544	0.748515	-0.027585	-0.544639	0.74746	0.66309	0.0401832	-0.350576	0.0483691	0.00600437	-0.998811	0.146155	
-0.662279	0.748752	-0.0275211	-0.54473	0.747699	0.662823	0.0401433	-0.350426	0.048299	0.00600856	-0.998815	0.146151	
-0.662005	0.748997	-0.0274535	-0.544823	0.747947	0.662546	0.0401004	-0.35027	0.0482242	0.0060129	-0.998818	0.146146	
-0.661735	0.749238	-0.0273747	-0.54491	0.748192	0.662273	0.0400414	-0.350123	0.0481301	0.00601525	-0.998823	0.146141	
-0.661466	0.749478	-0.027287	-0.544992	0.748436	0.662001	0.0399673	-0.349985	0.0480186	0.00601444	-0.998828	0.146137	
-0.661189	0.749727	-0.0271921	-0.545073	0.748689	0.66172	0.0398916	-0.349845	0.0479014	0.00601749	-0.998834	0.146131	
-0.660919	0.749968	-0.0270914	-0.545149	0.748935	0.661447	0.0398131	-0.349709	0.0477781	0.00602355	-0.99884	0.146124	
-0.660645	0.750214	-0.0269795	-0.545223	0.749185	0.661168	0.03973	-0.349571	0.0476439	0.0060348	-0.998846	0.146115	
-0.660369	0.750461	-0.0268529	-0.545291	0.749438	0.660887	0.0396343	-0.349438	0.0474907	0.00604869	-0.998853	0.146104	
-0.660088	0.750714	-0.0267077	-0.545353	0.749697	0.6606	0.0395246	-0.349307	0.0473148	0.00606707	-0.998862	0.14609	
-0.659792	0.750979	-0.0265524	-0.545417	0.749969	0.660298	0.0394074	-0.349172	0.0471267	0.0060872	-0.99887	0.146076	
-0.659503	0.751239	-0.0263761	-0.545468	0.750237	0.660002	0.0392689	-0.349051	0.0469087	0.00610961	-0.998881	0.146059	
-0.659213	0.7515	-0.0261879	-0.545513	0.750507	0.659705	0.0391083	-0.348941	0.0466661	0.00612651	-0.998892	0.146044	
-0.658928	0.751757	-0.025992	-0.545554	0.750773	0.659411	0.0389471	-0.348832	0.0464182	0.00614919	-0.998903	0.146026	
-0.658643	0.752013	-0.0257994	-0.545595	0.751038	0.659119	0.0387825	-0.348725	0.0461698	0.00616756	-0.998915	0.14601	
-0.658357	0.75227	-0.0256106	-0.54564	0.751303	0.658826	0.0386341	-0.348608	0.0459362	0.00619369	-0.998925	0.145992	
-0.65807	0.752527	-0.0254276	-0.545688	0.751568	0.658532	0.0384906	-0.348487	0.0457101	0.00621891	-0.998935	0.145975	
-0.65779	0.752778	-0.0252539	-0.545737	0.751826	0.658245	0.038361	-0.348363	0.0455006	0.00624694	-0.998945	0.145958	
-0.657517	0.753022	-0.0250927	-0.545788	0.752076	0.657966	0.038243	-0.348237	0.0453079	0.00627384	-0.998953	0.145944	
-0.657265	0.753246	-0.024946	-0.545836	0.752306	0.657708	0.0381417	-0.348116	0.0451373	0.00630223	-0.998961	0.14593	
-0.657029	0.753457	-0.0248088	-0.545881	0.752522	0.657467	0.0380542	-0.347999	0.0449831	0.00633354	-0.998968	0.145916	
-0.656804	0.753657	-0.0246877	-0.545929	0.752726	0.657237	0.0379845	-0.347878	0.044853	0.00636525	-0.998973	0.145904	
-0.656586	0.753851	-0.0245715	-0.545976	0.752923	0.657015	0.0379313	-0.347755	0.0447383	0.00640472	-0.998978	0.145889	
-0.656369	0.754044	-0.0244545	-0.546025	0.753119	0.656793	0.0378918	-0.347624	0.0446336	0.00645382	-0.998983	0.145871	
-0.656157	0.754232	-0.0243422	-0.546073	0.753309	0.656576	0.0378622	-0.347491	0.0445394	0.00650636	-0.998986	0.145852	
-0.65595	0.754416	-0.0242226	-0.546117	0.753495	0.656364	0.0378417	-0.347358	0.0444472	0.00657068	-0.99899	0.145827	
-0.655745	0.754598	-0.0241028	-0.546161	0.753678	0.656154	0.0378268	-0.347223	0.0443592	0.00663903	-0.998994	0.145801	
-0.655547	0.754774	-0.0239843	-0.546202	0.753855	0.655951	0.0378198	-0.347089	0.044278	0.00671196	-0.998997	0.145775	
-0.655361	0.754939	-0.0238607	-0.546234	0.754022	0.65576	0.0378087	-0.346966	0.0441901	0.0067868	-0.999	0.145747	
-0.655173	0.755105	-0.0237427	-0.546269	0.75419	0.655568	0.0378032	-0.346837	0.0441103	0.00686113	-0.999003	0.145722	
-0.654979	0.755278	-0.0236289	-0.546309	0.754363	0.655368	0.0378069	-0.3467	0.0440403	0.00693797	-0.999006	0.145696	
-0.654782	0.755453	-0.0235028	-0.546345	0.754538	0.655166	0.0378177	-0.346558	0.0439677	0.0070286	-0.999008	0.145665	
-0.654579	0.755633	-0.0233692	-0.546381	0.754719	0.654957	0.0378278	-0.346413	0.0438897	0.00712405	-0.999011	0.145631	
-0.654377	0.755812	-0.0232237	-0.546411	0.7549	0.654749	0.0378255	-0.346276	0.0437946	0.00722056	-0.999014	0.145595	
-0.654178	0.755989	-0.0230626	-0.546434	0.755078	0.654544	0.0378169	-0.346146	0.0436846	0.00732492	-0.999018	0.145554	
-0.653982	0.756164	-0.0228957	-0.546452	0.755254	0.65434	0.0378088	-0.346018	0.0435713	0.00743419	-0.999023	0.145512	
-0.653789	0.756336	-0.0227254	-0.546467	0.755428	0.65414	0.0377996	-0.345892	0.0434548	0.00754554	-0.999027	0.145469	
-0.653602	0.756503	-0.0225516	-0.546479	0.755597	0.653946	0.0377907	-0.345769	0.0433363	0.00766018	-0.999031	0.145425	
-0.653415	0.756669	-0.0223767	-0.546488	0.755765	0.653752	0.0377825	-0.345646	0.0432176	0.00777617	-0.999035	0.145382	
-0.653223	0.75684	-0.022203	-0.546501	0.755938	0.653553	0.0377792	-0.345517	0.0431036	0.00789418	-0.999039	0.145338	
-0.653023	0.757018	-0.0220294	-0.546517	0.756117	0.653345	0.0377815	-0.34538	0.0429941	0.00801539	-0.999043	0.145294	
-0.652824	0.757194	-0.0218516	-0.546529	0.756295	0.653139	0.0377802	-0.345245	0.0428791	0.00813753	-0.999047	0.14525	
-0.652625	0.757371	-0.0216676	-0.546539	0.756474	0.652932	0.0377719	-0.345114	0.0427548	0.00825993	-0.999051	0.145206	
-0.652434	0.757541	-0.0214762	-0.546541	0.756646	0.652733	0.0377587	-0.34499	0.0426219	0.00838518	-0.999056	0.145161	
-0.652256	0.7577	-0.0212839	-0.546536	0.756807	0.652548	0.0377471	-0.344874	0.0424897	0.00851297	-0.999061	0.145115	
-0.652082	0.757855	-0.0210952	-0.546532	0.756964	0.652366	0.0377421	-0.344757	0.0423648	0.00864262	-0.999065	0.14507	
-0.651912	0.758006	-0.0209138	-0.546528	0.757116	0.652188	0.0377467	-0.344637	0.042252	0.00877335	-0.999068	0.145026	
-0.651747	0.758152	-0.0207383	-0.546524	0.757264	0.652017	0.037761	-0.344515	0.0421503	0.00890623	-0.999072	0.144982	
-0.651587	0.758295	-0.0205695	-0.546521	0.757407	0.651849	0.0377863	-0.344391	0.0420614	0.00904156	-0.999074	0.144939	
-0.651434	0.758431	-0.0203999	-0.546516	0.757543	0.651688	0.0378228	-0.344265	0.0419804	0.0091852	-0.999076	0.144892	
-0.651279	0.758568	-0.0202292	-0.546511	0.75768	0.651527	0.03786	-0.344138	0.0418992	0.00933021	-0.999078	0.144844	
-0.651132	0.758699	-0.0200591	-0.546503	0.757811	0.651372	0.0378967	-0.344018	0.0418181	0.00947476	-0.99908	0.144797	
-0.650987	0.758828	-0.0198846	-0.546492	0.757941	0.65122	0.0379228	-0.343903	0.0417262	0.00961591	-0.999083	0.14475	
-0.650842	0.758957	-0.0197037	-0.546478	0.758071	0.651067	0.0379441	-0.343791	0.0416264	0.00975881	-0.999086	0.144701	
-0.650697	0.759086	-0.0195169	-0.546461	0.758202	0.650914	0.037955	-0.343685	0.041515	0.00989944	-0.999089	0.144653	
-0.650553	0.759214	-0.0193348	-0.546444	0.758331	0.650763	0.0379576	-0.343584	0.0414003	0.0100313	-0.999092	0.144608	
-0.650415	0.759338	-0.0191499	-0.546424	0.758456	0.650617	0.0379621	-0.343486	0.0412853	0.0101668	-0.999096	0.144563	
-0.650278	0.759459	-0.0189696	-0.546404	0.758579	0.650473	0.0379725	-0.343385	0.0411778	0.0103028	-0.999099	0.144518	
-0.650144	0.759578	-0.018798	-0.546386	0.7587	0.650332	0.0379839	-0.343285	0.0410767	0.010433	-0.999102	0.144477	
-0.650012	0.759696	-0.0186251	-0.546367	0.758819	0.650193	0.0379953	-0.343185	0.0409748	0.0105643	-0.999104	0.144436	
-0.649888	0.759806	-0.0184518	-0.546342	0.75893	0.650062	0.0380072	-0.343092	0.0408729	0.0106968	-0.999107	0.144396	
-0.649771	0.75991	-0.0182778	-0.546314	0.759035	0.649938	0.0380241	-0.342999	0.0407744	0.0108335	-0.99911	0.144355	
-0.649659	0.76001	-0.0181053	-0.546283	0.759137	0.649818	0.0380471	-0.342906	0.0406813	0.0109732	-0.999112	0.144314	
-0.649553	0.760105	-0.0179258	-0.546246	0.759232	0.649705	0.0380792	-0.342814	0.0405907	0.0111246	-0.999114	0.14427	
-0.649444	0.760202	-0.0177584	-0.546214	0.75933	0.649589	0.038104	-0.342722	0.0405024	0.0112619	-0.999116	0.144234	
-0.649343	0.760292	-0.0175904	-0.546176	0.75942	0.649482	0.0381359	-0.342633	0.040419	0.0114048	-0.999118	0.144196	
-0.649247	0.760378	-0.0174238	-0.546137	0.759507	0.649378	0.0381715	-0.342545	0.0403394	0.0115493	-0.999119	0.144158	
-0.649151	0.760463	-0.0172593	-0.546095	0.759593	0.649275	0.0382118	-0.342456	0.0402647	0.0116952	-0.999121	0.144122	
-0.649061	0.760544	-0.0170992	-0.546053	0.759674	0.649178	0.0382637	-0.342365	0.0402016	0.0118457	-0.999121	0.144086	
-0.648974	0.760622	-0.0169447	-0.546009	0.75975	0.649085	0.0383209	-0.342274	0.0401463	0.0119955	-0.999122	0.144051	
-0.648892	0.760696	-0.0167961	-0.545966	0.759824	0.648995	0.0383859	-0.342181	0.0401005	0.0121462	-0.999122	0.144018	
-0.648812	0.760767	-0.0166463	-0.54592	0.759894	0.648909	0.0384614	-0.342086	0.0400621	0.0123048	-0.999121	0.143982	
-0.648741	0.76083	-0.0165088	-0.545874	0.759956	0.648831	0.0385403	-0.341995	0.0400341	0.0124567	-0.999121	0.143951	
-0.648668	0.760895	-0.0163723	-0.545829	0.760019	0.648752	0.0386275	-0.341899	0.0400131	0.0126132	-0.99912	0.143919	
-0.648592	0.760963	-0.0162382	-0.545785	0.760085	0.64867	0.0387186	-0.341802	0.0399967	0.0127702	-0.999118	0.143887	
-0.648517	0.76103	-0.0160958	-0.54574	0.76015	0.648587	0.0388137	-0.341702	0.039978	0.0129361	-0.999117	0.14385	
-0.64844	0.761099	-0.0159493	-0.545694	0.760216	0.648504	0.0389148	-0.341597	0.0399611	0.013109	-0.999115	0.14381	
-0.648366	0.761165	-0.0158031	-0.545645	0.760281	0.648422	0.0390099	-0.341497	0.03994	0.0132778	-0.999114	0.143775	
-0.648289	0.761233	-0.0156629	-0.545598	0.760347	0.648339	0.0391025	-0.341397	0.0399209	0.0134405	-0.999112	0.143742	
-0.64822	0.761295	-0.0155187	-0.545546	0.760407	0.648263	0.039198	-0.341298	0.0399015	0.0136083	-0.999111	0.14371	
-0.648148	0.76136	-0.015367	-0.545489	0.76047	0.648183	0.0392936	-0.341198	0.0398772	0.0137819	-0.99911	0.143677	
-0.64808	0.76142	-0.0152234	-0.54543	0.760529	0.648109	0.0393827	-0.341102	0.0398532	0.0139453	-0.999108	0.143651	
-0.648008	0.761485	-0.0150801	-0.545373	0.760592	0.64803	0.0394754	-0.341002	0.0398323	0.0141106	-0.999107	0.143626	
-0.647934	0.76155	-0.0149283	-0.545311	0.760655	0.647948	0.0395738	-0.340899	0.0398102	0.0142859	-0.999105	0.143598	
-0.647859	0.761616	-0.0147847	-0.545252	0.76072	0.647867	0.039675	-0.340793	0.0397957	0.0144568	-0.999103	0.143574	
-0.647787	0.761681	-0.0146395	-0.545191	0.760782	0.647787	0.0397895	-0.340683	0.0397902	0.0146377	-0.999101	0.143547	
-0.647713	0.761746	-0.0144971	-0.545131	0.760844	0.647706	0.0399093	-0.34057	0.0397906	0.0148198	-0.999098	0.143521	
-0.647633	0.761817	-0.0143484	-0.545067	0.760912	0.647618	0.0400425	-0.34045	0.0397973	0.015015	-0.999095	0.143491	
-0.647558	0.761884	-0.0141978	-0.544998	0.760976	0.647535	0.0401795	-0.340332	0.0398057	0.0152144	-0.999092	0.143462	
-0.647471	0.76196	-0.0140627	-0.544935	0.761048	0.647441	0.0403151	-0.340211	0.0398233	0.0154005	-0.999088	0.143441	
-0.647386	0.762035	-0.0139305	-0.544871	0.76112	0.647349	0.0404503	-0.340092	0.0398424	0.0155842	-0.999084	0.143422	
-0.647285	0.762124	-0.0137964	-0.544805	0.761205	0.647239	0.0405956	-0.339963	0.0398685	0.015775	-0.99908	0.143404	
-0.647172	0.762222	-0.0136593	-0.544737	0.761299	0.647119	0.0407458	-0.339831	0.0398965	0.0159707	-0.999076	0.143387	
-0.647045	0.762331	-0.013529	-0.544671	0.761405	0.646985	0.0408977	-0.339695	0.0399307	0.0161616	-0.999072	0.143374	
-0.646906	0.762452	-0.0133947	-0.544604	0.761521	0.646838	0.0410568	-0.339554	0.039968	0.0163595	-0.999067	0.143359	
-0.64676	0.762578	-0.0132628	-0.544535	0.761643	0.646684	0.0412182	-0.339412	0.0400089	0.0165568	-0.999062	0.143346	
-0.646611	0.762707	-0.0131278	-0.544464	0.761767	0.646528	0.0413812	-0.339268	0.0400492	0.0167572	-0.999057	0.143334	
-0.64646	0.762838	-0.0129877	-0.54439	0.761894	0.646367	0.041555	-0.339117	0.0400946	0.0169684	-0.999052	0.143322	
-0.646297	0.762978	-0.0128609	-0.544318	0.762029	0.646197	0.0417268	-0.338966	0.0401473	0.0171675	-0.999046	0.143317	
-0.646114	0.763134	-0.012744	-0.544251	0.762181	0.646007	0.0418993	-0.338808	0.0402075	0.0173585	-0.999041	0.143318	
-0.64592	0.763301	-0.0126208	-0.544185	0.762342	0.645805	0.0420845	-0.338642	0.0402737	0.0175618	-0.999034	0.143314	
-0.645714	0.763477	-0.012504	-0.544122	0.762513	0.645591	0.0422684	-0.338473	0.0403434	0.0177588	-0.999028	0.143314	
-0.645496	0.763663	-0.0123989	-0.544063	0.762694	0.645365	0.0424506	-0.338302	0.0404198	0.0179451	-0.999022	0.143321	
-0.645254	0.763869	-0.0122817	-0.544001	0.762894	0.645116	0.0426452	-0.338123	0.0404985	0.0181473	-0.999015	0.143321	
-0.645006	0.764081	-0.0121671	-0.543938	0.7631	0.644859	0.0428399	-0.337942	0.0405792	0.0183473	-0.999008	0.143325	
-0.644743	0.764305	-0.0120356	-0.543867	0.763317	0.644588	0.0430482	-0.337753	0.0406599	0.0185681	-0.999	0.143324	
-0.644471	0.764536	-0.0119171	-0.543801	0.763542	0.644308	0.043252	-0.337564	0.040746	0.0187755	-0.998993	0.143329	
-0.644195	0.76477	-0.0118244	-0.543742	0.76377	0.644024	0.043447	-0.337375	0.0408422	0.0189572	-0.998986	0.143349	
-0.643917	0.765006	-0.0117197	-0.54368	0.763999	0.643739	0.0436529	-0.337179	0.0409391	0.019155	-0.998978	0.143363	
-0.643647	0.765235	-0.0116138	-0.543617	0.764222	0.64346	0.0438666	-0.33698	0.0410412	0.0193591	-0.99897	0.143377	
-0.643379	0.765462	-0.0115004	-0.543551	0.764441	0.643184	0.0440884	-0.336775	0.0411448	0.0195741	-0.998961	0.143387	
-0.643109	0.76569	-0.0113956	-0.543487	0.764663	0.642906	0.0443054	-0.336571	0.0412505	0.0197794	-0.998953	0.143403	
-0.642862	0.765899	-0.0112872	-0.543419	0.764864	0.64265	0.0445328	-0.336364	0.0413613	0.0199953	-0.998944	0.143418	
-0.642615	0.766108	-0.0111692	-0.543349	0.765066	0.642393	0.0447756	-0.336145	0.041478	0.0202283	-0.998935	0.143428	
-0.642363	0.766321	-0.0110716	-0.543283	0.765271	0.642133	0.0450113	-0.335924	0.0416025	0.0204408	-0.998925	0.143453	
-0.642112	0.766532	-0.0109794	-0.543217	0.765474	0.641874	0.045243	-0.335704	0.0417276	0.0206467	-0.998916	0.143483	
-0.641863	0.766742	-0.0108964	-0.543156	0.765676	0.641617	0.0454711	-0.335481	0.0418559	0.0208431	-0.998906	0.143518	
-0.641612	0.766953	-0.0107867	-0.543087	0.76588	0.641357	0.0457143	-0.335252	0.0419789	0.0210696	-0.998896	0.143539	
-0.641362	0.767164	-0.0106795	-0.543019	0.766083	0.641097	0.0459573	-0.335021	0.0421034	0.0212939	-0.998886	0.143562	
-0.641107	0.767379	-0.0105656	-0.542948	0.766289	0.640833	0.0462071	-0.334784	0.0422291	0.0215274	-0.998876	0.143584	
-0.640852	0.767593	-0.0104682	-0.542883	0.766495	0.640568	0.0464481	-0.334546	0.0423589	0.0217425	-0.998866	0.143616	
-0.640594	0.76781	-0.0103642	-0.542811	0.766704	0.640302	0.0466846	-0.334308	0.0424811	0.0219596	-0.998856	0.143652	
-0.640338	0.768025	-0.0102499	-0.542733	0.766911	0.640036	0.046926	-0.334065	0.0426006	0.0221877	-0.998846	0.143687	
-0.640072	0.768247	-0.0101506	-0.542661	0.767126	0.639761	0.0471527	-0.333824	0.0427189	0.0223944	-0.998836	0.143732	
-0.639806	0.768471	-0.0100524	-0.54259	0.767342	0.639485	0.0473738	-0.333586	0.0428337	0.0225964	-0.998827	0.143778	
-0.639548	0.768687	-0.00991833	-0.542502	0.767551	0.639217	0.0476031	-0.333351	0.0429319	0.0228316	-0.998817	0.143808	
-0.639295	0.768899	-0.00979234	-0.542417	0.767757	0.638954	0.0478207	-0.333118	0.0430261	0.0230534	-0.998808	0.143845	
-0.639051	0.769103	-0.00968177	-0.542337	0.767954	0.638701	0.0480359	-0.332882	0.0431283	0.0232623	-0.998799	0.143891	
-0.63881	0.769306	-0.00954655	-0.542248	0.76815	0.638449	0.0482654	-0.332641	0.0432258	0.0234992	-0.998789	0.143925	
-0.638559	0.769515	-0.00941726	-0.54216	0.768352	0.638187	0.0485017	-0.332393	0.0433328	0.0237354	-0.998779	0.143964	
-0.638316	0.769718	-0.00928445	-0.542069	0.768548	0.637934	0.0487326	-0.332149	0.0434332	0.0239713	-0.998769	0.144003	
-0.638081	0.769915	-0.00914229	-0.541976	0.768737	0.637687	0.0489699	-0.331902	0.0435326	0.0242188	-0.998758	0.144036	
-0.637854	0.770105	-0.00899645	-0.541878	0.76892	0.637447	0.0492205	-0.331648	0.0436397	0.0244779	-0.998747	0.144069	
-0.637621	0.770299	-0.00884887	-0.541779	0.769107	0.637203	0.0494744	-0.331391	0.0437486	0.0247402	-0.998736	0.144102	
-0.637403	0.770482	-0.0086834	-0.541672	0.769281	0.636971	0.0497421	-0.33113	0.0438564	0.0250258	-0.998724	0.144127	
-0.637201	0.770651	-0.00850469	-0.541555	0.769443	0.636754	0.0500139	-0.330871	0.0439587	0.025325	-0.998712	0.144147	
-0.637006	0.770814	-0.00832974	-0.541442	0.769599	0.636545	0.0502825	-0.330613	0.0440607	0.0256197	-0.9987	0.144167	
-0.636812	0.770976	-0.0081475	-0.541329	0.769753	0.636337	0.0505599	-0.330347	0.044165	0.0259256	-0.998688	0.144184	
-0.636622	0.771135	-0.00796712	-0.541217	0.769905	0.636131	0.0508363	-0.330077	0.0442698	0.0262296	-0.998675	0.144204	
-0.636433	0.771292	-0.00778073	-0.5411	0.770054	0.635927	0.0511127	-0.329806	0.0443708	0.0265382	-0.998663	0.144224	
-0.636249	0.771446	-0.0075791	-0.540971	0.770201	0.635727	0.0514009	-0.329532	0.0444712	0.0268663	-0.998649	0.144241	
-0.636061	0.771604	-0.0073793	-0.540842	0.770351	0.635522	0.0516853	-0.329263	0.0445703	0.0271904	-0.998636	0.144258	
-0.635857	0.771774	-0.0071726	-0.540714	0.770513	0.635301	0.0519789	-0.328988	0.0446727	0.0275246	-0.998622	0.14427	
-0.63564	0.771955	-0.00693356	-0.540573	0.770686	0.635065	0.0522941	-0.328701	0.0447719	0.0278966	-0.998608	0.144267	
-0.63541	0.772146	-0.00668911	-0.540431	0.77087	0.634816	0.05261	-0.328414	0.0448689	0.0282725	-0.998593	0.144262	
-0.635167	0.772348	-0.00642207	-0.540282	0.771065	0.634552	0.052943	-0.328119	0.0449656	0.0286758	-0.998577	0.144246	
-0.634916	0.772556	-0.00616335	-0.540138	0.771266	0.634281	0.0532697	-0.327826	0.0450631	0.0290682	-0.998561	0.144231	
-0.634652	0.772776	-0.00591224	-0.540002	0.771478	0.633995	0.0535892	-0.327531	0.0451608	0.0294493	-0.998546	0.144218	
-0.634407	0.772979	-0.00562114	-0.53985	0.771674	0.633728	0.0539328	-0.327229	0.0452512	0.0298776	-0.998529	0.144188	
-0.634163	0.773181	-0.00533589	-0.539699	0.771869	0.633462	0.0542683	-0.326929	0.0453393	0.0302963	-0.998512	0.144161	
-0.633919	0.773383	-0.00507346	-0.539551	0.772064	0.633195	0.0545972	-0.326632	0.045437	0.0306931	-0.998496	0.144149	
-0.633673	0.773586	-0.00479737	-0.5394	0.77226	0.632927	0.0549374	-0.326328	0.0455352	0.0311075	-0.998478	0.14413	
-0.633428	0.773788	-0.00452465	-0.53925	0.772455	0.63266	0.0552749	-0.326027	0.0456337	0.0315176	-0.998461	0.144111	
-0.633189	0.773986	-0.00421551	-0.539086	0.772646	0.632395	0.0556304	-0.32572	0.045723	0.0319674	-0.998443	0.144075	
-0.63295	0.774183	-0.00391942	-0.538926	0.772836	0.632132	0.055972	-0.32542	0.0458102	0.0323984	-0.998425	0.144046	
-0.632708	0.774382	-0.00362461	-0.538768	0.773029	0.631866	0.0563202	-0.325112	0.0459036	0.0328323	-0.998406	0.144018	
-0.632461	0.774585	-0.00331933	-0.538609	0.773225	0.631594	0.05668	-0.324797	0.0459999	0.0332813	-0.998387	0.143984	
-0.632197	0.774802	-0.00302874	-0.538462	0.773435	0.631305	0.0570366	-0.324476	0.0461041	0.0337158	-0.998367	0.143954	
-0.631924	0.775025	-0.00273122	-0.538313	0.773651	0.631006	0.0574028	-0.324149	0.046212	0.0341612	-0.998347	0.14392	
-0.631637	0.77526	-0.00243802	-0.538166	0.773879	0.630693	0.0577627	-0.323822	0.0463188	0.0345983	-0.998327	0.14389	
-0.631341	0.775503	-0.00217626	-0.538028	0.774114	0.630374	0.0581036	-0.323499	0.0464314	0.0349985	-0.998308	0.143879	
-0.631033	0.775754	-0.00193358	-0.537898	0.774358	0.630043	0.0584389	-0.323177	0.0465524	0.0353796	-0.998289	0.143876	
-0.630711	0.776016	-0.00168863	-0.537769	0.774613	0.629699	0.0587736	-0.322856	0.0466726	0.0357611	-0.99827	0.143871	
-0.630385	0.776281	-0.00143832	-0.537637	0.774871	0.62935	0.0591097	-0.322539	0.0467909	0.0361474	-0.99825	0.143861	
-0.63006	0.776546	-0.0011936	-0.537508	0.775129	0.629001	0.0594387	-0.322222	0.0469076	0.0365247	-0.998231	0.143855	
-0.62972	0.776821	-0.000955069	-0.537382	0.775397	0.628639	0.0597636	-0.321906	0.047026	0.0368938	-0.998212	0.143852	
-0.629365	0.777109	-0.000733095	-0.537263	0.775678	0.628263	0.060081	-0.321589	0.0471501	0.0372443	-0.998193	0.143857	
-0.629011	0.777396	-0.000508174	-0.537148	0.775957	0.627887	0.0604084	-0.32127	0.0472803	0.0376033	-0.998174	0.143855	
-0.628656	0.777684	-0.00028888	-0.537036	0.776237	0.627509	0.0607359	-0.320948	0.0474146	0.0379578	-0.998154	0.143855	
-0.628286	0.777982	-8.7575e-05	-0.536931	0.776527	0.627118	0.0610611	-0.320622	0.0475594	0.0382958	-0.998134	0.143864	
-0.627925	0.778274	0.000104912	-0.536829	0.77681	0.626736	0.0613838	-0.320296	0.0477077	0.0386259	-0.998114	0.143878	
-0.62757	0.77856	0.000271863	-0.536735	0.777088	0.626362	0.0616852	-0.319978	0.0478554	0.0389231	-0.998096	0.143905	
-0.627238	0.778828	0.000433662	-0.536642	0.777347	0.626011	0.0619788	-0.319668	0.0479994	0.0392126	-0.998077	0.143935	
-0.626921	0.779083	0.000622399	-0.536542	0.777595	0.625673	0.062288	-0.31935	0.0481381	0.0395336	-0.998058	0.143951	
-0.626624	0.779321	0.000813003	-0.536441	0.777825	0.625356	0.0625997	-0.319035	0.0482768	0.0398588	-0.998038	0.143962	
-0.626343	0.779547	0.000990286	-0.536343	0.778042	0.625055	0.0629026	-0.318722	0.0484166	0.0401691	-0.998019	0.143984	
-0.626066	0.77977	0.00117426	-0.536247	0.778257	0.624756	0.0632108	-0.318401	0.0485563	0.040488	-0.997999	0.144002	
-0.6258	0.779983	0.00133093	-0.536161	0.778462	0.624471	0.0635018	-0.318082	0.0486992	0.0407755	-0.997981	0.144033	
-0.625532	0.780197	0.00148411	-0.536081	0.778668	0.624184	0.063794	-0.317763	0.0488455	0.0410608	-0.997962	0.144064	
-0.625262	0.780414	0.00165694	-0.535998	0.778876	0.623894	0.0640996	-0.317436	0.0489904	0.0413695	-0.997942	0.144081	
-0.624978	0.78064	0.00181352	-0.535923	0.779094	0.62359	0.0644068	-0.3171	0.0491477	0.0416657	-0.997922	0.144107	
-0.624686	0.780874	0.00197113	-0.535854	0.779318	0.623278	0.0647152	-0.316759	0.0493059	0.0419628	-0.997902	0.144129	
-0.624397	0.781104	0.00213482	-0.535782	0.77954	0.622969	0.0650204	-0.316422	0.0494578	0.0422627	-0.997882	0.144148	
-0.624111	0.781332	0.00230396	-0.535712	0.779759	0.622662	0.0653258	-0.316085	0.0496066	0.0425671	-0.997861	0.144164	
-0.623832	0.781555	0.00248069	-0.535642	0.779974	0.622361	0.0656319	-0.315751	0.049751	0.0428781	-0.997841	0.144171	
-0.623567	0.781765	0.00266987	-0.535564	0.780176	0.622074	0.0659467	-0.315417	0.049894	0.0432052	-0.99782	0.144173	
-0.623289	0.781987	0.00282703	-0.535504	0.780389	0.621776	0.0662436	-0.31508	0.0500439	0.0434951	-0.997799	0.144188	
-0.623008	0.78221	0.00296538	-0.535452	0.780603	0.621476	0.0665291	-0.314743	0.0501968	0.0437629	-0.99778	0.144215	
-0.622729	0.782431	0.00310729	-0.535399	0.780816	0.621178	0.0668127	-0.314405	0.0503462	0.0440324	-0.997761	0.14424	
-0.62245	0.782653	0.00323585	-0.535356	0.781029	0.620881	0.0670805	-0.314075	0.0504916	0.0442815	-0.997742	0.144269	
-0.62217	0.782875	0.00338315	-0.535312	0.781243	0.620582	0.0673592	-0.313736	0.0506344	0.0445519	-0.997723	0.144288	
-0.62189	0.783097	0.0035396	-0.535268	0.781457	0.620282	0.0676409	-0.313395	0.0507738	0.0448313	-0.997703	0.144299	
-0.621612	0.783317	0.00367454	-0.535233	0.781669	0.619986	0.0679002	-0.313061	0.0509093	0.0450799	-0.997685	0.14432	
