-0.689708	0.723386	-0.0318573	-0.534615	0.722456	0.69044	0.0367412	-0.369515	0.0485736	0.00232515	-0.998817	0.146637	
-0.68968	0.723413	-0.0318512	-0.534627	0.722484	0.690411	0.0367367	-0.369497	0.0485663	0.00232456	-0.998817	0.146636	
-0.689623	0.723469	-0.0318305	-0.534644	0.722538	0.690353	0.0367735	-0.369454	0.0485787	0.00236109	-0.998817	0.146624	
-0.689465	0.72362	-0.0318243	-0.534711	0.722682	0.690195	0.0369064	-0.369314	0.0486711	0.0024468	-0.998812	0.146588	
-0.68937	0.723709	-0.0318339	-0.534756	0.722768	0.6901	0.0369822	-0.369227	0.048733	0.0024859	-0.998809	0.146579	
-0.689284	0.723792	-0.0318161	-0.534787	0.722847	0.690013	0.0370713	-0.369139	0.0487854	0.00255454	-0.998806	0.146557	
-0.689184	0.723888	-0.0317982	-0.534823	0.722937	0.689912	0.037187	-0.369033	0.0488572	0.00264057	-0.998802	0.14653	
-0.68908	0.723988	-0.0317841	-0.53486	0.723031	0.689807	0.0373213	-0.368919	0.0489451	0.00273649	-0.998798	0.146501	
-0.688974	0.72409	-0.0317642	-0.534895	0.723126	0.6897	0.0374599	-0.368802	0.0490321	0.0028394	-0.998793	0.146469	
-0.688869	0.724191	-0.0317337	-0.534924	0.72322	0.689593	0.037601	-0.368683	0.0491136	0.0029517	-0.998789	0.146436	
-0.688751	0.724304	-0.0317066	-0.534961	0.723327	0.689474	0.0377391	-0.368553	0.0491955	0.00305861	-0.998784	0.146407	
-0.688609	0.72444	-0.0316797	-0.535009	0.723456	0.68933	0.0378845	-0.368405	0.0492829	0.00316871	-0.99878	0.146378	
-0.688453	0.724591	-0.0316425	-0.535058	0.723598	0.689172	0.0380506	-0.36824	0.0493783	0.00329956	-0.998775	0.146342	
-0.688292	0.724745	-0.0316037	-0.53511	0.723744	0.689009	0.0382239	-0.368067	0.0494778	0.00343624	-0.998769	0.146305	
-0.688134	0.724897	-0.0315506	-0.535156	0.723888	0.688848	0.0384011	-0.367894	0.0495704	0.00358601	-0.998764	0.146261	
-0.687982	0.725044	-0.0314856	-0.535196	0.724027	0.688692	0.0385803	-0.367726	0.0496563	0.00374616	-0.998759	0.146211	
-0.68783	0.725192	-0.0314049	-0.535232	0.724166	0.688535	0.0387657	-0.367552	0.0497359	0.00392186	-0.998755	0.146153	
-0.687668	0.72535	-0.031318	-0.535271	0.724314	0.688368	0.0389568	-0.367369	0.0498156	0.00410529	-0.99875	0.146093	
-0.687497	0.725516	-0.0312292	-0.535313	0.724471	0.688192	0.0391553	-0.367176	0.0498995	0.00429451	-0.998745	0.146031	
-0.68732	0.725687	-0.0311373	-0.535356	0.724633	0.688011	0.0393481	-0.366981	0.0499772	0.00448162	-0.99874	0.145971	
-0.687144	0.725857	-0.0310475	-0.5354	0.724795	0.68783	0.0395346	-0.366788	0.0500519	0.00466287	-0.998736	0.145913	
-0.686966	0.726029	-0.030959	-0.535446	0.724958	0.687647	0.0397141	-0.366596	0.0501225	0.00483823	-0.998731	0.145857	
-0.686788	0.726202	-0.0308673	-0.535494	0.725124	0.687463	0.0398859	-0.366406	0.0501853	0.00501057	-0.998727	0.1458	
-0.686609	0.726375	-0.0307851	-0.535546	0.725289	0.687279	0.0400423	-0.366221	0.0502437	0.00516531	-0.998724	0.145749	
-0.686421	0.726556	-0.0307092	-0.535606	0.725463	0.687087	0.0401928	-0.366033	0.0503022	0.00531079	-0.99872	0.145701	
-0.686234	0.726735	-0.0306275	-0.535663	0.725635	0.686896	0.0403436	-0.365845	0.050357	0.00546079	-0.998716	0.145651	
-0.686044	0.726919	-0.0305454	-0.535722	0.725812	0.686701	0.0404901	-0.365656	0.0504085	0.00560778	-0.998713	0.145601	
-0.685852	0.727103	-0.0304714	-0.535785	0.72599	0.686504	0.0406351	-0.365467	0.0504647	0.00574773	-0.998709	0.145555	
-0.685653	0.727294	-0.0304013	-0.535852	0.726173	0.686301	0.0407822	-0.365273	0.0505251	0.00588588	-0.998705	0.145509	
-0.685443	0.727493	-0.0303406	-0.535928	0.726366	0.686088	0.0409247	-0.365075	0.0505888	0.00601317	-0.998701	0.145468	
-0.685235	0.727692	-0.0302794	-0.536004	0.726559	0.685877	0.0410569	-0.36488	0.0506447	0.00613388	-0.998698	0.145429	
-0.68503	0.727887	-0.0302306	-0.536083	0.726748	0.685669	0.0411767	-0.364693	0.0507001	0.00623724	-0.998694	0.145396	
-0.684826	0.728081	-0.0301907	-0.536163	0.726937	0.685462	0.0412869	-0.36451	0.0507548	0.00632765	-0.998691	0.14537	
-0.684622	0.728274	-0.0301642	-0.536247	0.727125	0.685257	0.0413894	-0.364329	0.050813	0.00640292	-0.998688	0.145352	
-0.68442	0.728465	-0.0301445	-0.536331	0.727311	0.685053	0.041491	-0.364149	0.0508753	0.00647281	-0.998684	0.145338	
-0.684218	0.728654	-0.0301331	-0.536416	0.727496	0.68485	0.0415884	-0.363971	0.0509403	0.00653387	-0.99868	0.145329	
-0.684023	0.728838	-0.030128	-0.536498	0.727675	0.684654	0.0416762	-0.363801	0.0510025	0.0065841	-0.998677	0.145327	
-0.683829	0.72902	-0.0301263	-0.536581	0.727853	0.68446	0.0417695	-0.363631	0.051071	0.00663567	-0.998673	0.145324	
-0.683631	0.729205	-0.0301265	-0.536666	0.728033	0.684262	0.0418636	-0.363458	0.0511416	0.00668618	-0.998669	0.145321	
-0.683432	0.729392	-0.0301302	-0.536754	0.728216	0.684063	0.0419542	-0.363285	0.051212	0.00673156	-0.998665	0.14532	
-0.683237	0.729575	-0.0301321	-0.536838	0.728394	0.683868	0.042046	-0.363115	0.0512821	0.00677936	-0.998661	0.145319	
-0.683046	0.729753	-0.0301373	-0.53692	0.728567	0.683677	0.0421379	-0.362949	0.0513545	0.00682507	-0.998657	0.145319	
-0.682854	0.729933	-0.0301441	-0.537004	0.728742	0.683484	0.0422324	-0.36278	0.0514299	0.00687124	-0.998653	0.145319	
-0.682675	0.7301	-0.0301597	-0.537082	0.728905	0.683306	0.0423177	-0.362623	0.0515044	0.0069057	-0.998649	0.145326	
-0.682501	0.730262	-0.0301704	-0.537156	0.729062	0.683132	0.0424042	-0.362469	0.0515766	0.00694485	-0.998645	0.145332	
-0.682332	0.730419	-0.0301861	-0.537227	0.729215	0.682964	0.0424855	-0.362319	0.0516482	0.0069771	-0.998641	0.145342	
-0.682163	0.730576	-0.0302	-0.537298	0.729369	0.682795	0.0425694	-0.362168	0.0517206	0.00701232	-0.998637	0.145351	
-0.681994	0.730734	-0.0302128	-0.537368	0.729522	0.682626	0.0426538	-0.362017	0.0517926	0.00704877	-0.998633	0.14536	
-0.681823	0.730893	-0.0302164	-0.537437	0.729677	0.682455	0.0427454	-0.361862	0.0518637	0.00709659	-0.998629	0.145363	
-0.681647	0.731056	-0.030223	-0.537509	0.729835	0.68228	0.0428398	-0.361703	0.0519389	0.00714379	-0.998625	0.145367	
-0.681466	0.731226	-0.0302142	-0.537579	0.729999	0.682098	0.0429424	-0.361537	0.0520097	0.00720746	-0.998621	0.145363	
-0.681281	0.731399	-0.0302063	-0.537651	0.730167	0.681911	0.0430468	-0.361367	0.0520824	0.00727137	-0.998616	0.14536	
-0.681105	0.731563	-0.0301954	-0.537716	0.730326	0.681735	0.0431498	-0.361203	0.0521521	0.00733707	-0.998612	0.145356	
-0.680931	0.731725	-0.0301888	-0.537783	0.730483	0.68156	0.0432499	-0.361042	0.0522225	0.00739777	-0.998608	0.145354	
-0.680758	0.731886	-0.0301818	-0.537847	0.730639	0.681386	0.0433517	-0.36088	0.0522939	0.00746	-0.998604	0.145353	
-0.680576	0.732056	-0.0301737	-0.537915	0.730804	0.681203	0.0434603	-0.360709	0.0523698	0.00752695	-0.998599	0.145352	
-0.680391	0.732228	-0.0301686	-0.537984	0.73097	0.681017	0.0435717	-0.360537	0.0524498	0.00759339	-0.998595	0.145351	
-0.680203	0.732403	-0.0301574	-0.538053	0.73114	0.680828	0.0436882	-0.360359	0.0525294	0.0076676	-0.99859	0.145347	
-0.680001	0.732592	-0.0301407	-0.538128	0.731321	0.680624	0.0438128	-0.36017	0.0526114	0.00775023	-0.998585	0.145338	
-0.679805	0.732774	-0.0301165	-0.538197	0.731498	0.680426	0.0439436	-0.359983	0.0526928	0.00784295	-0.99858	0.145325	
-0.679603	0.732964	-0.0300789	-0.538265	0.731679	0.680221	0.0440901	-0.359786	0.0527767	0.00795568	-0.998575	0.145302	
-0.679398	0.733155	-0.0300474	-0.538335	0.731863	0.680014	0.044235	-0.359588	0.0528638	0.00806259	-0.998569	0.145284	
-0.679193	0.733346	-0.0300128	-0.538405	0.732048	0.679806	0.0443799	-0.359389	0.0529487	0.00817175	-0.998564	0.145264	
-0.679	0.733527	-0.0299719	-0.538466	0.732221	0.67961	0.0445223	-0.359198	0.0530275	0.0082846	-0.998559	0.145244	
-0.678805	0.733708	-0.0299335	-0.538527	0.732395	0.679413	0.0446691	-0.359004	0.0531113	0.00839844	-0.998553	0.145225	
-0.678603	0.733897	-0.0298905	-0.53859	0.732577	0.679207	0.0448238	-0.358801	0.0531979	0.00852053	-0.998548	0.145203	
-0.678386	0.7341	-0.029845	-0.538658	0.732771	0.678987	0.0449919	-0.358585	0.0532929	0.00865232	-0.998541	0.145178	
-0.678166	0.734304	-0.0298005	-0.538726	0.732967	0.678764	0.045162	-0.358365	0.0533901	0.00878455	-0.998535	0.145155	
-0.677944	0.734512	-0.0297471	-0.538793	0.733166	0.678537	0.0453301	-0.358143	0.05348	0.00892169	-0.998529	0.14513	
-0.677721	0.73472	-0.0296829	-0.538857	0.733366	0.67831	0.045496	-0.35792	0.053561	0.0090651	-0.998523	0.145101	
-0.677493	0.734933	-0.0296222	-0.538926	0.73357	0.678077	0.0456705	-0.357692	0.0536508	0.00921147	-0.998517	0.145069	
-0.677256	0.735154	-0.0295612	-0.538999	0.733782	0.677836	0.0458505	-0.357458	0.0537448	0.00936103	-0.998511	0.145036	
-0.67702	0.735373	-0.0294916	-0.539068	0.733993	0.677595	0.0460362	-0.357222	0.0538372	0.00952082	-0.998504	0.144998	
-0.676789	0.735589	-0.0294223	-0.539136	0.734199	0.677359	0.0462169	-0.35699	0.0539262	0.00967729	-0.998498	0.144961	
-0.676556	0.735806	-0.0293464	-0.539203	0.734408	0.677121	0.0464044	-0.356753	0.0540157	0.00984294	-0.998492	0.14492	
-0.676302	0.736043	-0.0292813	-0.539282	0.734634	0.676861	0.0466006	-0.356502	0.0541194	0.010005	-0.998484	0.144882	
-0.676025	0.736299	-0.0292114	-0.53937	0.73488	0.676579	0.0468168	-0.356229	0.054235	0.0101825	-0.998476	0.144838	
-0.675735	0.736568	-0.029145	-0.539464	0.735138	0.676284	0.0470366	-0.355947	0.0543559	0.0103587	-0.998468	0.144795	
-0.675446	0.736836	-0.0290756	-0.539558	0.735394	0.67599	0.0472557	-0.355665	0.0544745	0.0105367	-0.99846	0.144751	
-0.675157	0.737103	-0.0290026	-0.539649	0.735651	0.675695	0.0474739	-0.355383	0.05459	0.0107166	-0.998451	0.144707	
-0.674871	0.737368	-0.0289264	-0.539739	0.735905	0.675403	0.0476946	-0.355102	0.0547054	0.0109006	-0.998443	0.14466	
-0.67459	0.737628	-0.0288563	-0.539828	0.736153	0.675116	0.0479168	-0.354826	0.0548261	0.0110815	-0.998434	0.144613	
-0.674296	0.7379	-0.0287814	-0.539923	0.736414	0.674815	0.0481485	-0.354537	0.0549509	0.0112713	-0.998425	0.144563	
-0.673989	0.738183	-0.0287023	-0.540022	0.736685	0.674503	0.0483873	-0.354238	0.0550785	0.011468	-0.998416	0.144509	
-0.673667	0.73848	-0.0286288	-0.54013	0.73697	0.674174	0.0486257	-0.353929	0.0552099	0.011659	-0.998407	0.144458	
-0.673331	0.73879	-0.0285568	-0.540245	0.737267	0.673832	0.0488662	-0.353609	0.0553443	0.0118492	-0.998397	0.144408	
-0.67299	0.739103	-0.0284829	-0.540362	0.737568	0.673485	0.0491122	-0.353285	0.0554818	0.0120439	-0.998387	0.144356	
-0.67265	0.739415	-0.0283963	-0.540475	0.737868	0.673138	0.0493617	-0.35296	0.0556134	0.0122505	-0.998377	0.144297	
-0.672315	0.739723	-0.0283116	-0.540586	0.738163	0.672796	0.0496096	-0.352638	0.0557453	0.0124547	-0.998367	0.14424	
-0.671978	0.740034	-0.0282148	-0.540694	0.738461	0.672451	0.0498596	-0.352313	0.0558709	0.012669	-0.998358	0.144177	
-0.671629	0.740354	-0.0281132	-0.540807	0.738769	0.672094	0.0501117	-0.351979	0.0559951	0.0128873	-0.998348	0.144113	
-0.671272	0.740682	-0.0280005	-0.540919	0.739084	0.671728	0.0503687	-0.351636	0.0561159	0.0131164	-0.998338	0.144045	
-0.670913	0.741011	-0.0278935	-0.541034	0.739401	0.67136	0.0506214	-0.351294	0.0562376	0.0133381	-0.998328	0.14398	
-0.670549	0.741345	-0.0277845	-0.54115	0.739721	0.670987	0.0508754	-0.350951	0.0563592	0.0135617	-0.998318	0.143913	
-0.670177	0.741686	-0.0276635	-0.541264	0.740049	0.670606	0.0511407	-0.350597	0.0564816	0.0138009	-0.998308	0.143841	
-0.669792	0.742038	-0.0275374	-0.541383	0.740388	0.67021	0.0514148	-0.350231	0.0566076	0.0140488	-0.998298	0.143765	
-0.669401	0.742396	-0.0274017	-0.5415	0.740732	0.669809	0.0516854	-0.349863	0.0567249	0.0143009	-0.998287	0.143688	
-0.669012	0.742752	-0.0272429	-0.541606	0.741076	0.669408	0.0519523	-0.349496	0.0568243	0.0145677	-0.998278	0.143605	
-0.668626	0.743106	-0.0270653	-0.541703	0.741418	0.669009	0.0522175	-0.349135	0.0569101	0.0148473	-0.998269	0.143516	
-0.668231	0.743468	-0.0268865	-0.541802	0.741767	0.668601	0.052487	-0.348764	0.0569987	0.01513	-0.99826	0.143428	
-0.667843	0.743823	-0.0267078	-0.541897	0.74211	0.668199	0.0527531	-0.348396	0.0570851	0.0154106	-0.99825	0.143343	
-0.667449	0.744183	-0.0265225	-0.541992	0.742458	0.667792	0.0530144	-0.348027	0.0571639	0.0156925	-0.998241	0.143257	
-0.667052	0.744545	-0.0263376	-0.542087	0.742809	0.667381	0.0532775	-0.347654	0.0572447	0.0159751	-0.998232	0.143172	
-0.666659	0.744904	-0.0261455	-0.542177	0.743156	0.666973	0.0535408	-0.347283	0.0573211	0.0162633	-0.998223	0.143085	
-0.666251	0.745276	-0.0259507	-0.542272	0.743515	0.666551	0.0538125	-0.3469	0.0574026	0.0165579	-0.998214	0.142996	
-0.665844	0.745646	-0.0257709	-0.542374	0.743873	0.666129	0.0540891	-0.346513	0.057498	0.0168446	-0.998204	0.142912	
-0.66544	0.746013	-0.0255749	-0.542467	0.744227	0.66571	0.0543684	-0.346127	0.057585	0.0171454	-0.998193	0.142822	
-0.665036	0.74638	-0.0253794	-0.54256	0.744581	0.665291	0.0546438	-0.34574	0.0576698	0.0174431	-0.998183	0.142734	
-0.664632	0.746746	-0.0251885	-0.542655	0.744935	0.664873	0.0549168	-0.345355	0.0577561	0.0177357	-0.998173	0.142649	
-0.664217	0.747121	-0.0249999	-0.542753	0.745298	0.664443	0.0552007	-0.344958	0.0578526	0.0180329	-0.998162	0.142563	
-0.663797	0.747501	-0.0248157	-0.542855	0.745664	0.664008	0.0554848	-0.344557	0.0579528	0.0183265	-0.998151	0.142481	
-0.66337	0.747886	-0.0246312	-0.542957	0.746036	0.663567	0.0557591	-0.344156	0.0580459	0.0186131	-0.99814	0.142402	
-0.662946	0.748268	-0.0244534	-0.543059	0.746406	0.663128	0.0560391	-0.343755	0.058148	0.0188987	-0.998129	0.142325	
-0.662516	0.748655	-0.0242603	-0.543159	0.74678	0.662682	0.0563191	-0.343353	0.0582405	0.0191952	-0.998118	0.142241	
-0.662064	0.74906	-0.0240787	-0.543273	0.747173	0.662216	0.0566	-0.342938	0.0583421	0.0194819	-0.998107	0.142161	
-0.661614	0.749464	-0.0239105	-0.543392	0.747563	0.661751	0.0568821	-0.342525	0.0584538	0.0197593	-0.998095	0.142082	
-0.661158	0.749871	-0.0237358	-0.54351	0.747958	0.661281	0.0571546	-0.342114	0.0585546	0.0200349	-0.998083	0.142004	
-0.660698	0.750282	-0.0235526	-0.543627	0.748356	0.660806	0.0574334	-0.341697	0.0586549	0.0203204	-0.998071	0.141921	
-0.660228	0.750701	-0.0233896	-0.543755	0.748762	0.660322	0.0577075	-0.341275	0.0587657	0.0205869	-0.99806	0.141848	
-0.65975	0.751126	-0.0232243	-0.543884	0.749176	0.659829	0.0579728	-0.340852	0.058869	0.0208485	-0.998048	0.141777	
-0.659279	0.751545	-0.0230581	-0.54401	0.749583	0.659344	0.0582362	-0.340434	0.0589703	0.0211099	-0.998037	0.141706	
-0.658804	0.751967	-0.0228806	-0.544133	0.749993	0.658854	0.0584933	-0.340017	0.05906	0.0213753	-0.998026	0.141632	
-0.658317	0.752398	-0.0227107	-0.544262	0.750413	0.658353	0.0587516	-0.339591	0.0591563	0.0216348	-0.998014	0.141562	
-0.657819	0.752839	-0.0225277	-0.544393	0.750843	0.65784	0.0590046	-0.339159	0.0592406	0.0218996	-0.998003	0.141489	
-0.657309	0.75329	-0.0223362	-0.544523	0.751283	0.657314	0.0592586	-0.338719	0.0593209	0.0221704	-0.997993	0.141415	
-0.656787	0.753751	-0.0221313	-0.544652	0.751734	0.656776	0.0595026	-0.338275	0.0593855	0.0224437	-0.997983	0.141341	
-0.656255	0.754221	-0.0219125	-0.544777	0.752196	0.656228	0.0597192	-0.337837	0.0594211	0.0227086	-0.997975	0.14127	
-0.65571	0.754701	-0.0216866	-0.544902	0.752669	0.655667	0.0599172	-0.337399	0.0594388	0.0229655	-0.997968	0.141202	
-0.655159	0.755187	-0.0214405	-0.54502	0.753149	0.655098	0.0601108	-0.336961	0.0594405	0.0232342	-0.997961	0.141129	
-0.65461	0.75567	-0.0211824	-0.545131	0.753627	0.65453	0.0602977	-0.336528	0.0594297	0.0235078	-0.997956	0.141055	
-0.654033	0.756177	-0.0209282	-0.545255	0.754128	0.653935	0.0604936	-0.336072	0.0594296	0.0237822	-0.997949	0.140982	
-0.653442	0.756695	-0.0206594	-0.545377	0.754642	0.653325	0.0606767	-0.335612	0.0594111	0.0240582	-0.997944	0.140909	
-0.652839	0.757222	-0.020381	-0.545497	0.755166	0.652704	0.0608409	-0.335152	0.0593729	0.0243282	-0.997939	0.140841	
-0.652214	0.757769	-0.0200883	-0.545619	0.755711	0.652059	0.0609908	-0.334684	0.0593157	0.0245981	-0.997936	0.140772	
-0.651562	0.758337	-0.0197886	-0.545747	0.756278	0.651388	0.0611309	-0.334203	0.0592479	0.0248648	-0.997934	0.140706	
-0.650904	0.75891	-0.0194583	-0.545862	0.756852	0.65071	0.0612544	-0.333727	0.0591483	0.0251437	-0.997932	0.140636	
-0.65023	0.759497	-0.0191331	-0.545983	0.75744	0.650015	0.0613618	-0.333247	0.0590409	0.0254071	-0.997932	0.140574	
-0.64953	0.760104	-0.0188037	-0.54611	0.75805	0.649295	0.0614414	-0.332763	0.058911	0.0256539	-0.997934	0.140519	
-0.648825	0.760714	-0.0184494	-0.54623	0.758667	0.64857	0.0614991	-0.332282	0.058749	0.0259052	-0.997937	0.140461	
-0.648098	0.761342	-0.0180897	-0.546357	0.7593	0.647823	0.0615578	-0.331786	0.0585855	0.02616	-0.99794	0.140402	
-0.647363	0.761975	-0.0177449	-0.546493	0.759938	0.647068	0.0616137	-0.331284	0.0584303	0.0264014	-0.997942	0.140348	
-0.646641	0.762596	-0.0174036	-0.546626	0.760565	0.646327	0.0616655	-0.330789	0.0582742	0.0266389	-0.997945	0.140296	
-0.645913	0.763221	-0.0170553	-0.546755	0.761197	0.645579	0.0616935	-0.330299	0.0580963	0.0268662	-0.997949	0.140251	
-0.645172	0.763855	-0.0167008	-0.546884	0.761841	0.644819	0.0617022	-0.329809	0.0579005	0.0270851	-0.997955	0.140209	
-0.644419	0.764499	-0.0163164	-0.547003	0.762495	0.644047	0.0616863	-0.329323	0.0576676	0.0273106	-0.997962	0.140165	
-0.643638	0.765165	-0.0159099	-0.547119	0.763175	0.643245	0.06164	-0.328832	0.0573987	0.0275318	-0.997972	0.140125	
-0.642851	0.765834	-0.0154884	-0.547227	0.763858	0.642438	0.0615885	-0.328342	0.0571169	0.0277613	-0.997981	0.140085	
-0.642059	0.766507	-0.0150619	-0.547332	0.764546	0.641626	0.0615312	-0.32785	0.0568282	0.0279912	-0.997992	0.140046	
-0.641264	0.767181	-0.0146398	-0.547442	0.765233	0.64081	0.0614896	-0.327343	0.056555	0.0282282	-0.998	0.140007	
-0.640482	0.767841	-0.0142266	-0.547549	0.765908	0.640008	0.0614329	-0.326849	0.0562759	0.0284504	-0.99801	0.139973	
-0.639697	0.768504	-0.0137815	-0.547646	0.766587	0.639202	0.0613518	-0.326362	0.0559583	0.0286818	-0.998021	0.139934	
-0.638915	0.769162	-0.0133193	-0.547731	0.767265	0.638399	0.0612381	-0.325891	0.0556051	0.0289065	-0.998034	0.139897	
-0.638103	0.769844	-0.0128399	-0.547815	0.767969	0.637567	0.0610909	-0.325421	0.0552167	0.0291216	-0.99805	0.139865	
-0.637263	0.770547	-0.0123572	-0.547904	0.768693	0.636708	0.0609425	-0.324933	0.0548269	0.0293375	-0.998065	0.139837	
-0.636432	0.771241	-0.0118814	-0.547992	0.76941	0.635857	0.0607738	-0.324456	0.0544261	0.0295367	-0.998081	0.139816	
-0.635589	0.771944	-0.0113995	-0.548084	0.770135	0.634995	0.0606106	-0.323965	0.0540266	0.0297443	-0.998096	0.139791	
-0.634746	0.772644	-0.0109371	-0.548183	0.770857	0.634133	0.0604573	-0.323466	0.0536476	0.0299441	-0.998111	0.139772	
-0.633888	0.773354	-0.0104725	-0.548287	0.771589	0.633258	0.060288	-0.322967	0.0532557	0.0301354	-0.998126	0.139755	
-0.632999	0.774087	-0.010016	-0.548406	0.772345	0.632353	0.0601076	-0.322457	0.0528622	0.0303123	-0.998142	0.139741	
-0.632097	0.774831	-0.00953809	-0.548521	0.773112	0.631433	0.0599165	-0.321946	0.0524478	0.030499	-0.998158	0.139719	
-0.631172	0.77559	-0.00902652	-0.548633	0.773896	0.630489	0.0597414	-0.321414	0.0520259	0.0307215	-0.998173	0.139683	
-0.630256	0.77634	-0.00853666	-0.548748	0.774669	0.629554	0.0595863	-0.320876	0.0516335	0.0309415	-0.998187	0.139652	
-0.629314	0.777109	-0.00806162	-0.548875	0.775459	0.628595	0.0594378	-0.320317	0.0512571	0.0311536	-0.998199	0.139629	
-0.628365	0.777882	-0.00756535	-0.548992	0.776252	0.627626	0.0593125	-0.319741	0.0508863	0.0313973	-0.998211	0.139601	
-0.627396	0.778669	-0.00704179	-0.549102	0.777062	0.626636	0.0591678	-0.319158	0.0504848	0.0316497	-0.998223	0.13957	
-0.626426	0.779454	-0.00652051	-0.549206	0.777872	0.625648	0.0589913	-0.318588	0.0500605	0.0318816	-0.998237	0.139553	
-0.625453	0.780239	-0.00598028	-0.549302	0.778681	0.624655	0.0588289	-0.31801	0.0496362	0.032138	-0.99825	0.139527	
-0.624492	0.781012	-0.00543874	-0.549393	0.779479	0.623674	0.0586806	-0.317429	0.0492223	0.0324062	-0.998262	0.139499	
-0.623546	0.781772	-0.00489501	-0.549477	0.780261	0.622708	0.0585417	-0.316849	0.0488144	0.0326841	-0.998273	0.139469	
-0.622617	0.782515	-0.00430865	-0.549536	0.781029	0.621757	0.0584113	-0.316274	0.0483867	0.0330027	-0.998283	0.139425	
-0.62168	0.783263	-0.00370844	-0.549584	0.781803	0.620797	0.0582612	-0.3157	0.047936	0.0333205	-0.998294	0.139388	
-0.620732	0.784017	-0.00310218	-0.549627	0.782584	0.619828	0.0580997	-0.315128	0.0474739	0.0336366	-0.998306	0.139354	
-0.619777	0.784774	-0.00248572	-0.549664	0.783369	0.618851	0.057938	-0.314548	0.0470065	0.0339614	-0.998317	0.139322	
-0.618832	0.785521	-0.0018392	-0.549683	0.784146	0.617883	0.0577578	-0.313985	0.0465064	0.0343002	-0.998329	0.139284	
-0.617885	0.786268	-0.00116707	-0.54969	0.784923	0.616913	0.057575	-0.313423	0.0459894	0.0346587	-0.99834	0.139238	
-0.616933	0.787016	-0.000477446	-0.549688	0.785702	0.615938	0.0573816	-0.312861	0.0454543	0.0350255	-0.998352	0.139191	
-0.615977	0.787764	0.000204387	-0.549686	0.786482	0.61496	0.0571817	-0.312297	0.04492	0.0353833	-0.998364	0.139153	
-0.61503	0.788503	0.000884076	-0.549678	0.787253	0.613991	0.0569973	-0.311727	0.0443998	0.0357511	-0.998374	0.139116	
-0.614096	0.78923	0.00154107	-0.549669	0.78801	0.613036	0.0568046	-0.311167	0.0438872	0.0360979	-0.998384	0.139094	
-0.613155	0.789959	0.00222916	-0.549652	0.78877	0.612072	0.0566506	-0.310583	0.0433873	0.0364939	-0.998392	0.139052	
-0.612199	0.790699	0.00293942	-0.549633	0.78954	0.611091	0.0565215	-0.309978	0.0428952	0.0369232	-0.998397	0.138997	
-0.611228	0.791446	0.00361773	-0.549628	0.790316	0.610098	0.0564054	-0.309359	0.0424347	0.0373358	-0.998401	0.138953	
-0.610249	0.792198	0.00432258	-0.549614	0.791098	0.609094	0.0563006	-0.30873	0.0419684	0.037777	-0.998405	0.138899	
-0.609238	0.792971	0.00504176	-0.549603	0.791901	0.608059	0.0561904	-0.308088	0.0414917	0.0382259	-0.998407	0.138841	
-0.608219	0.793748	0.00578697	-0.549583	0.79271	0.607015	0.0560684	-0.307446	0.0409914	0.0386892	-0.99841	0.138777	
-0.6072	0.794521	0.00659718	-0.549534	0.793518	0.605969	0.055941	-0.306808	0.0404486	0.0392024	-0.998412	0.138693	
-0.606195	0.795282	0.00739389	-0.549481	0.794314	0.604937	0.0558269	-0.306173	0.0399253	0.0397151	-0.998413	0.138615	
-0.605232	0.796007	0.00817096	-0.549422	0.795071	0.603947	0.0557635	-0.305534	0.0394534	0.0402464	-0.998411	0.138533	
-0.604299	0.796707	0.0089346	-0.549358	0.795802	0.602988	0.0557084	-0.304907	0.0389958	0.0407747	-0.998407	0.138452	
-0.603397	0.797382	0.00971234	-0.549274	0.796509	0.602058	0.0556823	-0.30428	0.0385527	0.0413345	-0.998401	0.138367	
-0.602503	0.798047	0.0105263	-0.549168	0.797207	0.601135	0.0556624	-0.303655	0.0380935	0.0419284	-0.998394	0.138272	
-0.601595	0.798721	0.0113181	-0.54907	0.797914	0.600198	0.0556384	-0.303023	0.0376465	0.0425026	-0.998387	0.138189	
-0.6007	0.799383	0.0121056	-0.548969	0.798607	0.599275	0.0556403	-0.302388	0.0372234	0.0430907	-0.998378	0.138102	
-0.599839	0.800016	0.0129523	-0.548835	0.799274	0.598382	0.055672	-0.301759	0.0367881	0.0437467	-0.998365	0.137986	
-0.599008	0.800624	0.0138079	-0.548684	0.799916	0.597517	0.0557385	-0.301133	0.0363751	0.044433	-0.99835	0.137861	
-0.598165	0.80124	0.0146006	-0.548557	0.800564	0.596643	0.0558042	-0.300499	0.0360012	0.0450688	-0.998335	0.137763	
-0.597322	0.801853	0.0154078	-0.548421	0.80121	0.595769	0.0558804	-0.299864	0.0356284	0.0457235	-0.998319	0.137659	
-0.596475	0.802467	0.0162525	-0.548269	0.801856	0.594887	0.0559979	-0.299205	0.035268	0.0464335	-0.998299	0.137539	
-0.595636	0.803073	0.0170732	-0.548116	0.802495	0.594015	0.056104	-0.298556	0.0349139	0.0471187	-0.998279	0.137433	
-0.594786	0.803685	0.0178735	-0.547972	0.80314	0.593132	0.0562217	-0.297897	0.0345831	0.0477948	-0.998258	0.137336	
-0.593959	0.804278	0.0187074	-0.54781	0.803764	0.592268	0.0564139	-0.297216	0.0342927	0.0485439	-0.998232	0.137209	
-0.593152	0.804853	0.0195267	-0.547646	0.80437	0.591422	0.056652	-0.296524	0.034048	0.04931	-0.998203	0.137081	
-0.59236	0.805418	0.0202809	-0.547505	0.804962	0.590591	0.0569143	-0.295829	0.0338621	0.0500391	-0.998173	0.136968	
-0.591581	0.805971	0.0210442	-0.547358	0.805542	0.589771	0.0572049	-0.295131	0.0336942	0.0507932	-0.998141	0.136842	
-0.590781	0.806538	0.0218063	-0.547214	0.806134	0.58893	0.0575287	-0.294406	0.0335567	0.0515656	-0.998106	0.136717	
-0.589968	0.807112	0.0225259	-0.547085	0.806733	0.588076	0.0578673	-0.293666	0.0334585	0.0523122	-0.99807	0.136608	
-0.589143	0.807695	0.0232165	-0.546968	0.80734	0.58721	0.0581952	-0.292925	0.0333711	0.0530289	-0.998035	0.136512	
-0.58834	0.808259	0.0239375	-0.546828	0.807928	0.586365	0.0585498	-0.292189	0.0332873	0.053787	-0.997997	0.136404	
-0.587549	0.808813	0.024651	-0.546683	0.808506	0.58553	0.0589214	-0.291452	0.0332225	0.0545497	-0.997958	0.136296	
-0.586763	0.809363	0.0253207	-0.546553	0.809078	0.584701	0.059308	-0.290714	0.0331966	0.0552862	-0.997919	0.136201	
-0.585997	0.809896	0.0260086	-0.546409	0.809633	0.583888	0.0597389	-0.289966	0.0331962	0.0560642	-0.997875	0.136091	
-0.585241	0.810419	0.0267066	-0.546256	0.810178	0.583083	0.0602056	-0.289204	0.0332196	0.056872	-0.997829	0.135974	
-0.584506	0.81093	0.0272926	-0.546132	0.810706	0.582304	0.0606382	-0.288469	0.0332807	0.0575697	-0.997787	0.135907	
-0.583764	0.811445	0.0278676	-0.546011	0.811237	0.581517	0.0610927	-0.287719	0.0333679	0.0582709	-0.997743	0.135846	
-0.583025	0.811955	0.0284713	-0.545872	0.811764	0.580728	0.0615998	-0.286948	0.0334822	0.0590262	-0.997695	0.135769	
-0.582301	0.812456	0.029005	-0.545749	0.812277	0.579956	0.0620974	-0.286186	0.0336298	0.0597195	-0.997649	0.135725	
-0.581593	0.812943	0.0295614	-0.545611	0.812778	0.579197	0.0626336	-0.285415	0.0337957	0.0604541	-0.997599	0.135667	
-0.580915	0.813406	0.0301189	-0.545458	0.813254	0.578467	0.0631913	-0.284653	0.0339775	0.0612031	-0.997547	0.135609	
-0.580236	0.813872	0.0306182	-0.545325	0.813731	0.577738	0.0637309	-0.283897	0.0341795	0.0618939	-0.997497	0.135577	
-0.579555	0.814338	0.0311285	-0.545186	0.814207	0.577005	0.064283	-0.283136	0.0343868	0.0626006	-0.997446	0.135539	
-0.57888	0.814798	0.0316354	-0.54504	0.814678	0.576277	0.0648399	-0.282375	0.0346007	0.0633072	-0.997394	0.135508	
-0.578186	0.815274	0.0320727	-0.544918	0.815161	0.575534	0.0653691	-0.281613	0.0348348	0.06394	-0.997346	0.135516	
-0.57748	0.815759	0.0324727	-0.544807	0.815651	0.57478	0.0658928	-0.280847	0.035088	0.0645381	-0.997298	0.135543	
-0.576788	0.816231	0.0328989	-0.544677	0.816129	0.574037	0.0664433	-0.280079	0.0353479	0.0651734	-0.997248	0.135559	
-0.576085	0.816712	0.0332803	-0.544564	0.816614	0.573286	0.0669753	-0.279313	0.0356204	0.0657605	-0.997199	0.135597	
-0.575379	0.817193	0.0336745	-0.544446	0.817099	0.57253	0.0675145	-0.278543	0.0358927	0.0663618	-0.99715	0.135629	
-0.574667	0.817677	0.0340941	-0.544318	0.817588	0.571765	0.0680796	-0.27776	0.0361733	0.066998	-0.997097	0.13565	
-0.573939	0.818174	0.0344347	-0.54422	0.818086	0.57099	0.0686065	-0.276983	0.0364702	0.0675465	-0.997049	0.135709	
-0.573218	0.818664	0.0347851	-0.544114	0.818578	0.57022	0.0691366	-0.27621	0.0367645	0.0681047	-0.997001	0.135765	
-0.57251	0.819142	0.0352014	-0.543981	0.81906	0.569458	0.069697	-0.275432	0.037046	0.0687343	-0.996947	0.135791	
-0.571779	0.819637	0.0355618	-0.543872	0.819557	0.568676	0.0702339	-0.274648	0.0373431	0.0693032	-0.996896	0.135846	
-0.571029	0.820143	0.0359401	-0.543756	0.820066	0.567872	0.0707994	-0.273841	0.0376562	0.0699017	-0.996843	0.135894	
-0.570272	0.820652	0.0363505	-0.543626	0.820578	0.567059	0.071382	-0.273022	0.0379669	0.0705356	-0.996786	0.135932	
-0.569516	0.821161	0.036703	-0.543512	0.821088	0.56625	0.0719372	-0.272215	0.0382889	0.0711057	-0.996734	0.136	
-0.56878	0.821653	0.0370835	-0.543381	0.821584	0.565459	0.0725003	-0.271417	0.0386009	0.0717039	-0.996679	0.136055	
-0.568057	0.822136	0.0374739	-0.543239	0.822069	0.564681	0.0730624	-0.270627	0.0389065	0.0723097	-0.996623	0.136109	
-0.567325	0.822625	0.037832	-0.543109	0.822559	0.563895	0.0736151	-0.269837	0.0392243	0.0728827	-0.996569	0.136179	
-0.566612	0.823098	0.0382233	-0.542958	0.823036	0.563126	0.0741648	-0.269054	0.0395204	0.0734819	-0.996513	0.13624	
-0.565905	0.823564	0.0386495	-0.542788	0.823509	0.56236	0.074724	-0.268268	0.039805	0.0741149	-0.996455	0.136292	
-0.56518	0.824044	0.0390357	-0.542635	0.823992	0.561579	0.075267	-0.267477	0.0401017	0.0747045	-0.996399	0.136365	
-0.564458	0.82452	0.0394208	-0.542474	0.824473	0.560801	0.0758106	-0.266686	0.0404001	0.0752933	-0.996343	0.136444	
-0.563746	0.824988	0.0398191	-0.542297	0.824945	0.560031	0.0763648	-0.265894	0.0407002	0.0758989	-0.996285	0.136525	
-0.563035	0.825458	0.0401417	-0.542142	0.825415	0.559268	0.0768712	-0.265121	0.0410039	0.0764147	-0.996233	0.136646	
-0.56234	0.825915	0.0404831	-0.54197	0.825874	0.558519	0.0773899	-0.264352	0.0413068	0.0769534	-0.996179	0.136762	
-0.561659	0.826361	0.0408344	-0.541785	0.826322	0.557783	0.0779067	-0.26359	0.0416023	0.0774993	-0.996124	0.136879	
-0.560991	0.826798	0.0411559	-0.541598	0.826761	0.557063	0.0784052	-0.26284	0.0418988	0.0780107	-0.996072	0.137017	
-0.560348	0.827216	0.0415113	-0.541388	0.827182	0.556366	0.0789101	-0.2621	0.0421802	0.0785546	-0.996017	0.137146	
-0.559716	0.827629	0.0418046	-0.541193	0.827596	0.555684	0.0793761	-0.261382	0.0424638	0.0790253	-0.995968	0.137306	
-0.559063	0.828055	0.0421059	-0.540997	0.828022	0.55498	0.0798583	-0.260644	0.0427592	0.0795105	-0.995917	0.137464	
-0.558391	0.828494	0.0424022	-0.540806	0.82846	0.554256	0.0803384	-0.259895	0.0430582	0.0799887	-0.995865	0.137629	
-0.557713	0.828936	0.0426766	-0.540622	0.8289	0.553529	0.0808159	-0.259146	0.0433685	0.0804468	-0.995815	0.137801	
-0.557027	0.829382	0.0429661	-0.540435	0.829345	0.55279	0.0813085	-0.258387	0.0436846	0.0809247	-0.995762	0.137966	
-0.556345	0.829824	0.0432672	-0.540241	0.829786	0.552055	0.0817956	-0.257633	0.0439901	0.0814091	-0.995709	0.138128	
-0.555674	0.830258	0.0435598	-0.540042	0.830219	0.55133	0.0822879	-0.256883	0.0443044	0.0818894	-0.995656	0.138295	
-0.555011	0.830684	0.0438929	-0.539828	0.830646	0.55061	0.0827952	-0.256133	0.0446088	0.0824116	-0.9956	0.138439	
-0.55433	0.831124	0.0441689	-0.539639	0.831083	0.549876	0.0832845	-0.255381	0.0449324	0.0828752	-0.995546	0.13861	
-0.553639	0.831569	0.0444564	-0.539445	0.831526	0.549131	0.0837824	-0.254621	0.0452585	0.0833518	-0.995492	0.138778	
-0.552953	0.832007	0.0448019	-0.539226	0.831966	0.548385	0.0843017	-0.253851	0.0455709	0.0838885	-0.995433	0.138923	
-0.552247	0.832457	0.045152	-0.539009	0.832416	0.54762	0.0848241	-0.253068	0.0458862	0.0844292	-0.995372	0.139068	
-0.551537	0.832908	0.0455102	-0.538784	0.83287	0.546848	0.0853552	-0.252277	0.0462059	0.0849807	-0.995311	0.139215	
-0.550816	0.83337	0.0457893	-0.538585	0.833328	0.54607	0.0858597	-0.251493	0.0465487	0.0854504	-0.995254	0.139399	
-0.550083	0.833838	0.0460779	-0.538379	0.833792	0.54528	0.086378	-0.250695	0.0468999	0.0859344	-0.995196	0.139583	
-0.549339	0.834312	0.0463597	-0.538176	0.834262	0.544478	0.0868923	-0.249891	0.0472535	0.0864095	-0.995138	0.139772	
-0.548591	0.834794	0.0465482	-0.537999	0.834733	0.54368	0.0873592	-0.249103	0.0476196	0.0867798	-0.995089	0.140012	
-0.547846	0.835269	0.046796	-0.537796	0.835203	0.542881	0.0878471	-0.248304	0.0479713	0.0872108	-0.995034	0.14023	
-0.547102	0.835744	0.0470319	-0.537593	0.83567	0.542083	0.0883225	-0.247509	0.0483197	0.0876245	-0.994981	0.140458	
-0.546371	0.836208	0.0472704	-0.537384	0.836128	0.5413	0.0887948	-0.246723	0.0486635	0.0880391	-0.994928	0.140686	
-0.545643	0.836669	0.0475269	-0.537162	0.836583	0.540515	0.0892849	-0.245931	0.0490129	0.0884778	-0.994872	0.140907	
-0.544913	0.837131	0.0477577	-0.536948	0.837038	0.539732	0.0897543	-0.245149	0.0493597	0.0888833	-0.994818	0.141141	
-0.544207	0.837575	0.0480248	-0.536716	0.837478	0.53897	0.0902341	-0.244372	0.0496939	0.0893258	-0.994762	0.141358	
-0.54351	0.838011	0.0483186	-0.536469	0.837911	0.538215	0.0907149	-0.243601	0.0500142	0.0897912	-0.994704	0.141567	
-0.542827	0.83843	0.0487149	-0.536186	0.838336	0.537465	0.0912393	-0.242812	0.0503152	0.0903666	-0.994637	0.14173	
-0.542166	0.838837	0.0490766	-0.53591	0.838745	0.536739	0.0917481	-0.242033	0.0506204	0.0909055	-0.994572	0.141907	
-0.54152	0.839234	0.0494255	-0.535634	0.839145	0.53603	0.0922393	-0.24127	0.0509168	0.0914246	-0.994509	0.142092	
-0.540872	0.839629	0.0498113	-0.535348	0.839544	0.535314	0.0927626	-0.240489	0.0512215	0.0919914	-0.994442	0.142257	
-0.540195	0.840044	0.0501542	-0.535081	0.83996	0.534572	0.0932737	-0.239701	0.0515429	0.0925135	-0.994376	0.142443	
-0.539526	0.840453	0.0505	-0.534805	0.84037	0.533837	0.0937876	-0.238915	0.0518653	0.0930395	-0.994311	0.142631	
-0.538848	0.840867	0.0508412	-0.534525	0.840785	0.533095	0.0942909	-0.238132	0.052183	0.093555	-0.994246	0.142828	
-0.538175	0.841278	0.0511855	-0.534237	0.841197	0.532356	0.094786	-0.237355	0.0524924	0.0940685	-0.994181	0.143028	
-0.537512	0.841686	0.0514439	-0.533972	0.841601	0.531636	0.0952453	-0.236596	0.0528171	0.0944907	-0.994124	0.143268	
-0.536856	0.84209	0.0516678	-0.533708	0.841999	0.530927	0.0956789	-0.235859	0.0531384	0.09487	-0.99407	0.143529	
-0.536197	0.842493	0.0519453	-0.533424	0.842398	0.53021	0.0961362	-0.235106	0.0534521	0.0953066	-0.994012	0.143769	
-0.535537	0.842892	0.0522736	-0.53312	0.842799	0.529486	0.0966116	-0.234343	0.053755	0.0957953	-0.993949	0.143989	
-0.534886	0.843283	0.0526274	-0.532804	0.843193	0.528769	0.0971072	-0.23357	0.0540612	0.0963164	-0.993882	0.144199	
-0.534242	0.843672	0.0529434	-0.532508	0.843581	0.52806	0.0975875	-0.232799	0.0543746	0.0967974	-0.993818	0.144417	
-0.533611	0.844049	0.0533024	-0.532192	0.843961	0.527362	0.0980785	-0.232027	0.0546734	0.0973209	-0.99375	0.144624	
-0.533002	0.844412	0.0536398	-0.531887	0.844326	0.526687	0.0985604	-0.231257	0.0549742	0.0978224	-0.993684	0.144828	
-0.532425	0.844751	0.0540384	-0.531556	0.844671	0.526037	0.0990734	-0.230487	0.0552662	0.0983938	-0.993612	0.145009	
-0.531856	0.845082	0.0544527	-0.531225	0.84501	0.525393	0.0996009	-0.229702	0.0555619	0.0989864	-0.993536	0.145177	
-0.531307	0.845399	0.0548895	-0.530884	0.845336	0.524766	0.100134	-0.228907	0.055849	0.099602	-0.993459	0.145342	
-0.53077	0.84571	0.0552969	-0.530557	0.845655	0.524155	0.100644	-0.228117	0.0561313	0.100181	-0.993385	0.145517	
-0.530256	0.84601	0.055635	-0.530257	0.845958	0.523572	0.10113	-0.227324	0.0564281	0.10069	-0.993316	0.14572	
-0.529751	0.846301	0.0560201	-0.529942	0.846255	0.522995	0.101636	-0.226513	0.0567165	0.101249	-0.993243	0.145915	
-0.529298	0.846557	0.0564356	-0.529609	0.846519	0.522465	0.102156	-0.225697	0.0569954	0.101845	-0.993166	0.146101	
-0.528879	0.846794	0.0568078	-0.529284	0.846762	0.521973	0.102652	-0.224893	0.0572731	0.102393	-0.993094	0.146304	
-0.528478	0.847025	0.0570971	-0.528989	0.846994	0.521508	0.10311	-0.224096	0.0575601	0.102852	-0.99303	0.146551	
-0.528071	0.847256	0.0574291	-0.528682	0.847228	0.521032	0.103586	-0.223282	0.0578415	0.103356	-0.992961	0.14678	
-0.52763	0.847511	0.0577188	-0.528395	0.847484	0.520527	0.104034	-0.22247	0.0581256	0.103807	-0.992898	0.147021	
-0.527194	0.847762	0.0580278	-0.528101	0.847736	0.520026	0.104487	-0.221653	0.0584037	0.104277	-0.992832	0.147254	
-0.526759	0.848007	0.0583801	-0.527794	0.847988	0.519524	0.104932	-0.220844	0.0586532	0.10478	-0.992764	0.147459	
-0.526368	0.848224	0.0587589	-0.527472	0.848215	0.519061	0.105387	-0.220039	0.0588927	0.105313	-0.992694	0.147656	
-0.525973	0.848447	0.0590826	-0.527171	0.848443	0.518603	0.105806	-0.219241	0.0591306	0.105779	-0.99263	0.147851	
-0.525596	0.848657	0.0594086	-0.526876	0.84866	0.518162	0.106223	-0.218439	0.0593634	0.106248	-0.992566	0.148038	
-0.525263	0.848835	0.05981	-0.526551	0.848851	0.517757	0.106673	-0.21763	0.0595803	0.106801	-0.992494	0.1482	
-0.524926	0.849016	0.0601964	-0.526231	0.849045	0.51735	0.107101	-0.216823	0.0597878	0.10733	-0.992424	0.148364	
-0.524613	0.849177	0.0606571	-0.525886	0.849225	0.516959	0.10756	-0.21601	0.0599802	0.107939	-0.992347	0.148514	
-0.524298	0.849345	0.0610248	-0.525568	0.849406	0.516579	0.107958	-0.215228	0.0601697	0.108437	-0.992281	0.148688	
-0.523967	0.849522	0.0614051	-0.525244	0.849597	0.51618	0.108368	-0.214432	0.0603651	0.108951	-0.992213	0.148872	
-0.523654	0.849689	0.0617617	-0.52493	0.849776	0.515801	0.108766	-0.213634	0.0605607	0.109439	-0.992147	0.149065	
-0.523377	0.849838	0.0620537	-0.524632	0.849933	0.515468	0.109121	-0.212854	0.0607485	0.109853	-0.99209	0.149278	
-0.523175	0.849941	0.0623569	-0.524323	0.850045	0.515207	0.109475	-0.212075	0.0609206	0.110281	-0.992032	0.149494	
-0.523022	0.850018	0.0625894	-0.524029	0.850128	0.515006	0.109777	-0.211319	0.0610781	0.110625	-0.991984	0.149713	
-0.522929	0.850058	0.0628229	-0.523735	0.850174	0.514865	0.110085	-0.210561	0.0612331	0.110977	-0.991935	0.14993	
-0.522851	0.850098	0.0629285	-0.523488	0.85021	0.514752	0.110332	-0.20981	0.0614009	0.11119	-0.991901	0.150159	
-0.522847	0.850084	0.0631508	-0.523205	0.850203	0.514703	0.110614	-0.209049	0.0615274	0.111525	-0.991855	0.150347	
-0.52296	0.849996	0.0634004	-0.522912	0.850127	0.514768	0.110898	-0.208289	0.061626	0.111893	-0.991808	0.150517	
-0.523121	0.849876	0.063678	-0.522619	0.850022	0.514881	0.111176	-0.207524	0.0616988	0.112286	-0.991759	0.150686	
-0.523333	0.849722	0.0639972	-0.52232	0.849887	0.515039	0.111473	-0.206752	0.0617596	0.112728	-0.991705	0.150835	
-0.523599	0.849531	0.0643545	-0.522015	0.84972	0.515248	0.111781	-0.205972	0.0618032	0.113212	-0.991647	0.150983	
-0.523888	0.849328	0.0646773	-0.521731	0.849539	0.515484	0.112075	-0.205183	0.0618481	0.11366	-0.991593	0.151138	
-0.524139	0.84915	0.0649838	-0.521461	0.84938	0.515683	0.112363	-0.204384	0.0619018	0.11409	-0.99154	0.151301	
-0.524391	0.848968	0.0653323	-0.521183	0.849222	0.515878	0.112656	-0.203579	0.061938	0.114557	-0.991484	0.151444	
-0.524679	0.848768	0.0656174	-0.520922	0.849042	0.516119	0.112909	-0.202787	0.0619675	0.114953	-0.991436	0.151607	
-0.52491	0.848601	0.0659216	-0.520656	0.848897	0.516303	0.113158	-0.201989	0.0619905	0.115359	-0.991388	0.151762	
-0.525102	0.848466	0.0661326	-0.520428	0.848776	0.516457	0.113368	-0.201188	0.0620341	0.115661	-0.99135	0.15193	
-0.525289	0.848336	0.0663104	-0.520213	0.848656	0.516611	0.113557	-0.200384	0.0620776	0.115925	-0.991316	0.152122	
-0.525461	0.848215	0.0664943	-0.519993	0.848548	0.516752	0.113722	-0.199594	0.0621001	0.11618	-0.991285	0.152309	
-0.525683	0.848063	0.0666847	-0.519759	0.84841	0.516944	0.113883	-0.198814	0.062108	0.116443	-0.991254	0.152492	
-0.525959	0.847871	0.066946	-0.51951	0.848241	0.517183	0.114057	-0.198035	0.0620824	0.116776	-0.991216	0.152659	
-0.526274	0.847665	0.067085	-0.519296	0.848048	0.517476	0.114164	-0.19728	0.0620582	0.116973	-0.991194	0.152842	
-0.526638	0.847419	0.0673271	-0.519055	0.847825	0.517808	0.114317	-0.196504	0.0620122	0.117285	-0.99116	0.153004	
-0.527092	0.847123	0.0675077	-0.518834	0.847547	0.518238	0.114424	-0.195756	0.0619461	0.117528	-0.991136	0.153162	
-0.527555	0.846822	0.0676661	-0.518624	0.847265	0.51868	0.114517	-0.195003	0.0618783	0.117745	-0.991114	0.153324	
-0.528069	0.84648	0.0679308	-0.51838	0.846951	0.519164	0.114641	-0.194244	0.0617739	0.118072	-0.991082	0.153458	
-0.528598	0.846131	0.0681713	-0.51815	0.84663	0.519665	0.114742	-0.193493	0.0616608	0.118368	-0.991053	0.153585	
-0.529154	0.845758	0.0684777	-0.5179	0.846292	0.520188	0.114869	-0.192747	0.0615303	0.118736	-0.991018	0.153716	
-0.529717	0.845383	0.0687589	-0.517665	0.845949	0.52072	0.114983	-0.192002	0.0614001	0.119075	-0.990985	0.153839	
-0.530196	0.845062	0.0690121	-0.517453	0.845657	0.521171	0.115092	-0.191248	0.0612926	0.119382	-0.990955	0.153972	
-0.530661	0.844742	0.0693557	-0.517215	0.845374	0.521598	0.115227	-0.190477	0.0611617	0.119778	-0.990915	0.154077	
-0.531119	0.844432	0.0696173	-0.517	0.845096	0.52203	0.115316	-0.189731	0.0610338	0.12008	-0.990886	0.154205	
-0.531596	0.844107	0.0699269	-0.516769	0.844807	0.522476	0.115411	-0.188982	0.0608837	0.120427	-0.990853	0.154321	
-0.532103	0.843762	0.0702308	-0.516544	0.844499	0.522953	0.115508	-0.188214	0.0607336	0.120772	-0.990821	0.15443	
-0.532622	0.843416	0.0704456	-0.516362	0.844181	0.523451	0.115576	-0.187439	0.0606036	0.121027	-0.990798	0.154565	
-0.533234	0.843008	0.0707096	-0.516165	0.843805	0.524036	0.115673	-0.186652	0.0604585	0.121346	-0.990767	0.154703	
