-0.689636	0.723394	-0.0332314	-0.5349	0.722576	0.690436	0.0343968	-0.370458	0.0478266	-0.000290982	-0.998856	0.147851	
-0.689617	0.723411	-0.0332413	-0.534911	0.722593	0.690418	0.0343908	-0.370446	0.047829	-0.000303416	-0.998855	0.147859	
-0.689577	0.723448	-0.0332634	-0.534932	0.72263	0.690379	0.0343929	-0.370422	0.0478459	-0.000320624	-0.998855	0.147871	
-0.689479	0.72354	-0.0333034	-0.53499	0.722721	0.690282	0.0344214	-0.370346	0.047894	-0.000336245	-0.998852	0.147885	
-0.689405	0.723608	-0.0333356	-0.535032	0.722789	0.690211	0.034434	-0.370292	0.0479254	-0.000355603	-0.998851	0.147901	
-0.68935	0.72366	-0.0333603	-0.535064	0.72284	0.690157	0.0344319	-0.370253	0.0479408	-0.000378502	-0.99885	0.147917	
-0.68928	0.723725	-0.0333949	-0.535105	0.722905	0.690088	0.0344451	-0.370201	0.0479742	-0.000398974	-0.998848	0.147933	
-0.689202	0.723797	-0.0334357	-0.535151	0.722976	0.690013	0.0344692	-0.370142	0.0480198	-0.000416973	-0.998846	0.147949	
-0.689133	0.723862	-0.0334734	-0.535193	0.72304	0.689945	0.0344851	-0.370089	0.0480572	-0.000437863	-0.998845	0.147967	
-0.689052	0.723936	-0.0335166	-0.535241	0.723114	0.689867	0.0344988	-0.37003	0.0480969	-0.000464842	-0.998843	0.147988	
-0.688958	0.724024	-0.0335699	-0.535297	0.723201	0.689775	0.0345088	-0.369961	0.0481408	-0.000502712	-0.99884	0.148017	
-0.688842	0.724131	-0.033631	-0.535365	0.723307	0.689663	0.0345289	-0.369875	0.0481974	-0.000540607	-0.998838	0.148047	
-0.688716	0.724247	-0.0337063	-0.535441	0.723423	0.68954	0.0345537	-0.369782	0.0482673	-0.000586215	-0.998834	0.148083	
-0.688581	0.724372	-0.0337788	-0.53552	0.723546	0.689409	0.0345828	-0.369682	0.0483382	-0.000627431	-0.998831	0.148117	
-0.688448	0.724495	-0.0338465	-0.535599	0.723668	0.689279	0.0346159	-0.369582	0.0484088	-0.000662414	-0.998827	0.148146	
-0.688317	0.724617	-0.0339173	-0.535677	0.723789	0.689151	0.0346437	-0.369483	0.0484775	-0.000703127	-0.998824	0.148179	
-0.688186	0.724738	-0.033987	-0.535754	0.723908	0.689025	0.0346699	-0.369386	0.0485444	-0.000744131	-0.998821	0.148212	
-0.688043	0.72487	-0.0340607	-0.535837	0.724039	0.688885	0.0346996	-0.36928	0.0486166	-0.00078639	-0.998817	0.148247	
-0.687892	0.725009	-0.0341469	-0.535927	0.724178	0.688738	0.0347305	-0.369167	0.0486982	-0.000837565	-0.998813	0.148288	
-0.687731	0.725158	-0.0342352	-0.536022	0.724324	0.688582	0.0347637	-0.369047	0.0487829	-0.000889245	-0.998809	0.14833	
-0.687561	0.725315	-0.0343265	-0.536123	0.724481	0.688416	0.0347965	-0.368921	0.0488694	-0.000944189	-0.998805	0.148374	
-0.687387	0.725475	-0.0344195	-0.536225	0.724639	0.688248	0.0348294	-0.368792	0.048957	-0.00100045	-0.9988	0.148419	
-0.687212	0.725637	-0.0345102	-0.536327	0.7248	0.688077	0.0348636	-0.368662	0.049044	-0.00105429	-0.998796	0.148463	
-0.687032	0.725803	-0.034599	-0.536432	0.724964	0.687902	0.0349004	-0.368528	0.0491315	-0.00110533	-0.998792	0.148504	
-0.686844	0.725977	-0.0346872	-0.536541	0.725136	0.687718	0.0349421	-0.368387	0.0492222	-0.00115315	-0.998787	0.148544	
-0.686641	0.726164	-0.0347725	-0.536657	0.725322	0.68752	0.0349882	-0.368235	0.049314	-0.00119685	-0.998783	0.148582	
-0.686434	0.726356	-0.0348595	-0.536775	0.725512	0.687318	0.0350311	-0.36808	0.0494046	-0.00124445	-0.998778	0.148622	
-0.686217	0.726556	-0.0349557	-0.536899	0.72571	0.687106	0.0350775	-0.367917	0.0495041	-0.00129698	-0.998773	0.148666	
-0.686001	0.726756	-0.0350568	-0.537025	0.725908	0.686894	0.0351199	-0.367756	0.0496039	-0.00135572	-0.998768	0.148714	
-0.685778	0.726961	-0.0351589	-0.537152	0.726111	0.686678	0.0351673	-0.36759	0.0497081	-0.00141224	-0.998763	0.148761	
-0.685557	0.727164	-0.035267	-0.53728	0.726313	0.686462	0.0352143	-0.367425	0.049816	-0.00147351	-0.998757	0.148811	
-0.685327	0.727376	-0.035372	-0.537412	0.726522	0.686238	0.0352668	-0.367252	0.0499258	-0.00152926	-0.998752	0.148858	
-0.685087	0.727597	-0.0354725	-0.537548	0.726741	0.686003	0.0353191	-0.367073	0.0500323	-0.00158267	-0.998746	0.148904	
-0.684846	0.72782	-0.0355696	-0.537684	0.726961	0.685767	0.0353757	-0.366891	0.0501396	-0.00163083	-0.998741	0.148946	
-0.684598	0.728047	-0.0356659	-0.537823	0.727187	0.685525	0.0354319	-0.366706	0.0502459	-0.00167913	-0.998735	0.148988	
-0.68435	0.728276	-0.0357604	-0.537962	0.727412	0.685282	0.0354925	-0.36652	0.0503543	-0.0017232	-0.99873	0.149027	
-0.684098	0.728508	-0.0358544	-0.538103	0.727642	0.685035	0.0355537	-0.36633	0.0504627	-0.001767	-0.998724	0.149066	
-0.683839	0.728746	-0.0359492	-0.538247	0.727878	0.684781	0.0356145	-0.366136	0.0505713	-0.00181204	-0.998719	0.149106	
-0.683574	0.72899	-0.0360512	-0.538395	0.728119	0.684522	0.0356755	-0.365938	0.0506849	-0.00186265	-0.998713	0.149151	
-0.683305	0.729237	-0.0361471	-0.538541	0.728364	0.684258	0.0357297	-0.365741	0.0507894	-0.00191396	-0.998708	0.149195	
-0.683028	0.729492	-0.0362404	-0.538691	0.728617	0.683986	0.0357812	-0.365539	0.0508901	-0.00196581	-0.998702	0.149239	
-0.682746	0.729752	-0.0363281	-0.538841	0.728875	0.683709	0.0358234	-0.365337	0.05098	-0.00202037	-0.998698	0.149284	
-0.68246	0.730016	-0.0364025	-0.538988	0.729138	0.683427	0.0358555	-0.365138	0.0510535	-0.00207253	-0.998694	0.149326	
-0.682176	0.730278	-0.0364682	-0.539129	0.7294	0.683146	0.0358777	-0.364945	0.0511139	-0.00212501	-0.998691	0.149368	
-0.681891	0.730541	-0.0365277	-0.539268	0.729662	0.682865	0.0358921	-0.364755	0.0511642	-0.00217836	-0.998688	0.14941	
-0.681611	0.7308	-0.036586	-0.539404	0.729921	0.682588	0.0358994	-0.364571	0.0512084	-0.00223546	-0.998685	0.149453	
-0.68133	0.731058	-0.0366452	-0.539539	0.73018	0.682311	0.0358996	-0.364389	0.0512482	-0.00229814	-0.998683	0.149499	
-0.681044	0.731322	-0.0367049	-0.539678	0.730444	0.682028	0.0358985	-0.364202	0.0512872	-0.0023624	-0.998681	0.149547	
-0.680744	0.731598	-0.0367734	-0.539824	0.73072	0.681732	0.0359057	-0.364004	0.0513381	-0.00242846	-0.998678	0.149597	
-0.68044	0.731877	-0.0368357	-0.539971	0.731	0.681432	0.0359113	-0.363804	0.0513837	-0.00249134	-0.998676	0.149644	
-0.680141	0.732152	-0.0368879	-0.540112	0.731276	0.681136	0.0359082	-0.363612	0.051416	-0.00255262	-0.998674	0.149691	
-0.679845	0.732425	-0.0369354	-0.54025	0.731549	0.680842	0.0359033	-0.363423	0.0514437	-0.00261138	-0.998672	0.149734	
-0.679553	0.732693	-0.0369853	-0.540386	0.731819	0.680554	0.0358946	-0.363237	0.0514702	-0.00267426	-0.998671	0.14978	
-0.679257	0.732965	-0.0370319	-0.540523	0.732092	0.680261	0.0358771	-0.363051	0.051488	-0.00274098	-0.99867	0.149828	
-0.678963	0.733235	-0.0370795	-0.540658	0.732364	0.679969	0.0358491	-0.36287	0.0514988	-0.00281544	-0.998669	0.14988	
-0.678658	0.733516	-0.0371176	-0.540794	0.732647	0.679666	0.035819	-0.362681	0.0515014	-0.00288525	-0.998669	0.149929	
-0.678343	0.733806	-0.0371535	-0.540932	0.732939	0.679353	0.0357791	-0.362491	0.0514953	-0.00296077	-0.998669	0.149983	
-0.678026	0.734098	-0.0371676	-0.541062	0.733234	0.679037	0.0357327	-0.362306	0.0514695	-0.00302487	-0.99867	0.15003	
-0.677706	0.734392	-0.0371762	-0.54119	0.733531	0.678718	0.0356882	-0.362118	0.0514413	-0.00308379	-0.998671	0.150074	
-0.677378	0.734695	-0.0371751	-0.541318	0.733836	0.678391	0.0356609	-0.36192	0.0514191	-0.00312444	-0.998672	0.150111	
-0.677038	0.735009	-0.0371693	-0.54145	0.734151	0.67805	0.035635	-0.361712	0.0513947	-0.00316159	-0.998673	0.150147	
-0.676694	0.735326	-0.0371525	-0.541579	0.734471	0.677706	0.0355899	-0.361508	0.0513486	-0.00320397	-0.998676	0.150185	
-0.676334	0.735659	-0.0371233	-0.541709	0.734808	0.677345	0.035526	-0.361302	0.0512803	-0.00325109	-0.998679	0.150225	
-0.675972	0.735994	-0.0370776	-0.541833	0.735146	0.67698	0.0354614	-0.361095	0.0512001	-0.00328654	-0.998683	0.15026	
-0.67561	0.736329	-0.0370175	-0.541948	0.735487	0.676615	0.0353608	-0.360905	0.0510838	-0.00333579	-0.998689	0.1503	
-0.675239	0.736674	-0.0369361	-0.54206	0.735837	0.67624	0.0352514	-0.360714	0.0509465	-0.00337586	-0.998696	0.150334	
-0.67485	0.737035	-0.03684	-0.542173	0.736205	0.675846	0.0351293	-0.360515	0.0507897	-0.00341483	-0.998704	0.150368	
-0.674444	0.737413	-0.0367091	-0.542279	0.736591	0.675433	0.0349718	-0.360321	0.0505832	-0.00345307	-0.998714	0.150399	
-0.67402	0.737808	-0.0365506	-0.542381	0.736996	0.675001	0.0347948	-0.360126	0.0503435	-0.00348525	-0.998726	0.150427	
-0.673593	0.738207	-0.0363827	-0.54248	0.737403	0.674566	0.0346111	-0.359928	0.0500927	-0.00351496	-0.998738	0.150455	
-0.673175	0.738596	-0.0362078	-0.542572	0.737802	0.674139	0.0344254	-0.359736	0.0498356	-0.00353985	-0.998751	0.150482	
-0.672758	0.738985	-0.0360349	-0.542665	0.738199	0.673713	0.0342577	-0.359532	0.0495931	-0.00355375	-0.998763	0.150507	
-0.672336	0.739377	-0.0358495	-0.542757	0.7386	0.673282	0.0340919	-0.359322	0.0493436	-0.00355723	-0.998776	0.150528	
-0.671912	0.739773	-0.0356432	-0.542841	0.739004	0.672847	0.0339046	-0.359117	0.0490641	-0.00355959	-0.998789	0.150548	
-0.671483	0.740174	-0.035404	-0.542914	0.739414	0.672406	0.0337096	-0.358914	0.0487568	-0.00354279	-0.998804	0.150559	
-0.671045	0.740584	-0.035125	-0.542974	0.739835	0.671954	0.033496	-0.358715	0.048409	-0.00350935	-0.998821	0.15056	
-0.670584	0.741016	-0.0348276	-0.543037	0.740276	0.671479	0.0332867	-0.358499	0.048052	-0.00346044	-0.998839	0.150556	
-0.670112	0.741457	-0.034517	-0.5431	0.740726	0.670992	0.0330938	-0.358269	0.0476983	-0.00339111	-0.998856	0.150545	
-0.669656	0.741885	-0.0341871	-0.543147	0.741162	0.67052	0.0329055	-0.358041	0.0473352	-0.00330283	-0.998874	0.15053	
-0.669204	0.742307	-0.0338517	-0.543189	0.741592	0.670052	0.0327335	-0.357807	0.0469807	-0.00319882	-0.998891	0.150511	
-0.668748	0.742734	-0.0335061	-0.543231	0.742025	0.66958	0.0325878	-0.357556	0.0466391	-0.00306933	-0.998907	0.150484	
-0.668278	0.743173	-0.0331409	-0.54327	0.74247	0.669093	0.0324597	-0.357287	0.0462975	-0.00291399	-0.998923	0.150449	
-0.667801	0.74362	-0.032741	-0.543298	0.742921	0.668597	0.0323365	-0.357011	0.0459366	-0.00272964	-0.998941	0.150403	
-0.667307	0.744082	-0.0323007	-0.543314	0.743389	0.668084	0.0321932	-0.356734	0.045534	-0.00252925	-0.99896	0.150349	
-0.66681	0.744548	-0.0318395	-0.543322	0.743861	0.667565	0.032049	-0.356456	0.045117	-0.00231357	-0.998979	0.150291	
-0.6663	0.745025	-0.0313471	-0.543325	0.744344	0.667034	0.0319142	-0.356166	0.0446864	-0.00206854	-0.998999	0.15022	
-0.66581	0.745484	-0.0308407	-0.543315	0.744807	0.666521	0.0318082	-0.355874	0.0442684	-0.00179215	-0.999018	0.150136	
-0.665331	0.745932	-0.0303368	-0.543302	0.745258	0.666021	0.0317327	-0.355572	0.0438754	-0.00149602	-0.999036	0.150048	
-0.664856	0.746375	-0.0298402	-0.543291	0.745703	0.665525	0.0316845	-0.355257	0.0435079	-0.00118629	-0.999052	0.149958	
-0.664378	0.746821	-0.0293254	-0.543274	0.74615	0.665025	0.0316564	-0.35493	0.0431438	-0.000849306	-0.999068	0.149858	
-0.6639	0.747267	-0.0287947	-0.543246	0.746598	0.664524	0.0316213	-0.354605	0.0427643	-0.000504713	-0.999085	0.14976	
-0.663413	0.747721	-0.0282328	-0.543208	0.747053	0.664013	0.0315919	-0.354272	0.0423689	-0.000132939	-0.999102	0.149652	
-0.662921	0.748178	-0.0276703	-0.543169	0.747512	0.663498	0.031555	-0.353938	0.0419679	0.000234579	-0.999119	0.149547	
-0.662441	0.748624	-0.0270975	-0.543123	0.74796	0.662994	0.0315407	-0.353602	0.0415776	0.000626022	-0.999135	0.149432	
-0.661973	0.749059	-0.0265055	-0.543066	0.748394	0.662503	0.0315538	-0.353262	0.0411956	0.00105117	-0.999151	0.149304	
-0.661502	0.749495	-0.0259047	-0.543008	0.748831	0.662008	0.0315972	-0.352904	0.0408311	0.00150341	-0.999165	0.149166	
-0.661036	0.749926	-0.0253246	-0.542954	0.749261	0.661519	0.0316477	-0.352543	0.0404861	0.00194557	-0.999178	0.149037	
-0.660568	0.750358	-0.0247358	-0.542897	0.749692	0.661027	0.031708	-0.352177	0.0401434	0.00240113	-0.999191	0.148903	
-0.660099	0.750791	-0.0241283	-0.542832	0.750123	0.660533	0.0317879	-0.351799	0.0398036	0.00288393	-0.999203	0.148761	
-0.659622	0.75123	-0.0235136	-0.542766	0.750561	0.660032	0.0318667	-0.351417	0.0394589	0.00337159	-0.999215	0.148618	
-0.659144	0.751667	-0.0229054	-0.542697	0.750999	0.659531	0.0319136	-0.351051	0.0390952	0.00383368	-0.999228	0.148487	
-0.658672	0.752101	-0.0222643	-0.542612	0.751433	0.659034	0.03198	-0.35068	0.0387251	0.00433415	-0.999241	0.148341	
-0.658192	0.75254	-0.021625	-0.542531	0.751872	0.658529	0.0320638	-0.350295	0.03837	0.00484492	-0.999252	0.148194	
-0.657712	0.752976	-0.021033	-0.542467	0.752308	0.658027	0.0321594	-0.349901	0.0380555	0.00532835	-0.999261	0.148063	
-0.657236	0.753408	-0.0204339	-0.542398	0.752739	0.657527	0.0322773	-0.349497	0.0377538	0.00583238	-0.99927	0.147926	
-0.656759	0.75384	-0.0198184	-0.542323	0.75317	0.657027	0.0324042	-0.34909	0.0374488	0.00635513	-0.999278	0.147782	
-0.656273	0.754278	-0.0192445	-0.542265	0.753608	0.656519	0.0325133	-0.348683	0.0371585	0.00683477	-0.999286	0.147658	
-0.65579	0.754713	-0.0186585	-0.542201	0.754042	0.656015	0.032634	-0.348275	0.0368696	0.00733176	-0.999293	0.147526	
-0.655316	0.755139	-0.0180707	-0.542129	0.754468	0.655518	0.0327605	-0.347871	0.0365845	0.00783471	-0.9993	0.147395	
-0.654821	0.755581	-0.0175053	-0.542069	0.754911	0.655002	0.0328909	-0.347452	0.0363178	0.00832274	-0.999306	0.147275	
-0.654322	0.756026	-0.0169478	-0.542013	0.755356	0.654482	0.0330306	-0.347025	0.036064	0.00881104	-0.999311	0.147158	
-0.653819	0.756474	-0.0163944	-0.541956	0.755803	0.653958	0.0331655	-0.346596	0.0358101	0.00929326	-0.999315	0.147047	
-0.653298	0.756934	-0.0158616	-0.541912	0.756264	0.653418	0.0333125	-0.346153	0.0355796	0.00976739	-0.999319	0.146943	
-0.652769	0.757402	-0.0153177	-0.541867	0.756731	0.652868	0.0334895	-0.34569	0.0353655	0.0102695	-0.999322	0.14683	
-0.652243	0.757866	-0.0147839	-0.54182	0.757194	0.652322	0.0336714	-0.345226	0.0351622	0.0107677	-0.999324	0.146722	
-0.651712	0.758332	-0.0142878	-0.541788	0.757659	0.651772	0.0338591	-0.344756	0.0349889	0.0112411	-0.999325	0.146627	
-0.651166	0.75881	-0.0137974	-0.541764	0.758136	0.651207	0.0340637	-0.344268	0.0348328	0.0117209	-0.999324	0.146533	
-0.650614	0.759291	-0.0133293	-0.541748	0.758616	0.650637	0.0342555	-0.343782	0.0346825	0.0121753	-0.999324	0.14645	
-0.650059	0.759775	-0.0128513	-0.541727	0.7591	0.650063	0.0344338	-0.343299	0.0345162	0.0126286	-0.999324	0.146369	
-0.649492	0.760267	-0.0123862	-0.541711	0.759592	0.649479	0.0346011	-0.342813	0.0343507	0.0130648	-0.999324	0.146299	
-0.648918	0.760765	-0.0119179	-0.541691	0.76009	0.648887	0.0347703	-0.342322	0.0341854	0.0135043	-0.999324	0.146234	
-0.648352	0.761254	-0.0114788	-0.541674	0.76058	0.648305	0.0349199	-0.341843	0.0340247	0.0139098	-0.999324	0.146186	
-0.647787	0.761741	-0.0110744	-0.541665	0.761068	0.647725	0.0350469	-0.341373	0.0338698	0.0142745	-0.999324	0.14616	
-0.647232	0.762219	-0.0106334	-0.541639	0.761547	0.647153	0.0351899	-0.340899	0.0337039	0.0146782	-0.999324	0.146117	
-0.646686	0.762688	-0.0101915	-0.541607	0.762018	0.646591	0.0353457	-0.340424	0.0335475	0.0150914	-0.999323	0.146074	
-0.646129	0.763165	-0.00980278	-0.541597	0.762496	0.646019	0.0355034	-0.339939	0.0334278	0.0154652	-0.999321	0.146052	
-0.645572	0.763641	-0.00942193	-0.541588	0.762972	0.645446	0.035675	-0.339447	0.0333242	0.0158421	-0.999319	0.146032	
-0.645028	0.764105	-0.00906346	-0.541577	0.763436	0.644889	0.0358277	-0.338968	0.033221	0.0161905	-0.999317	0.146028	
-0.644497	0.764557	-0.00871537	-0.541562	0.763889	0.644344	0.0359794	-0.338496	0.033124	0.016531	-0.999315	0.146031	
-0.64396	0.765013	-0.00834717	-0.54154	0.764345	0.643792	0.0361682	-0.338003	0.033043	0.0169107	-0.999311	0.146021	
-0.643432	0.765461	-0.00803248	-0.541532	0.764792	0.643251	0.0363484	-0.337517	0.0329902	0.0172445	-0.999307	0.146035	
-0.64291	0.765903	-0.00772025	-0.541516	0.765233	0.642716	0.036523	-0.337036	0.032935	0.0175732	-0.999303	0.146057	
-0.642399	0.766334	-0.00741582	-0.541496	0.765664	0.642193	0.0366974	-0.336559	0.0328849	0.0178964	-0.999299	0.146085	
-0.641908	0.766749	-0.00711234	-0.541466	0.766079	0.641689	0.036852	-0.3361	0.0328201	0.018207	-0.999295	0.146119	
-0.641412	0.767166	-0.00678327	-0.541426	0.766497	0.64118	0.0370324	-0.335631	0.0327593	0.0185537	-0.999291	0.14614	
-0.640902	0.767595	-0.00649916	-0.541406	0.766924	0.640657	0.0372271	-0.335145	0.0327391	0.0188745	-0.999286	0.146176	
-0.640373	0.768039	-0.00622182	-0.541394	0.767366	0.640116	0.0374327	-0.334642	0.0327324	0.0191965	-0.99928	0.146215	
-0.639854	0.768474	-0.00593816	-0.541371	0.7678	0.639584	0.0376267	-0.334148	0.0327131	0.0195163	-0.999274	0.146259	
-0.639318	0.768921	-0.00564941	-0.541351	0.768247	0.639036	0.0377997	-0.333653	0.0326752	0.0198259	-0.999269	0.146307	
-0.638769	0.76938	-0.00536699	-0.541333	0.768705	0.638474	0.0379802	-0.333147	0.0326479	0.020135	-0.999264	0.14636	
-0.638218	0.769839	-0.00508917	-0.541314	0.769164	0.637911	0.0381673	-0.332636	0.0326291	0.0204446	-0.999258	0.146417	
-0.637687	0.77028	-0.00482873	-0.541287	0.769604	0.637368	0.038359	-0.332134	0.0326248	0.0207448	-0.999252	0.146485	
-0.637158	0.77072	-0.00457064	-0.541265	0.770042	0.636827	0.0385616	-0.331625	0.0326309	0.0210503	-0.999246	0.146548	
-0.63663	0.771157	-0.00431543	-0.541242	0.770478	0.636286	0.0387721	-0.331112	0.0326452	0.0213585	-0.999239	0.146613	
-0.636104	0.771592	-0.0040445	-0.541212	0.770911	0.635747	0.0389984	-0.330593	0.0326621	0.0216891	-0.999231	0.146668	
-0.635562	0.772041	-0.00376203	-0.541179	0.771358	0.635191	0.0392361	-0.330059	0.0326814	0.0220351	-0.999223	0.146724	
-0.63501	0.772496	-0.00349295	-0.54115	0.771811	0.634625	0.0394797	-0.329515	0.0327147	0.0223741	-0.999214	0.146786	
-0.634459	0.77295	-0.00321256	-0.541114	0.772263	0.63406	0.0397305	-0.32897	0.0327466	0.0227264	-0.999205	0.146845	
-0.633908	0.773403	-0.00290455	-0.541062	0.772713	0.633493	0.0400102	-0.328412	0.032784	0.0231184	-0.999195	0.146894	
-0.633359	0.773854	-0.00259959	-0.54101	0.773161	0.632927	0.0403172	-0.32784	0.032845	0.0235254	-0.999184	0.146941	
-0.632808	0.774305	-0.00231823	-0.540964	0.773609	0.63236	0.0406212	-0.327267	0.0329191	0.023912	-0.999172	0.146999	
-0.632267	0.774748	-0.00204213	-0.540917	0.774047	0.631802	0.0409462	-0.32669	0.0330132	0.0243082	-0.999159	0.147055	
-0.631726	0.77519	-0.00173304	-0.540852	0.774484	0.631243	0.041314	-0.326093	0.0331202	0.0247569	-0.999145	0.147095	
-0.631191	0.775626	-0.00146055	-0.540792	0.774915	0.63069	0.0416697	-0.325499	0.0332412	0.0251697	-0.99913	0.14716	
-0.630678	0.776043	-0.00122447	-0.540732	0.775325	0.630161	0.0420439	-0.324908	0.0333995	0.0255668	-0.999115	0.147238	
-0.630171	0.776456	-0.000971317	-0.540659	0.77573	0.629636	0.0424413	-0.324308	0.0335654	0.0259918	-0.999098	0.14731	
-0.629674	0.776859	-0.000719489	-0.540581	0.776126	0.62912	0.0428594	-0.323702	0.0337483	0.026429	-0.999081	0.147381	
-0.629184	0.777256	-0.000464289	-0.540497	0.776515	0.62861	0.043284	-0.323095	0.0339346	0.0268731	-0.999063	0.147453	
-0.628696	0.777652	-0.000231628	-0.540414	0.776903	0.628103	0.0436919	-0.322493	0.0341225	0.0272889	-0.999045	0.147543	
-0.628201	0.778051	2.38576e-05	-0.540319	0.777295	0.627588	0.0441201	-0.321876	0.0343127	0.0277348	-0.999026	0.147629	
-0.62771	0.778447	0.00029048	-0.540211	0.777682	0.627077	0.0445605	-0.321255	0.0345058	0.028197	-0.999007	0.147714	
-0.627232	0.778832	0.000511549	-0.540112	0.778059	0.62658	0.0449658	-0.320655	0.0347003	0.028602	-0.998988	0.147824	
-0.626767	0.779207	0.000757429	-0.539996	0.778425	0.626094	0.0453909	-0.320056	0.0348946	0.0290391	-0.998969	0.147924	
-0.626299	0.779582	0.00104066	-0.539861	0.778793	0.625604	0.0458415	-0.319441	0.0350861	0.0295209	-0.998948	0.148012	
-0.62584	0.77995	0.00133237	-0.539718	0.779153	0.625122	0.0462961	-0.318828	0.0352758	0.0300121	-0.998927	0.148098	
-0.625387	0.780313	0.00164047	-0.539565	0.779508	0.624643	0.0467688	-0.318213	0.0354696	0.0305274	-0.998904	0.148176	
-0.624936	0.780673	0.00199276	-0.539393	0.779861	0.624165	0.0472708	-0.317585	0.0356592	0.0310953	-0.99888	0.148234	
-0.624483	0.781035	0.00233191	-0.539224	0.780215	0.623685	0.0477665	-0.316958	0.0358529	0.0316488	-0.998856	0.1483	
-0.624046	0.781383	0.00265452	-0.539049	0.780555	0.623222	0.0482535	-0.316342	0.0360501	0.0321844	-0.998832	0.148379	
-0.623629	0.781715	0.00305346	-0.538839	0.780881	0.622773	0.0487802	-0.315723	0.0362306	0.0328052	-0.998805	0.148422	
-0.623204	0.782052	0.00344026	-0.538634	0.781211	0.622317	0.0493099	-0.315097	0.036422	0.0334177	-0.998778	0.148472	
-0.622774	0.782392	0.00381561	-0.538432	0.781544	0.621856	0.0498374	-0.314469	0.0366196	0.0340195	-0.99875	0.148528	
-0.622349	0.782728	0.00425586	-0.538204	0.781874	0.621396	0.0503942	-0.313829	0.0368004	0.0346903	-0.99872	0.148556	
-0.621934	0.783056	0.00470042	-0.537965	0.782196	0.620945	0.0509515	-0.313192	0.0369791	0.0353651	-0.99869	0.148589	
-0.621521	0.78338	0.00516545	-0.537717	0.782516	0.620495	0.0515189	-0.312551	0.0371538	0.0360621	-0.998659	0.148614	
-0.621113	0.783701	0.0056265	-0.537465	0.782832	0.62005	0.0520777	-0.311914	0.0373246	0.0367507	-0.998627	0.148645	
-0.620702	0.784024	0.00604141	-0.537224	0.783149	0.619604	0.0526178	-0.311282	0.0375103	0.0373913	-0.998596	0.148702	
-0.620307	0.784332	0.00648713	-0.53696	0.783453	0.619172	0.0531723	-0.310652	0.0376881	0.0380656	-0.998564	0.148751	
-0.619925	0.78463	0.00695707	-0.536678	0.783747	0.61875	0.0537422	-0.31002	0.037863	0.0387687	-0.998531	0.148794	
-0.61953	0.784937	0.00743592	-0.536391	0.78405	0.618316	0.0543274	-0.309373	0.0380459	0.0394876	-0.998495	0.148836	
-0.619133	0.785246	0.00790536	-0.536106	0.784355	0.617878	0.0549057	-0.308724	0.0382299	0.0401945	-0.99846	0.148886	
-0.618743	0.785549	0.00833884	-0.535822	0.784654	0.617448	0.05546	-0.308086	0.0384178	0.0408586	-0.998426	0.148961	
-0.618363	0.785844	0.00880522	-0.535519	0.784944	0.617027	0.0560354	-0.307444	0.038602	0.0415618	-0.99839	0.149026	
-0.617973	0.786145	0.00922848	-0.535229	0.785242	0.616598	0.0565901	-0.306803	0.0387978	0.0422177	-0.998355	0.149113	
-0.61758	0.786449	0.00966685	-0.534934	0.785541	0.616165	0.0571578	-0.306155	0.0389953	0.0428932	-0.998318	0.149194	
-0.617213	0.786731	0.0101357	-0.534613	0.78582	0.615755	0.0577231	-0.305519	0.0391714	0.0435923	-0.998281	0.14927	
-0.616867	0.786996	0.0106338	-0.534276	0.786084	0.615365	0.0582915	-0.304894	0.0393315	0.0443171	-0.998243	0.149333	
-0.616524	0.787258	0.0111044	-0.533947	0.786345	0.614979	0.0588476	-0.304277	0.0394993	0.0450128	-0.998205	0.149406	
-0.616165	0.787532	0.0115595	-0.53363	0.786617	0.614577	0.0593988	-0.303654	0.0396743	0.0456923	-0.998167	0.149485	
-0.6158	0.78781	0.0120707	-0.533292	0.786895	0.614165	0.0599838	-0.303011	0.0398425	0.0464364	-0.998126	0.14954	
-0.615446	0.788078	0.0126373	-0.532933	0.787164	0.61376	0.0605895	-0.302364	0.0399929	0.0472372	-0.998083	0.14957	
-0.615098	0.78834	0.013211	-0.532564	0.787428	0.613361	0.0612036	-0.301719	0.0401461	0.048049	-0.998038	0.149599	
-0.614743	0.788608	0.0137487	-0.53221	0.787697	0.612955	0.0618024	-0.301077	0.0403106	0.0488224	-0.997994	0.14964	
-0.614401	0.788864	0.0143277	-0.531832	0.787955	0.612559	0.0624319	-0.30043	0.0404737	0.0496478	-0.997946	0.149668	
-0.61407	0.789111	0.0148934	-0.531454	0.788205	0.612175	0.0630454	-0.299794	0.0406324	0.0504533	-0.9979	0.149696	
-0.613747	0.789351	0.0154437	-0.531076	0.788448	0.6118	0.0636478	-0.299168	0.040792	0.0512403	-0.997853	0.149739	
-0.613436	0.789582	0.0160052	-0.530684	0.788682	0.611434	0.0642618	-0.298543	0.0409539	0.0520436	-0.997805	0.14978	
-0.613119	0.789816	0.0165962	-0.530279	0.78892	0.61106	0.0648929	-0.297904	0.0411122	0.0528801	-0.997754	0.149815	
-0.612795	0.790056	0.0171192	-0.529896	0.789163	0.610683	0.0654863	-0.297275	0.0412835	0.0536395	-0.997707	0.14988	
-0.612475	0.790294	0.0175982	-0.529525	0.789402	0.610313	0.0660444	-0.296662	0.0414541	0.0543426	-0.997661	0.149972	
-0.612175	0.790515	0.0181117	-0.529128	0.789626	0.609961	0.0666166	-0.296051	0.0416139	0.0550825	-0.997614	0.150056	
-0.611893	0.790721	0.0186408	-0.528715	0.789837	0.609625	0.0671913	-0.295448	0.0417657	0.0558371	-0.997566	0.150137	
-0.611631	0.790911	0.0191666	-0.528297	0.790033	0.60931	0.0677509	-0.294862	0.0419065	0.0565808	-0.997518	0.150219	
-0.611364	0.791105	0.0196833	-0.52788	0.790232	0.608989	0.0683092	-0.294273	0.0420528	0.0573161	-0.99747	0.150308	
-0.611094	0.7913	0.0202166	-0.527455	0.790432	0.608664	0.0688836	-0.293674	0.0422025	0.0580742	-0.99742	0.150393	
-0.610822	0.791497	0.0207101	-0.527045	0.790634	0.60834	0.0694274	-0.293087	0.0423528	0.0587819	-0.997372	0.150485	
-0.610556	0.791689	0.0212109	-0.526631	0.790832	0.60802	0.0699742	-0.292503	0.0425012	0.0594974	-0.997323	0.15058	
-0.6103	0.791872	0.0217459	-0.526202	0.791022	0.607707	0.0705391	-0.291919	0.0426429	0.0602515	-0.997272	0.150655	
-0.610043	0.792053	0.0223298	-0.525758	0.791212	0.60739	0.071139	-0.291324	0.042783	0.0610654	-0.997216	0.150706	
-0.60978	0.792243	0.0227805	-0.525362	0.791407	0.607076	0.0716581	-0.290757	0.0429412	0.0617244	-0.997169	0.150805	
-0.609506	0.79244	0.0232739	-0.524958	0.791609	0.606746	0.0722094	-0.290175	0.0431002	0.0624359	-0.997118	0.150883	
-0.609241	0.792626	0.0238459	-0.524525	0.791805	0.60642	0.0728048	-0.289581	0.0432464	0.063237	-0.997061	0.150932	
-0.608991	0.792802	0.0243956	-0.524094	0.79199	0.606109	0.0733767	-0.289005	0.0433868	0.0640068	-0.997006	0.15099	
-0.608732	0.792986	0.0248772	-0.523687	0.79218	0.605795	0.073915	-0.288437	0.043543	0.0647016	-0.996954	0.151075	
-0.60847	0.793172	0.0253571	-0.523278	0.792373	0.605477	0.0744577	-0.287866	0.0437046	0.0653975	-0.996902	0.151167	
-0.608197	0.793366	0.0258372	-0.52287	0.792573	0.605146	0.0750118	-0.287284	0.0438766	0.0660998	-0.996848	0.151262	
-0.607921	0.793565	0.0262164	-0.522492	0.792774	0.604821	0.0755004	-0.286723	0.0440582	0.066682	-0.996801	0.151397	
-0.607646	0.793762	0.0266102	-0.522106	0.792975	0.604496	0.0759944	-0.28616	0.0442357	0.0672789	-0.996753	0.151538	
-0.607377	0.793955	0.0269942	-0.521716	0.793172	0.604179	0.0764669	-0.285602	0.0444019	0.0678553	-0.996707	0.151679	
-0.607113	0.794144	0.0273659	-0.52133	0.793364	0.603866	0.0769326	-0.285053	0.0445702	0.068418	-0.996661	0.151827	
-0.606845	0.794343	0.0275554	-0.521	0.793559	0.603565	0.0772851	-0.284538	0.0447594	0.0687669	-0.996628	0.152005	
-0.606589	0.794527	0.0278628	-0.520627	0.793745	0.603267	0.0776993	-0.284008	0.0449254	0.0692475	-0.996587	0.152143	
-0.60633	0.794716	0.0281066	-0.520274	0.793934	0.602972	0.0780665	-0.283488	0.0450932	0.0696488	-0.996552	0.152272	
-0.606066	0.794909	0.028349	-0.51992	0.794126	0.602672	0.0784297	-0.282964	0.0452593	0.0700463	-0.996516	0.152404	
-0.605808	0.795098	0.0285622	-0.519572	0.794313	0.602381	0.0787626	-0.282451	0.0454187	0.0704024	-0.996484	0.15252	
-0.605546	0.795292	0.0287232	-0.519237	0.794503	0.60209	0.0790716	-0.281941	0.045591	0.0707022	-0.996455	0.152635	
-0.605286	0.795484	0.0288832	-0.518902	0.794691	0.601801	0.0793783	-0.281436	0.0457622	0.0709998	-0.996426	0.152751	
-0.605029	0.795679	0.028901	-0.518605	0.794877	0.601527	0.0796042	-0.280957	0.0459546	0.0711356	-0.996408	0.152886	
-0.604763	0.795877	0.029023	-0.51828	0.795068	0.601234	0.079898	-0.280451	0.0461393	0.0713946	-0.99638	0.153001	
-0.604487	0.796086	0.0290231	-0.517988	0.795266	0.600944	0.0801176	-0.279959	0.0463392	0.0715112	-0.996363	0.153114	
-0.604203	0.796304	0.0289511	-0.517717	0.79547	0.600651	0.0802826	-0.279477	0.0465399	0.0715367	-0.996352	0.153261	
-0.603925	0.796522	0.028753	-0.51748	0.795669	0.600378	0.0803551	-0.279026	0.046742	0.0714064	-0.996351	0.153417	
-0.603642	0.796744	0.0285596	-0.517236	0.795872	0.600098	0.0804376	-0.278564	0.0469496	0.0712853	-0.99635	0.15356	
-0.603358	0.796969	0.0282777	-0.517013	0.796074	0.599826	0.0804618	-0.278119	0.0471638	0.0710585	-0.996356	0.153727	
-0.603089	0.797181	0.028036	-0.51677	0.796266	0.599565	0.0805105	-0.277672	0.047372	0.0708791	-0.996359	0.153886	
-0.602826	0.797389	0.0277842	-0.516527	0.796453	0.599312	0.0805436	-0.277234	0.0475732	0.0706825	-0.996364	0.15405	
-0.602558	0.797603	0.0274495	-0.516308	0.796643	0.599062	0.0805247	-0.276806	0.0477828	0.0703883	-0.996375	0.154219	
-0.602282	0.797822	0.0271397	-0.516081	0.79684	0.598802	0.0805109	-0.27637	0.0479821	0.0701163	-0.996384	0.154369	
-0.602007	0.798041	0.0267863	-0.515867	0.797036	0.598547	0.0804683	-0.275942	0.0481842	0.0697921	-0.996397	0.154512	
-0.601735	0.798259	0.0264286	-0.515653	0.797229	0.598296	0.0804192	-0.275517	0.0483832	0.0694607	-0.996411	0.154651	
-0.601473	0.798467	0.0260823	-0.515433	0.797415	0.598056	0.0803626	-0.275099	0.0485682	0.0691344	-0.996424	0.15477	
-0.601215	0.798673	0.0257168	-0.515212	0.797599	0.597821	0.0802817	-0.274685	0.0487448	0.0687782	-0.99644	0.154865	
-0.600932	0.798902	0.0252265	-0.515042	0.7978	0.597573	0.0801387	-0.274284	0.0489483	0.0682836	-0.996464	0.154987	
-0.600652	0.799128	0.0247423	-0.514861	0.797998	0.597326	0.0800018	-0.273873	0.0491524	0.0677976	-0.996488	0.15509	
-0.600369	0.799354	0.0242747	-0.514678	0.798199	0.597077	0.0798624	-0.273464	0.0493445	0.067323	-0.99651	0.155169	
-0.600105	0.799568	0.023752	-0.514493	0.798385	0.59685	0.0796955	-0.273063	0.0495457	0.066789	-0.996536	0.15524	
-0.599827	0.799795	0.0231541	-0.514333	0.798581	0.596615	0.0794901	-0.272671	0.0497616	0.0661707	-0.996567	0.155329	
-0.59955	0.800021	0.0224921	-0.514186	0.798774	0.596387	0.079261	-0.272279	0.0499965	0.065487	-0.9966	0.155419	
-0.599253	0.800265	0.0217171	-0.514069	0.798982	0.596149	0.0789585	-0.271899	0.050241	0.0646677	-0.996641	0.155525	
-0.598938	0.800523	0.020894	-0.513971	0.799202	0.595897	0.0786376	-0.271513	0.0505005	0.0637976	-0.996684	0.155662	
-0.598633	0.800774	0.0199804	-0.513889	0.799414	0.595664	0.078247	-0.271148	0.0507566	0.0628139	-0.996734	0.155789	
-0.598336	0.801018	0.0191157	-0.513785	0.799621	0.595435	0.0778675	-0.27078	0.0509911	0.0618763	-0.99678	0.1559	
-0.598057	0.801247	0.0182002	-0.513693	0.799815	0.595229	0.0774534	-0.270433	0.051226	0.0608783	-0.99683	0.156008	
-0.597767	0.801485	0.0172209	-0.513621	0.800016	0.595018	0.0769919	-0.270095	0.0514611	0.0598003	-0.996883	0.156118	
-0.597489	0.801709	0.016417	-0.513497	0.800211	0.594803	0.0766271	-0.269732	0.0516677	0.0589209	-0.996925	0.156177	
-0.597224	0.801923	0.0155774	-0.513374	0.800396	0.594606	0.0762276	-0.269381	0.0518663	0.057993	-0.996969	0.156223	
-0.596953	0.802139	0.0148272	-0.513229	0.800586	0.594395	0.075873	-0.269015	0.0520475	0.057163	-0.997007	0.156253	
-0.596689	0.80235	0.0140337	-0.513094	0.800771	0.594195	0.0754934	-0.268656	0.0522334	0.0562839	-0.997048	0.156271	
-0.596412	0.802569	0.0132548	-0.512956	0.800965	0.593979	0.0751278	-0.268289	0.0524222	0.0554237	-0.997086	0.156297	
-0.596133	0.802788	0.0124847	-0.512817	0.801159	0.59376	0.0747896	-0.267913	0.0526274	0.0545868	-0.997121	0.156316	
-0.595848	0.803012	0.0117299	-0.512677	0.801358	0.593533	0.0744538	-0.267534	0.0528251	0.053763	-0.997155	0.156326	
-0.595581	0.803218	0.0111209	-0.512486	0.801545	0.593313	0.0742014	-0.267137	0.0530018	0.0531068	-0.997181	0.156319	
-0.595317	0.803423	0.010415	-0.512326	0.801729	0.593104	0.073883	-0.266766	0.0531821	0.0523338	-0.997213	0.156338	
-0.595046	0.803633	0.00971893	-0.512164	0.801917	0.592886	0.0735843	-0.26639	0.0533725	0.0515798	-0.997242	0.156385	
-0.594788	0.80383	0.00920522	-0.51195	0.802098	0.592666	0.0733891	-0.265989	0.0535367	0.0510344	-0.997261	0.156383	
-0.594537	0.804021	0.00871735	-0.511718	0.802273	0.59245	0.0732173	-0.265582	0.0537036	0.050524	-0.997278	0.156396	
-0.594272	0.804221	0.00829386	-0.511474	0.802458	0.592215	0.0730928	-0.265158	0.0538711	0.0500925	-0.997291	0.156425	
-0.594004	0.804423	0.00791215	-0.51122	0.802645	0.591973	0.0729969	-0.264723	0.0540366	0.0497111	-0.997301	0.156444	
-0.593735	0.804625	0.0075828	-0.510956	0.802833	0.591725	0.0729349	-0.264283	0.0541983	0.0493917	-0.997308	0.156466	
-0.59347	0.804823	0.00729689	-0.510679	0.803018	0.591478	0.072907	-0.263838	0.0543613	0.0491277	-0.997312	0.156491	
-0.593217	0.805011	0.00714412	-0.51037	0.803195	0.591231	0.0729556	-0.263383	0.0545063	0.0490166	-0.99731	0.156485	
-0.592973	0.805191	0.00707228	-0.510035	0.803366	0.590987	0.073061	-0.262915	0.0546485	0.0490048	-0.997302	0.156468	
-0.592729	0.805372	0.0069821	-0.509709	0.803537	0.590745	0.0731341	-0.262463	0.0547755	0.0489591	-0.997298	0.156454	
-0.592486	0.805551	0.0069532	-0.509374	0.803708	0.590498	0.0732554	-0.261999	0.0549051	0.0489911	-0.997289	0.156435	
-0.592231	0.805737	0.0071075	-0.508988	0.803888	0.590224	0.0734851	-0.261495	0.0550146	0.0492338	-0.997271	0.156384	
-0.591982	0.805918	0.00733655	-0.508588	0.804065	0.589949	0.0737603	-0.260984	0.0551166	0.0495638	-0.997249	0.15632	
-0.591734	0.806097	0.00760485	-0.508174	0.80424	0.589672	0.0740656	-0.260468	0.0552197	0.0499433	-0.997224	0.156262	
-0.591484	0.806278	0.00791516	-0.507755	0.804417	0.589389	0.0743981	-0.259948	0.0553205	0.0503724	-0.997197	0.156202	
-0.591226	0.806463	0.00828522	-0.507325	0.804599	0.589091	0.0747802	-0.25941	0.0554267	0.0508783	-0.997166	0.156133	
-0.590967	0.806649	0.00867377	-0.506889	0.804783	0.588791	0.0751703	-0.258874	0.0555291	0.0514037	-0.997133	0.156086	
-0.590706	0.806835	0.0091699	-0.506427	0.804967	0.588479	0.0756338	-0.258317	0.0556277	0.0520588	-0.997093	0.156032	
-0.590438	0.807024	0.00972277	-0.505951	0.805157	0.588155	0.0761386	-0.257746	0.0557272	0.0527835	-0.99705	0.155989	
-0.590174	0.80721	0.0103031	-0.505476	0.805343	0.587831	0.0766634	-0.257181	0.055827	0.0535423	-0.997004	0.155956	
-0.589916	0.807392	0.0108662	-0.505007	0.805525	0.587513	0.0771851	-0.256623	0.0559346	0.0542856	-0.996958	0.155945	
-0.589653	0.807575	0.0115	-0.504519	0.805711	0.587185	0.0777474	-0.256055	0.0560342	0.0551097	-0.996907	0.155924	
-0.589387	0.807758	0.0121961	-0.504015	0.805898	0.586847	0.0783579	-0.255469	0.056137	0.0560119	-0.996851	0.155884	
-0.589108	0.807951	0.0129219	-0.503507	0.806095	0.586491	0.0789883	-0.254869	0.05624	0.0569489	-0.996792	0.155835	
-0.588809	0.808157	0.0136214	-0.503018	0.806305	0.586118	0.0796102	-0.254266	0.0563538	0.0578582	-0.996733	0.155795	
-0.588506	0.808366	0.0143328	-0.502523	0.806518	0.585738	0.0802457	-0.253653	0.0564727	0.0587847	-0.996672	0.155754	
-0.588192	0.808582	0.0150065	-0.502046	0.806738	0.585351	0.0808562	-0.253048	0.0565948	0.0596653	-0.996613	0.15572	
-0.587888	0.808791	0.0156739	-0.501571	0.806952	0.584972	0.0814648	-0.25245	0.0567192	0.0605402	-0.996553	0.155693	
-0.587594	0.808991	0.0163509	-0.501089	0.807158	0.584604	0.0820632	-0.25186	0.0568295	0.0614176	-0.996493	0.155658	
-0.587296	0.809192	0.0170606	-0.500596	0.807367	0.584228	0.0826786	-0.251261	0.0569356	0.062331	-0.99643	0.155613	
-0.586989	0.809401	0.0176863	-0.500137	0.807582	0.583851	0.0832436	-0.250678	0.0570513	0.0631463	-0.996372	0.155594	
-0.586672	0.809617	0.0183693	-0.499669	0.807805	0.583457	0.0838433	-0.25008	0.0571633	0.0640273	-0.99631	0.155553	
-0.586344	0.809838	0.0190595	-0.4992	0.808035	0.583052	0.0844402	-0.249478	0.0572702	0.0649118	-0.996246	0.155506	
-0.58602	0.810055	0.0197767	-0.498722	0.808264	0.582648	0.0850366	-0.248878	0.0573615	0.0658179	-0.996182	0.155448	
-0.585694	0.810274	0.0204828	-0.498247	0.808495	0.582244	0.0856051	-0.248293	0.0574376	0.0666986	-0.996119	0.15539	
-0.585353	0.810503	0.0211215	-0.497799	0.808735	0.581831	0.0861353	-0.247717	0.0575238	0.0675013	-0.99606	0.155347	
-0.585009	0.810735	0.0217317	-0.497359	0.808976	0.581417	0.0866686	-0.247135	0.0576301	0.0682824	-0.996	0.155304	
-0.584657	0.810977	0.0221949	-0.496968	0.809222	0.581007	0.0871312	-0.246571	0.057766	0.0689025	-0.99595	0.155297	
-0.584296	0.811225	0.0226284	-0.496584	0.809473	0.580591	0.0875652	-0.246007	0.0578972	0.069481	-0.995902	0.155284	
-0.583948	0.811464	0.0230442	-0.496194	0.809715	0.58019	0.0879803	-0.245452	0.0580228	0.0700351	-0.995856	0.155268	
-0.583592	0.811711	0.0233569	-0.495836	0.809963	0.579794	0.0883113	-0.244923	0.0581411	0.0704559	-0.995819	0.155272	
-0.583235	0.811961	0.0235979	-0.495497	0.810212	0.579404	0.0885882	-0.244413	0.0582574	0.0707871	-0.995789	0.155292	
-0.582863	0.812224	0.0237238	-0.495194	0.810472	0.579013	0.0887686	-0.24393	0.0583636	0.0709674	-0.99577	0.155333	
-0.582481	0.812493	0.0238953	-0.494871	0.81074	0.578608	0.0889543	-0.243438	0.0584488	0.0711871	-0.995749	0.15536	
-0.582092	0.81277	0.0239528	-0.494583	0.811014	0.57821	0.0890499	-0.242972	0.0585273	0.0712613	-0.995739	0.155398	
-0.581687	0.813056	0.0241029	-0.494268	0.8113	0.577787	0.0891878	-0.242483	0.0585883	0.0714341	-0.995723	0.155414	
-0.581276	0.813346	0.0242201	-0.493961	0.811591	0.577363	0.0892875	-0.242007	0.0586379	0.0715576	-0.995711	0.15544	
-0.580857	0.813644	0.0242556	-0.493686	0.811887	0.576939	0.0893375	-0.24155	0.058695	0.0715851	-0.995706	0.155479	
-0.580433	0.813944	0.0243397	-0.493391	0.812187	0.576506	0.0894051	-0.241082	0.0587387	0.071662	-0.995698	0.155495	
-0.580002	0.814253	0.0242654	-0.493152	0.812491	0.576083	0.0893719	-0.240648	0.0587925	0.0715513	-0.995703	0.15554	
-0.579564	0.814568	0.0241727	-0.492918	0.812799	0.575654	0.0893322	-0.240207	0.058852	0.0714212	-0.995709	0.155583	
-0.579124	0.814883	0.0241111	-0.492675	0.81311	0.575222	0.0892849	-0.23977	0.0588875	0.071312	-0.995714	0.155606	
-0.578701	0.815186	0.0240236	-0.492442	0.813408	0.574809	0.0892317	-0.239344	0.0589315	0.0711795	-0.995721	0.155636	
-0.578263	0.815501	0.0238615	-0.492239	0.813714	0.574388	0.0891494	-0.238922	0.0589957	0.0709683	-0.995732	0.155679	
-0.577818	0.815824	0.0236354	-0.492063	0.814026	0.573965	0.0890325	-0.238508	0.0590689	0.0706844	-0.995748	0.155729	
-0.577372	0.816144	0.0234492	-0.49187	0.814337	0.573539	0.0889268	-0.238089	0.059128	0.0704394	-0.995762	0.155763	
-0.576934	0.816461	0.0232125	-0.491694	0.814643	0.573126	0.0887875	-0.237684	0.0591878	0.0701345	-0.99578	0.155796	
-0.576496	0.816778	0.0229541	-0.491525	0.81495	0.572715	0.0886245	-0.237292	0.0592403	0.0697981	-0.995801	0.155849	
-0.576066	0.817087	0.0227118	-0.491343	0.81525	0.572312	0.0884642	-0.236903	0.0592847	0.069477	-0.99582	0.155892	
-0.575625	0.817409	0.0223333	-0.491207	0.815557	0.57191	0.0882356	-0.23653	0.0593519	0.0690047	-0.995849	0.155967	
-0.575175	0.817736	0.0219522	-0.491073	0.815869	0.571499	0.0880186	-0.236146	0.0594303	0.0685362	-0.995877	0.156035	
-0.574726	0.818062	0.0215428	-0.490946	0.81618	0.571092	0.0877686	-0.235775	0.0594972	0.0680257	-0.995908	0.156108	
-0.574272	0.818395	0.0210064	-0.49086	0.816494	0.570693	0.0874494	-0.235428	0.0595799	0.0673713	-0.995947	0.156226	
-0.573811	0.818732	0.0204696	-0.490771	0.816813	0.570289	0.0871034	-0.235087	0.0596407	0.0667008	-0.995989	0.156327	
-0.573363	0.81906	0.0199015	-0.490687	0.817123	0.569899	0.0867452	-0.234755	0.0597076	0.0659984	-0.996032	0.156428	
-0.572898	0.819398	0.0193775	-0.490597	0.817445	0.569489	0.0864105	-0.234409	0.0597693	0.0653444	-0.996071	0.156525	
-0.572442	0.819731	0.0187575	-0.490535	0.817758	0.569096	0.086027	-0.234082	0.0598441	0.0645845	-0.996116	0.156628	
-0.571992	0.820058	0.0181812	-0.490454	0.818069	0.568706	0.0856579	-0.233756	0.0599047	0.0638691	-0.996159	0.156723	
-0.571558	0.820374	0.017561	-0.490391	0.818368	0.568336	0.0852534	-0.233456	0.0599591	0.0630986	-0.996205	0.15682	
-0.571129	0.820685	0.0169441	-0.490325	0.818663	0.56797	0.0848538	-0.233156	0.0600145	0.062334	-0.996249	0.156912	
-0.57069	0.821003	0.0163578	-0.490255	0.818965	0.56759	0.0844854	-0.232842	0.0600782	0.0616114	-0.99629	0.157	
-0.570242	0.821325	0.0157632	-0.49019	0.819273	0.567203	0.084105	-0.232526	0.0601366	0.0608745	-0.996332	0.157086	
-0.569821	0.821626	0.0153345	-0.490071	0.819562	0.566826	0.0838198	-0.232191	0.0601765	0.0603299	-0.996363	0.157133	
-0.569404	0.821924	0.0148284	-0.489978	0.81985	0.566461	0.083477	-0.231883	0.0602121	0.0596892	-0.996399	0.157199	
-0.568988	0.822222	0.0142903	-0.4899	0.820135	0.566099	0.083132	-0.231579	0.0602632	0.059021	-0.996436	0.157275	
-0.568589	0.822505	0.0138844	-0.489778	0.82041	0.565741	0.082853	-0.231259	0.0602921	0.0585002	-0.996465	0.157307	
-0.568191	0.822787	0.0134125	-0.489675	0.820684	0.565393	0.0825155	-0.230963	0.0603094	0.057892	-0.9965	0.15736	
-0.567791	0.823072	0.0129027	-0.489595	0.820957	0.565044	0.0821814	-0.230669	0.0603506	0.0572544	-0.996534	0.157424	
