-0.689099	0.723958	-0.032048	-0.535031	0.723075	0.689842	0.0357767	-0.369494	0.0480089	0.00148055	-0.998846	0.146901	
-0.689065	0.723991	-0.0320357	-0.535042	0.723109	0.689808	0.0357632	-0.369478	0.0479908	0.0014779	-0.998847	0.146901	
-0.688993	0.72406	-0.0320241	-0.535067	0.723176	0.689735	0.0357935	-0.36943	0.0480049	0.0015024	-0.998846	0.146893	
-0.688817	0.724227	-0.0320407	-0.535149	0.723338	0.68956	0.0359151	-0.369282	0.0481047	0.00156271	-0.998841	0.146871	
-0.688687	0.72435	-0.0320577	-0.535213	0.723456	0.68943	0.0360137	-0.369165	0.0481881	0.00160983	-0.998837	0.146859	
-0.688608	0.724425	-0.0320479	-0.535244	0.723528	0.689351	0.0360857	-0.369089	0.0482336	0.00166134	-0.998835	0.146843	
-0.688497	0.724531	-0.0320428	-0.53529	0.723628	0.68924	0.036199	-0.368978	0.0483125	0.00173584	-0.998831	0.14682	
-0.688372	0.724649	-0.0320482	-0.535343	0.72374	0.689116	0.0363381	-0.368853	0.0484173	0.00181965	-0.998826	0.146796	
-0.688247	0.724768	-0.0320427	-0.535393	0.723852	0.68899	0.0364816	-0.368723	0.0485178	0.00191422	-0.99882	0.146767	
-0.688127	0.724883	-0.0320251	-0.535436	0.723961	0.688869	0.0366166	-0.368597	0.0486039	0.00201199	-0.998816	0.146738	
-0.687984	0.725019	-0.0320077	-0.535489	0.72409	0.688725	0.0367557	-0.368453	0.0486931	0.00211092	-0.998812	0.146711	
-0.687817	0.725179	-0.0320013	-0.535559	0.724242	0.688557	0.0369008	-0.368293	0.0487944	0.0022043	-0.998806	0.146685	
-0.687635	0.725352	-0.0319909	-0.535634	0.724408	0.688374	0.0370606	-0.368116	0.0489037	0.00230969	-0.998801	0.146655	
-0.687452	0.725525	-0.0319736	-0.535706	0.724574	0.688191	0.0372266	-0.367938	0.0490128	0.00242432	-0.998795	0.146622	
-0.68727	0.725698	-0.0319596	-0.535779	0.724739	0.688008	0.0373878	-0.36776	0.0491208	0.00253319	-0.99879	0.146591	
-0.68709	0.72587	-0.0319386	-0.535851	0.724903	0.687827	0.0375475	-0.367585	0.0492229	0.00264616	-0.998784	0.146557	
-0.686906	0.726045	-0.0319101	-0.535922	0.725071	0.687641	0.0377055	-0.367406	0.0493186	0.00276305	-0.998779	0.14652	
-0.686718	0.726225	-0.0318667	-0.53599	0.725242	0.687451	0.0378765	-0.367219	0.0494137	0.00289938	-0.998774	0.146476	
-0.686522	0.726413	-0.0318198	-0.536061	0.725422	0.687252	0.0380548	-0.367023	0.0495117	0.00304269	-0.998769	0.146429	
-0.686316	0.726609	-0.0317776	-0.536138	0.725609	0.687044	0.038232	-0.366821	0.0496124	0.00318113	-0.998764	0.146385	
-0.686104	0.726811	-0.0317306	-0.536216	0.725803	0.686829	0.0384151	-0.366612	0.049714	0.00332656	-0.998758	0.146339	
-0.685891	0.727015	-0.0316777	-0.536292	0.725997	0.686613	0.0386035	-0.366401	0.0498156	0.00347985	-0.998752	0.146289	
-0.685672	0.727223	-0.0316263	-0.536372	0.726197	0.686391	0.0387896	-0.366186	0.0499167	0.00362997	-0.998747	0.146241	
-0.685442	0.727442	-0.0315714	-0.536457	0.726407	0.686159	0.0389699	-0.365964	0.0500113	0.0037779	-0.998742	0.146193	
-0.685204	0.727669	-0.0315192	-0.536548	0.726626	0.685917	0.0391458	-0.365738	0.0501047	0.00392022	-0.998736	0.146147	
-0.684957	0.727904	-0.031461	-0.53664	0.726852	0.685667	0.0393304	-0.365503	0.0502005	0.00407219	-0.998731	0.146097	
-0.684703	0.728146	-0.0314045	-0.536737	0.727085	0.68541	0.0395164	-0.365262	0.0502986	0.00422328	-0.998725	0.146048	
-0.684446	0.72839	-0.0313456	-0.536833	0.72732	0.685149	0.039704	-0.365019	0.0503964	0.00437694	-0.99872	0.145999	
-0.684175	0.728647	-0.0312864	-0.536936	0.727568	0.684875	0.0398953	-0.364764	0.0504969	0.00453236	-0.998714	0.145949	
-0.683898	0.728909	-0.0312298	-0.537043	0.727821	0.684595	0.040087	-0.364506	0.0505995	0.00468579	-0.998708	0.1459	
-0.683614	0.729177	-0.0311742	-0.537154	0.72808	0.684308	0.0402814	-0.364241	0.050705	0.00483965	-0.998702	0.145851	
-0.683317	0.729458	-0.0311239	-0.537273	0.728351	0.684008	0.0404717	-0.36397	0.0508114	0.00498588	-0.998696	0.145804	
-0.68301	0.729747	-0.0310779	-0.537398	0.728632	0.683698	0.040659	-0.363694	0.0509187	0.00512613	-0.99869	0.14576	
-0.682696	0.730043	-0.0310413	-0.53753	0.728918	0.683381	0.0408499	-0.363412	0.0510352	0.00526151	-0.998683	0.145718	
-0.682377	0.730342	-0.0310123	-0.537667	0.729208	0.68306	0.0410444	-0.363129	0.0511597	0.00539331	-0.998676	0.145678	
-0.682064	0.730636	-0.0309958	-0.537805	0.729492	0.682745	0.0412299	-0.362853	0.0512863	0.00551017	-0.998669	0.145643	
-0.681757	0.730923	-0.0309769	-0.537939	0.729771	0.682437	0.0414076	-0.362584	0.0514055	0.00562391	-0.998662	0.145609	
-0.681447	0.731212	-0.0309669	-0.538078	0.730052	0.682126	0.0415787	-0.362316	0.0515262	0.00572623	-0.998655	0.145579	
-0.681122	0.731514	-0.0309649	-0.538227	0.730345	0.681801	0.0417511	-0.362039	0.0516535	0.00582256	-0.998648	0.145551	
-0.680799	0.731815	-0.0309716	-0.538379	0.730637	0.681478	0.0419126	-0.361767	0.0517788	0.00590507	-0.998641	0.145529	
-0.680483	0.732109	-0.030977	-0.538527	0.730924	0.681161	0.0420621	-0.361503	0.0518944	0.00598074	-0.998635	0.145508	
-0.680167	0.732401	-0.0309926	-0.538679	0.731209	0.680846	0.0422063	-0.361243	0.0520132	0.00604524	-0.998628	0.145492	
-0.679846	0.732699	-0.0310108	-0.538835	0.731499	0.680525	0.0423555	-0.360978	0.0521375	0.00611079	-0.998621	0.145475	
-0.679525	0.732995	-0.0310326	-0.538992	0.731788	0.680206	0.0424983	-0.360716	0.0522596	0.0061694	-0.998614	0.145459	
-0.679208	0.733288	-0.0310546	-0.539148	0.732074	0.679889	0.042634	-0.360459	0.0523767	0.00622312	-0.998608	0.145445	
-0.678891	0.733581	-0.0310813	-0.539306	0.73236	0.679574	0.0427628	-0.360205	0.052492	0.00626863	-0.998602	0.145435	
-0.678585	0.733862	-0.0311079	-0.539459	0.732635	0.679269	0.0428856	-0.35996	0.0526028	0.00631081	-0.998596	0.145424	
-0.678277	0.734146	-0.031143	-0.539615	0.732912	0.678962	0.0430105	-0.359715	0.0527209	0.00634791	-0.998589	0.145416	
-0.677961	0.734436	-0.0311823	-0.539776	0.733196	0.678648	0.0431406	-0.359464	0.0528459	0.00638494	-0.998582	0.145409	
-0.677631	0.734739	-0.0312264	-0.539945	0.733492	0.67832	0.0432686	-0.359203	0.0529726	0.00641585	-0.998575	0.145403	
-0.6773	0.735042	-0.0312702	-0.540116	0.733789	0.677991	0.0433918	-0.358944	0.0530957	0.00644358	-0.998569	0.145399	
-0.676956	0.735357	-0.0313172	-0.540293	0.734097	0.677649	0.0435177	-0.358675	0.0532231	0.00646967	-0.998562	0.145395	
-0.676609	0.735674	-0.0313661	-0.540472	0.734407	0.677305	0.0436467	-0.358404	0.0533542	0.00649629	-0.998555	0.145391	
-0.676277	0.735978	-0.0314127	-0.540643	0.734704	0.676974	0.0437681	-0.358145	0.0534779	0.00652028	-0.998548	0.145388	
-0.675939	0.736285	-0.031463	-0.540817	0.735005	0.67664	0.0438961	-0.357881	0.0536092	0.00654567	-0.998541	0.145385	
-0.67559	0.736603	-0.0315179	-0.540998	0.735316	0.676293	0.04403	-0.357608	0.053748	0.00657065	-0.998533	0.145382	
-0.675234	0.736928	-0.0315684	-0.541181	0.735633	0.675939	0.0441628	-0.35733	0.0538831	0.00659748	-0.998525	0.145379	
-0.674872	0.737257	-0.03162	-0.541367	0.735955	0.67558	0.0442947	-0.357048	0.0540184	0.00662238	-0.998518	0.145377	
-0.674503	0.737592	-0.0316765	-0.541557	0.736283	0.675213	0.0444359	-0.356759	0.054164	0.00664926	-0.99851	0.145374	
-0.674136	0.737925	-0.0317341	-0.541744	0.736608	0.67485	0.04458	-0.356474	0.0543125	0.00667741	-0.998502	0.145371	
-0.673766	0.73826	-0.0317985	-0.541935	0.736934	0.674483	0.04473	-0.356184	0.0544699	0.00670419	-0.998493	0.145371	
-0.673388	0.738602	-0.0318696	-0.54213	0.737268	0.674108	0.0448848	-0.355886	0.0546355	0.00672846	-0.998484	0.145372	
-0.672997	0.738955	-0.0319455	-0.542333	0.737612	0.673721	0.0450364	-0.355581	0.0548023	0.00674594	-0.998474	0.145377	
-0.672604	0.73931	-0.032019	-0.542535	0.737958	0.673332	0.0451913	-0.355273	0.0549697	0.00676717	-0.998465	0.145382	
-0.672214	0.739661	-0.0320922	-0.542737	0.738301	0.672945	0.0453412	-0.354968	0.0551334	0.00678529	-0.998456	0.145386	
-0.671825	0.740012	-0.0321585	-0.542936	0.738643	0.67256	0.0454911	-0.354665	0.0552924	0.00680834	-0.998447	0.145387	
-0.671429	0.740368	-0.0322227	-0.543138	0.738991	0.672167	0.0456492	-0.354354	0.0554563	0.00683787	-0.998438	0.145386	
-0.671022	0.740734	-0.0322883	-0.543345	0.739348	0.671764	0.045805	-0.354037	0.0556194	0.00686388	-0.998428	0.145385	
-0.670612	0.741103	-0.0323476	-0.543551	0.739709	0.671356	0.0459543	-0.353719	0.0557737	0.00688964	-0.99842	0.145386	
-0.670202	0.741471	-0.0324063	-0.543755	0.74007	0.670949	0.0460906	-0.353408	0.0559178	0.00690703	-0.998411	0.145389	
-0.669788	0.741842	-0.0324697	-0.54396	0.740433	0.670539	0.0462267	-0.353095	0.0560651	0.00692046	-0.998403	0.145396	
-0.669361	0.742225	-0.032527	-0.544169	0.740808	0.670115	0.0463569	-0.352776	0.056204	0.00693326	-0.998395	0.145402	
-0.668914	0.742625	-0.0325836	-0.544386	0.741201	0.669671	0.0464924	-0.352442	0.0563467	0.00694842	-0.998387	0.145409	
-0.668458	0.743034	-0.032628	-0.544602	0.741603	0.669217	0.0466128	-0.35211	0.0564701	0.00696163	-0.99838	0.145414	
-0.668003	0.743442	-0.0326495	-0.544807	0.742006	0.668765	0.046707	-0.35179	0.0565587	0.00697435	-0.998375	0.145417	
-0.667535	0.743862	-0.0326589	-0.545014	0.742421	0.668297	0.0467993	-0.351465	0.0566381	0.00699347	-0.99837	0.145416	
-0.667056	0.744291	-0.0326566	-0.545221	0.742847	0.667818	0.0468818	-0.35114	0.0567024	0.00701398	-0.998366	0.145413	
-0.666567	0.74473	-0.0326508	-0.54543	0.743281	0.667329	0.046959	-0.350809	0.0567605	0.00703259	-0.998363	0.145411	
-0.666078	0.745167	-0.0326406	-0.545636	0.743715	0.66684	0.0470279	-0.350483	0.0568098	0.00704897	-0.99836	0.145409	
-0.665588	0.745605	-0.0326272	-0.545839	0.744151	0.66635	0.0470839	-0.350161	0.0568472	0.00705892	-0.998358	0.145411	
-0.665093	0.746048	-0.0326139	-0.546045	0.744591	0.665855	0.0471353	-0.349836	0.0568813	0.00706538	-0.998356	0.145414	
-0.664593	0.746494	-0.0325958	-0.546253	0.745036	0.665354	0.0471774	-0.34951	0.0569054	0.00706869	-0.998355	0.145419	
-0.664081	0.746951	-0.0325671	-0.54646	0.745492	0.664841	0.0472067	-0.349182	0.0569131	0.00707056	-0.998354	0.145423	
-0.663567	0.747409	-0.0325255	-0.546661	0.745949	0.664326	0.0472203	-0.34886	0.0569004	0.00707144	-0.998355	0.145427	
-0.663043	0.747877	-0.0324614	-0.54686	0.746419	0.6638	0.0472118	-0.348541	0.0568565	0.00707371	-0.998357	0.145427	
-0.662506	0.748356	-0.0323787	-0.547055	0.746901	0.663259	0.0471858	-0.348221	0.0567873	0.00707719	-0.998361	0.145426	
-0.661959	0.748845	-0.0322697	-0.547243	0.747394	0.662708	0.0471267	-0.347911	0.0566759	0.00707781	-0.998368	0.145425	
-0.661411	0.749335	-0.0321348	-0.547418	0.747891	0.662154	0.0470306	-0.347616	0.0565198	0.00707326	-0.998376	0.145424	
-0.660855	0.749832	-0.0319802	-0.547588	0.748396	0.661591	0.0469157	-0.347323	0.0563367	0.00707067	-0.998387	0.145422	
-0.660278	0.750347	-0.0318082	-0.547758	0.748921	0.661006	0.0467839	-0.347023	0.0561296	0.00706858	-0.998398	0.14542	
-0.659701	0.750863	-0.0316097	-0.547917	0.749447	0.66042	0.0466265	-0.346735	0.0558858	0.00706974	-0.998412	0.145416	
-0.659113	0.751389	-0.0313885	-0.548072	0.749985	0.659822	0.0464486	-0.346447	0.0556118	0.00707396	-0.998427	0.145409	
-0.658526	0.751913	-0.0311511	-0.54822	0.750522	0.659225	0.0462598	-0.346161	0.0553189	0.00708372	-0.998444	0.145399	
-0.65795	0.752428	-0.0308963	-0.54836	0.75105	0.658637	0.0460593	-0.345883	0.0550058	0.00710002	-0.998461	0.145385	
-0.657387	0.752931	-0.0306272	-0.548489	0.751567	0.658061	0.0458544	-0.345614	0.0546798	0.00712566	-0.998479	0.145367	
-0.656811	0.753444	-0.0303481	-0.548619	0.752095	0.657473	0.0456405	-0.345341	0.0543407	0.00715259	-0.998497	0.145347	
-0.656215	0.753976	-0.03004	-0.548745	0.752642	0.656863	0.0454038	-0.345065	0.0539655	0.00718525	-0.998517	0.145323	
-0.655601	0.754523	-0.029701	-0.548865	0.753207	0.656233	0.0451357	-0.344793	0.0535467	0.00722003	-0.998539	0.145297	
-0.65496	0.755094	-0.0293288	-0.548981	0.753797	0.655576	0.0448377	-0.344519	0.053084	0.00725899	-0.998564	0.145267	
-0.654303	0.755678	-0.0289393	-0.549097	0.7544	0.654902	0.0445308	-0.344239	0.0526034	0.00730485	-0.998589	0.145233	
-0.653651	0.756258	-0.0285311	-0.549205	0.755	0.654232	0.0442255	-0.343959	0.0521118	0.00736703	-0.998614	0.145191	
-0.653015	0.756824	-0.0281077	-0.549301	0.755586	0.653577	0.0439039	-0.343694	0.051598	0.00743208	-0.99864	0.145147	
-0.652361	0.757403	-0.0276545	-0.549391	0.756187	0.652904	0.0435698	-0.343425	0.0510556	0.00751129	-0.998668	0.145097	
-0.651686	0.758002	-0.0271658	-0.549474	0.756808	0.652208	0.0432029	-0.343158	0.0504656	0.00759545	-0.998697	0.145043	
-0.650992	0.758617	-0.0266489	-0.549551	0.757447	0.651492	0.0428148	-0.342889	0.0498416	0.00768691	-0.998728	0.144986	
-0.650286	0.75924	-0.0261302	-0.549635	0.758093	0.650764	0.0424472	-0.342601	0.0492322	0.00779373	-0.998757	0.144924	
-0.64958	0.759861	-0.0256155	-0.54972	0.758735	0.650037	0.0421118	-0.342296	0.0486502	0.00791963	-0.998784	0.144857	
-0.648883	0.760474	-0.0250875	-0.549796	0.759368	0.649318	0.0417895	-0.341989	0.0480696	0.00806587	-0.998811	0.144783	
-0.648167	0.761103	-0.0245481	-0.549874	0.760017	0.648579	0.0414637	-0.341671	0.0474795	0.00821842	-0.998838	0.144709	
-0.64744	0.761739	-0.0239982	-0.54995	0.760673	0.64783	0.0411448	-0.341342	0.0468884	0.00838398	-0.998865	0.144632	
-0.646706	0.762379	-0.0234524	-0.55003	0.761332	0.647075	0.0408416	-0.341001	0.0463122	0.0085574	-0.99889	0.144553	
-0.645982	0.763009	-0.0229059	-0.550108	0.76198	0.646329	0.0405756	-0.340645	0.0457643	0.00875733	-0.998914	0.144466	
-0.645274	0.763624	-0.022354	-0.550177	0.762612	0.645599	0.0403201	-0.340295	0.0452211	0.00897007	-0.998937	0.144375	
-0.644567	0.764238	-0.0217876	-0.550237	0.763242	0.644869	0.0400649	-0.339945	0.0446693	0.00919526	-0.998959	0.14428	
-0.643858	0.764851	-0.0212164	-0.550297	0.763872	0.644138	0.0398211	-0.339589	0.0441235	0.00943251	-0.998982	0.14418	
-0.643159	0.765454	-0.0206493	-0.550354	0.764491	0.643417	0.0396024	-0.339226	0.0436	0.00968449	-0.999002	0.144076	
-0.642466	0.766051	-0.0200818	-0.550412	0.765101	0.642702	0.0394248	-0.338845	0.0431081	0.00996445	-0.999021	0.143964	
-0.641793	0.766629	-0.019526	-0.550465	0.765691	0.642008	0.0392754	-0.338462	0.0426455	0.0102558	-0.999038	0.14385	
-0.641135	0.767193	-0.0189757	-0.550514	0.766267	0.641329	0.0391373	-0.338084	0.0421955	0.0105518	-0.999054	0.143735	
-0.640467	0.767765	-0.0184125	-0.550561	0.76685	0.640639	0.039008	-0.337694	0.0417448	0.0108637	-0.999069	0.143615	
-0.639811	0.768326	-0.0178256	-0.550593	0.767423	0.639961	0.0388869	-0.33731	0.0412855	0.0112005	-0.999085	0.143485	
-0.639153	0.768886	-0.0172326	-0.550621	0.767996	0.639281	0.0387605	-0.336928	0.0408189	0.0115394	-0.9991	0.143355	
-0.638507	0.769436	-0.0166357	-0.550641	0.768557	0.638613	0.0386484	-0.336546	0.0403612	0.0118918	-0.999114	0.143222	
-0.637877	0.769971	-0.016039	-0.550653	0.769104	0.637961	0.0385404	-0.336172	0.0399073	0.0122484	-0.999128	0.143089	
-0.637246	0.770506	-0.0154601	-0.55067	0.769649	0.637309	0.0384417	-0.335792	0.0394724	0.0125979	-0.999141	0.142962	
-0.636623	0.771032	-0.0148725	-0.550683	0.770186	0.636664	0.0383769	-0.3354	0.0390586	0.012977	-0.999153	0.142825	
-0.636001	0.771556	-0.0142752	-0.550689	0.77072	0.636021	0.038317	-0.335005	0.038643	0.0133675	-0.999164	0.142685	
-0.635373	0.772084	-0.0136924	-0.550703	0.771257	0.635372	0.038274	-0.334596	0.0382505	0.0137579	-0.999173	0.142549	
-0.634751	0.772605	-0.0131128	-0.550715	0.771788	0.634729	0.0382511	-0.334181	0.0378761	0.0141596	-0.999182	0.14241	
-0.634145	0.773113	-0.012536	-0.550721	0.772304	0.634101	0.0382347	-0.333772	0.0375088	0.0145647	-0.99919	0.142271	
-0.63354	0.773618	-0.0119516	-0.550725	0.772817	0.633475	0.0382571	-0.333343	0.0371674	0.015001	-0.999196	0.142122	
-0.632939	0.774118	-0.0113649	-0.550727	0.773325	0.632853	0.0382953	-0.332909	0.0368374	0.0154498	-0.999202	0.141969	
-0.632334	0.774621	-0.0107955	-0.550733	0.773835	0.632227	0.0383199	-0.332476	0.0365086	0.015877	-0.999207	0.141829	
-0.631719	0.77513	-0.0102227	-0.550743	0.774353	0.631591	0.038342	-0.332038	0.0361767	0.0163054	-0.999212	0.141688	
-0.631103	0.775639	-0.00961318	-0.550735	0.774871	0.630954	0.0383576	-0.331606	0.0358171	0.0167586	-0.999218	0.141537	
-0.630476	0.776156	-0.00900187	-0.550726	0.775399	0.630306	0.0383603	-0.331173	0.0354475	0.0172052	-0.999223	0.14139	
-0.62982	0.776695	-0.00840066	-0.550729	0.775947	0.629629	0.0383774	-0.330716	0.0350969	0.0176524	-0.999228	0.141248	
-0.629156	0.77724	-0.00778083	-0.550727	0.776503	0.628943	0.0383948	-0.330254	0.0347357	0.0181144	-0.999232	0.141101	
-0.628478	0.777795	-0.00714245	-0.550718	0.777068	0.628244	0.0383973	-0.329792	0.0343525	0.0185817	-0.999237	0.140953	
-0.627796	0.778351	-0.0064852	-0.5507	0.777637	0.627541	0.0383702	-0.329342	0.0339352	0.0190456	-0.999243	0.140808	
-0.62711	0.778909	-0.00580498	-0.550673	0.778211	0.626833	0.0383237	-0.328903	0.0334895	0.0195157	-0.999249	0.140656	
-0.626405	0.779481	-0.00512474	-0.550647	0.778797	0.626108	0.0382611	-0.328462	0.0330324	0.0199758	-0.999255	0.140511	
-0.625703	0.780049	-0.00442019	-0.55061	0.779381	0.625384	0.0382063	-0.32802	0.0325671	0.0204608	-0.99926	0.140356	
-0.624999	0.780617	-0.0037202	-0.550572	0.779966	0.624659	0.038131	-0.327584	0.0320896	0.0209302	-0.999266	0.140211	
-0.624302	0.781177	-0.00303952	-0.550538	0.780542	0.623943	0.0380696	-0.327141	0.0316355	0.0213945	-0.99927	0.140072	
-0.623624	0.781721	-0.00235504	-0.550496	0.781102	0.623245	0.0380309	-0.326699	0.0311973	0.0218775	-0.999274	0.139926	
-0.62295	0.78226	-0.00170365	-0.550461	0.781656	0.622553	0.0379699	-0.326266	0.0307629	0.0223217	-0.999277	0.139798	
-0.622277	0.782796	-0.00105778	-0.550429	0.782209	0.621862	0.0379123	-0.325832	0.0303354	0.0227646	-0.999281	0.139672	
-0.621602	0.783333	-0.000391051	-0.550386	0.782762	0.621168	0.037852	-0.325399	0.0298936	0.0232228	-0.999283	0.139541	
-0.620915	0.783878	0.000269101	-0.550346	0.783324	0.620464	0.0377866	-0.324962	0.0294531	0.023673	-0.999286	0.139417	
-0.620234	0.784416	0.000924517	-0.550304	0.78388	0.619766	0.0377287	-0.324524	0.029022	0.0241253	-0.999288	0.139294	
-0.61957	0.78494	0.00156751	-0.550258	0.78442	0.619085	0.0376732	-0.324096	0.0286007	0.0245707	-0.999289	0.139176	
-0.618907	0.785461	0.00216866	-0.550228	0.784957	0.618406	0.037638	-0.323654	0.0282221	0.0249967	-0.999289	0.13907	
-0.618248	0.785978	0.00279903	-0.550184	0.78549	0.61773	0.0376196	-0.323209	0.0278391	0.0254568	-0.999288	0.138951	
-0.617583	0.786498	0.0034515	-0.550132	0.786027	0.617048	0.0375903	-0.322766	0.027435	0.0259281	-0.999287	0.138827	
-0.616894	0.787036	0.00405919	-0.550101	0.786582	0.616344	0.0375299	-0.322323	0.0270355	0.0263448	-0.999287	0.138728	
-0.616199	0.787577	0.00464994	-0.550074	0.787139	0.615636	0.0374692	-0.321881	0.0266472	0.0267487	-0.999287	0.138637	
-0.615495	0.788124	0.00525239	-0.550044	0.787703	0.614917	0.0374226	-0.321428	0.0262639	0.0271708	-0.999286	0.13854	
-0.614782	0.788675	0.00582761	-0.550029	0.788271	0.61419	0.0374035	-0.320955	0.02592	0.0275888	-0.999283	0.138447	
-0.614073	0.789223	0.00635822	-0.550031	0.788833	0.613469	0.0373942	-0.320476	0.0256118	0.0279784	-0.99928	0.138368	
-0.613362	0.789772	0.00687347	-0.550041	0.789396	0.612743	0.0374198	-0.319976	0.0253415	0.0283778	-0.999276	0.138288	
-0.612651	0.790319	0.00738042	-0.550049	0.789955	0.612019	0.0374592	-0.319466	0.0250878	0.0287797	-0.999271	0.138213	
-0.611929	0.790873	0.00785506	-0.550069	0.790522	0.611285	0.0374928	-0.318954	0.0248504	0.0291525	-0.999266	0.138154	
-0.61118	0.791448	0.00833392	-0.550094	0.791108	0.610523	0.037552	-0.318415	0.0246324	0.0295441	-0.99926	0.138092	
-0.610429	0.792022	0.0088284	-0.550109	0.791695	0.609757	0.0376273	-0.317865	0.0244185	0.0299582	-0.999253	0.138026	
-0.609663	0.792606	0.00929187	-0.550135	0.792291	0.60898	0.037657	-0.317327	0.0241886	0.03032	-0.999248	0.137985	
-0.608909	0.79318	0.00978614	-0.550142	0.792878	0.608212	0.0377053	-0.316784	0.023955	0.0307183	-0.999241	0.137934	
-0.608172	0.793739	0.0102971	-0.550129	0.793451	0.607461	0.0377681	-0.316244	0.0237229	0.0311397	-0.999233	0.137881	
-0.607457	0.794279	0.0107823	-0.550113	0.794004	0.606733	0.0378483	-0.315703	0.0235202	0.0315524	-0.999225	0.137842	
-0.606768	0.794799	0.0112498	-0.550088	0.794536	0.60603	0.0379521	-0.315161	0.0233466	0.0319665	-0.999216	0.137812	
-0.606098	0.795304	0.0117193	-0.550054	0.795052	0.605345	0.0380638	-0.31462	0.023178	0.0323878	-0.999207	0.137783	
-0.605435	0.795802	0.012155	-0.550025	0.795561	0.604669	0.0381864	-0.314077	0.0230391	0.0327894	-0.999197	0.137769	
-0.604797	0.79628	0.0126227	-0.549973	0.796051	0.604015	0.0383316	-0.31354	0.0228984	0.0332311	-0.999185	0.137742	
-0.604153	0.796761	0.0130961	-0.549915	0.796543	0.603355	0.0384856	-0.312995	0.0227622	0.0336827	-0.999173	0.137715	
-0.603511	0.79724	0.0135076	-0.549874	0.797032	0.602699	0.0386458	-0.312447	0.0226689	0.0340892	-0.999162	0.137716	
-0.602877	0.797713	0.0139041	-0.549831	0.797515	0.602051	0.0387848	-0.311911	0.0225682	0.0344712	-0.999151	0.137728	
-0.602259	0.798172	0.0143268	-0.549769	0.797984	0.601419	0.0389508	-0.311372	0.022473	0.034891	-0.999138	0.137731	
-0.601665	0.798612	0.0147668	-0.549689	0.798435	0.600808	0.0391328	-0.31084	0.0223799	0.0353352	-0.999125	0.137728	
-0.60108	0.799045	0.0151661	-0.549613	0.798878	0.600208	0.0393082	-0.310315	0.0223062	0.0357432	-0.999112	0.137747	
-0.600483	0.799487	0.0155351	-0.549548	0.799328	0.599596	0.0394938	-0.309778	0.02226	0.036133	-0.999099	0.13778	
-0.599896	0.799919	0.0159555	-0.54946	0.79977	0.598992	0.0397186	-0.309227	0.0222144	0.0365877	-0.999084	0.137789	
-0.59932	0.800342	0.0163754	-0.549361	0.800202	0.598399	0.0399306	-0.308686	0.0221591	0.0370348	-0.999068	0.137807	
-0.598727	0.800778	0.0167253	-0.549288	0.800647	0.59779	0.0401427	-0.308131	0.0221472	0.0374255	-0.999054	0.137858	
-0.59813	0.801218	0.0170401	-0.549224	0.801093	0.597178	0.0403693	-0.307566	0.0221687	0.0377968	-0.99904	0.137923	
-0.597555	0.801639	0.0173832	-0.549137	0.80152	0.596585	0.0406451	-0.306992	0.0222122	0.0382207	-0.999022	0.137974	
-0.597	0.802047	0.0176865	-0.549057	0.801932	0.596011	0.0409412	-0.306417	0.0222954	0.0386252	-0.999005	0.138037	
-0.59644	0.802457	0.0179583	-0.548985	0.802345	0.595434	0.0412496	-0.305829	0.0224081	0.0390116	-0.998987	0.138117	
-0.595892	0.802858	0.0182021	-0.548917	0.802748	0.594867	0.0415781	-0.30524	0.0225535	0.0393878	-0.998969	0.138203	
-0.595345	0.803258	0.0184555	-0.548843	0.803149	0.594301	0.0419377	-0.304636	0.0227187	0.0397899	-0.99895	0.138284	
-0.594787	0.803665	0.0187066	-0.548763	0.803557	0.593722	0.0423241	-0.30401	0.0229079	0.0402056	-0.998929	0.138372	
-0.594237	0.804067	0.0189473	-0.54868	0.803958	0.59315	0.0427199	-0.303384	0.023111	0.0406186	-0.998907	0.138465	
-0.593688	0.804467	0.0191715	-0.548597	0.804357	0.592579	0.0431274	-0.302756	0.023334	0.041025	-0.998886	0.138568	
-0.593124	0.804876	0.0194411	-0.548498	0.804766	0.591991	0.0435746	-0.302101	0.0235632	0.0414906	-0.998861	0.138651	
-0.592557	0.805287	0.019724	-0.54839	0.805177	0.591398	0.0440347	-0.301437	0.0237958	0.0419744	-0.998835	0.138732	
-0.591988	0.8057	0.0199482	-0.548297	0.805588	0.590805	0.0444662	-0.300781	0.0240409	0.0423935	-0.998812	0.138847	
-0.591422	0.806108	0.0202134	-0.548184	0.805996	0.590214	0.0449245	-0.300117	0.0242838	0.0428613	-0.998786	0.138945	
-0.590864	0.806509	0.0205525	-0.548038	0.806398	0.589626	0.0454285	-0.299435	0.0245203	0.0434156	-0.998756	0.139014	
-0.590318	0.806901	0.0208446	-0.5479	0.806791	0.589051	0.0459039	-0.298773	0.0247614	0.0439151	-0.998728	0.139107	
-0.589776	0.807289	0.0211905	-0.547739	0.80718	0.588478	0.0464158	-0.298099	0.0250008	0.0444794	-0.998697	0.139177	
-0.589227	0.807679	0.0215809	-0.547555	0.807573	0.587894	0.0469663	-0.297402	0.0252464	0.045102	-0.998663	0.139231	
-0.588675	0.808073	0.0219167	-0.547387	0.807968	0.58731	0.047486	-0.296714	0.0255002	0.0456617	-0.998631	0.139317	
-0.588134	0.808457	0.0222628	-0.547208	0.808353	0.586737	0.0480119	-0.296029	0.0257531	0.0462336	-0.998599	0.139399	
-0.58759	0.808843	0.0226125	-0.547023	0.808741	0.586159	0.0485415	-0.295337	0.0260079	0.0468101	-0.998565	0.139487	
-0.587037	0.809236	0.0229106	-0.546852	0.809133	0.585574	0.0490521	-0.294649	0.0262789	0.0473331	-0.998533	0.139604	
-0.586506	0.809611	0.0232412	-0.546656	0.80951	0.585009	0.04958	-0.293964	0.0265443	0.0478929	-0.9985	0.139712	
-0.585987	0.809977	0.0235857	-0.546445	0.809877	0.584455	0.0501174	-0.293279	0.0268092	0.0484696	-0.998465	0.139819	
-0.585456	0.810351	0.0239072	-0.546241	0.810252	0.58389	0.0506418	-0.292589	0.0270785	0.0490194	-0.998431	0.139943	
-0.584931	0.810721	0.0242253	-0.546025	0.810622	0.583331	0.0511562	-0.291902	0.027342	0.0495605	-0.998397	0.140083	
-0.584402	0.811094	0.024485	-0.545824	0.810994	0.582771	0.0516374	-0.291223	0.0276136	0.0500342	-0.998366	0.140253	
-0.583872	0.811468	0.024743	-0.54562	0.811366	0.58221	0.0521193	-0.290539	0.0278875	0.0505067	-0.998334	0.140432	
-0.58335	0.811834	0.0250622	-0.545386	0.811733	0.581653	0.0526325	-0.289847	0.0281513	0.051047	-0.998299	0.140586	
-0.582837	0.812193	0.0253773	-0.545143	0.812092	0.581104	0.0531461	-0.289156	0.028418	0.0515842	-0.998264	0.140752	
-0.582351	0.812529	0.0257456	-0.544868	0.812431	0.58058	0.0536868	-0.28847	0.0286747	0.0521812	-0.998226	0.140893	
-0.581863	0.812867	0.0261062	-0.544594	0.812772	0.580054	0.0542195	-0.287786	0.0289303	0.0527667	-0.998188	0.141041	
-0.581373	0.813207	0.026457	-0.544318	0.813113	0.579525	0.0547463	-0.2871	0.0291876	0.0533406	-0.99815	0.141197	
-0.580873	0.813551	0.0268398	-0.544034	0.813461	0.578985	0.0552952	-0.2864	0.0294456	0.0539527	-0.998109	0.141335	
-0.580379	0.813892	0.0271978	-0.543751	0.813805	0.578451	0.0558276	-0.285707	0.0297051	0.0545349	-0.99807	0.141484	
-0.579883	0.814233	0.0275951	-0.543454	0.814149	0.577912	0.056378	-0.285004	0.0299573	0.0551592	-0.998028	0.141613	
-0.579387	0.814571	0.0280015	-0.543145	0.814493	0.577375	0.0569262	-0.284296	0.0302031	0.0557893	-0.997986	0.141735	
-0.578897	0.814905	0.0284206	-0.542829	0.814832	0.57684	0.0574765	-0.283587	0.0304438	0.0564309	-0.997942	0.141855	
-0.578408	0.815243	0.0286888	-0.542551	0.815169	0.576317	0.057948	-0.282908	0.0307078	0.0569038	-0.997907	0.142021	
-0.577918	0.81558	0.0290027	-0.542252	0.815507	0.575788	0.0584496	-0.282213	0.0309709	0.057431	-0.997869	0.142186	
-0.57742	0.815919	0.02935	-0.541936	0.815849	0.57525	0.0589714	-0.281501	0.0312324	0.0579965	-0.997828	0.142339	
-0.576922	0.81626	0.0296793	-0.541618	0.816192	0.574711	0.0594873	-0.280788	0.0315	0.0585435	-0.997788	0.142512	
-0.576408	0.816615	0.0298764	-0.54134	0.816543	0.574164	0.0599409	-0.280086	0.0317947	0.0589458	-0.997755	0.142735	
-0.5759	0.816967	0.0300587	-0.541053	0.81689	0.573624	0.0603905	-0.279384	0.0320946	0.0593336	-0.997722	0.142964	
-0.575389	0.817323	0.0301763	-0.540782	0.817238	0.573085	0.0607937	-0.278693	0.0323945	0.0596412	-0.997694	0.143202	
-0.574886	0.817674	0.0302623	-0.540509	0.81758	0.572555	0.0611818	-0.278008	0.0326999	0.0599144	-0.997668	0.143432	
-0.574395	0.818014	0.0303792	-0.540214	0.817913	0.572037	0.0615843	-0.27732	0.0329988	0.0602213	-0.997639	0.143633	
-0.5739	0.818358	0.0304825	-0.539922	0.818248	0.571515	0.0619725	-0.27663	0.0332945	0.0605082	-0.997612	0.143823	
-0.573376	0.818725	0.0304805	-0.539667	0.818602	0.570971	0.062309	-0.27594	0.0336104	0.0606779	-0.997591	0.144035	
-0.572847	0.819095	0.0304818	-0.539411	0.81896	0.570421	0.0626394	-0.275245	0.0339202	0.0608462	-0.997571	0.144225	
-0.57231	0.819471	0.0304766	-0.53915	0.819322	0.569864	0.0629742	-0.274539	0.034238	0.0610109	-0.99755	0.144385	
-0.571779	0.819843	0.0304434	-0.538881	0.81968	0.569315	0.0632831	-0.273833	0.0345503	0.0611378	-0.997531	0.144528	
-0.57125	0.820217	0.0302796	-0.538651	0.820035	0.568779	0.0635168	-0.273152	0.0348752	0.0611143	-0.997521	0.144688	
-0.570728	0.820593	0.0299432	-0.538454	0.820384	0.568259	0.0636598	-0.272498	0.0352233	0.0608974	-0.997522	0.144888	
-0.570215	0.820963	0.0295776	-0.538258	0.820725	0.567752	0.0637874	-0.27185	0.0355744	0.0606476	-0.997525	0.145099	
-0.569699	0.821337	0.0291364	-0.538072	0.821068	0.567246	0.0638745	-0.271208	0.0359349	0.0603122	-0.997533	0.145324	
-0.569184	0.821713	0.0285807	-0.537907	0.821409	0.566751	0.0638818	-0.270585	0.0362944	0.059837	-0.997548	0.145594	
-0.568695	0.822072	0.0279926	-0.53774	0.821732	0.566285	0.0638609	-0.26997	0.0366465	0.0593197	-0.997566	0.145857	
-0.568212	0.822429	0.0273216	-0.537591	0.82205	0.565831	0.0637849	-0.269374	0.0369991	0.058703	-0.99759	0.146152	
-0.567748	0.82277	0.0266652	-0.537434	0.822355	0.565397	0.0637094	-0.268768	0.0373417	0.0580991	-0.997612	0.146404	
-0.567322	0.823084	0.0260601	-0.53725	0.822634	0.564997	0.063658	-0.268154	0.037672	0.0575525	-0.997631	0.146618	
-0.566941	0.823366	0.0254246	-0.537067	0.822882	0.564644	0.0635743	-0.267561	0.0379891	0.0569643	-0.997653	0.146815	
-0.566593	0.823628	0.0247039	-0.536905	0.823107	0.564331	0.0634479	-0.266979	0.0383163	0.0562831	-0.997679	0.147003	
-0.566232	0.823901	0.0238695	-0.53678	0.823339	0.564012	0.0632727	-0.266401	0.0386677	0.0554797	-0.997711	0.147193	
-0.565865	0.824174	0.0231051	-0.536625	0.823574	0.563683	0.0631471	-0.265794	0.0390203	0.0547615	-0.997737	0.147341	
-0.5655	0.82445	0.0221769	-0.536504	0.823807	0.563365	0.0629461	-0.265207	0.0394022	0.0538655	-0.99777	0.147505	
-0.565128	0.824732	0.0211479	-0.536406	0.824042	0.563047	0.0627167	-0.264623	0.0398172	0.0528697	-0.997807	0.147718	
-0.564754	0.825017	0.0199704	-0.536337	0.824278	0.562738	0.0623921	-0.264077	0.0402365	0.0516974	-0.997852	0.147951	
-0.564376	0.825304	0.0187945	-0.536242	0.824517	0.562424	0.0620663	-0.263528	0.0406531	0.0505251	-0.997895	0.1482	
-0.564011	0.825577	0.0177014	-0.536108	0.824746	0.562118	0.0617886	-0.262971	0.041061	0.0494486	-0.997932	0.148433	
-0.563612	0.825876	0.0164522	-0.536013	0.824996	0.561788	0.0614397	-0.262428	0.0414989	0.0482011	-0.997975	0.14869	
-0.563181	0.826192	0.0152992	-0.535894	0.825269	0.561419	0.0611586	-0.261851	0.0419395	0.0470693	-0.998011	0.148941	
-0.562708	0.826536	0.0140876	-0.535794	0.82557	0.561013	0.0608196	-0.261279	0.0423663	0.0458539	-0.998049	0.149157	
-0.562226	0.826881	0.0130046	-0.535648	0.825877	0.560592	0.0605241	-0.260692	0.042756	0.0447685	-0.998082	0.149336	
-0.561725	0.827238	0.0119307	-0.535508	0.826199	0.560151	0.0602139	-0.260106	0.0431282	0.0436808	-0.998114	0.149476	
-0.561189	0.827618	0.0107389	-0.535403	0.826543	0.559684	0.0598326	-0.259519	0.0435081	0.0424536	-0.998151	0.149622	
-0.56065	0.827996	0.00968454	-0.535254	0.826889	0.559203	0.0595542	-0.258892	0.043895	0.0413971	-0.998178	0.14972	
-0.560117	0.828369	0.00856436	-0.535107	0.827229	0.558734	0.0592336	-0.258275	0.0442821	0.0402625	-0.998207	0.149824	
-0.559573	0.828749	0.00731826	-0.534995	0.827575	0.558261	0.0588521	-0.257674	0.0446881	0.0389885	-0.99824	0.149987	
-0.559013	0.829137	0.00602834	-0.534888	0.82793	0.557775	0.0584793	-0.257052	0.0451249	0.0376818	-0.99827	0.150193	
-0.55844	0.829532	0.00475603	-0.534766	0.828294	0.557273	0.0581095	-0.256416	0.0455532	0.03639	-0.998299	0.15041	
-0.557867	0.829923	0.00356025	-0.53461	0.828655	0.556766	0.0578175	-0.255749	0.0460018	0.0352047	-0.998321	0.150611	
-0.557284	0.830319	0.00223612	-0.534492	0.829022	0.556259	0.0574269	-0.255113	0.0464388	0.0338569	-0.998347	0.150838	
-0.556713	0.830705	0.00101596	-0.534335	0.829382	0.555757	0.0570936	-0.254459	0.0468633	0.0326273	-0.998368	0.151023	
-0.556142	0.831087	-2.11575e-06	-0.534109	0.829744	0.555244	0.0568249	-0.253785	0.0472276	0.031601	-0.998384	0.151111	
-0.555547	0.831485	-0.00109737	-0.533925	0.83012	0.55471	0.0565416	-0.253102	0.0476222	0.0305006	-0.9984	0.151207	
-0.554874	0.831931	-0.0022868	-0.533791	0.830546	0.554105	0.0562209	-0.252395	0.0480391	0.0292962	-0.998416	0.151299	
-0.554182	0.832388	-0.00339603	-0.533637	0.830984	0.553475	0.0559497	-0.251657	0.0484515	0.0281843	-0.998428	0.151376	
-0.553475	0.832854	-0.00443883	-0.533452	0.831432	0.552826	0.0557228	-0.250891	0.0488628	0.0271505	-0.998436	0.151447	
-0.552753	0.833326	-0.00560027	-0.533308	0.831887	0.55217	0.0554268	-0.250147	0.0492809	0.0259786	-0.998447	0.1516	
-0.552045	0.833787	-0.00670893	-0.533126	0.832332	0.551526	0.0551697	-0.249389	0.0496999	0.0248721	-0.998454	0.151756	
-0.551346	0.834241	-0.00772605	-0.532902	0.832771	0.550883	0.0549634	-0.248622	0.0501089	0.0238698	-0.998459	0.151903	
-0.550649	0.83469	-0.00882187	-0.532696	0.833205	0.550248	0.0547406	-0.247859	0.0505457	0.0227925	-0.998462	0.15209	
-0.549949	0.835139	-0.00998704	-0.532507	0.833641	0.549614	0.054466	-0.247116	0.0509757	0.0216279	-0.998466	0.152286	
-0.549267	0.835575	-0.0109682	-0.532264	0.834066	0.548987	0.0542806	-0.24635	0.0513769	0.0206663	-0.998465	0.152414	
-0.548566	0.836023	-0.011894	-0.532005	0.834504	0.548339	0.0541078	-0.245564	0.0517573	0.0197561	-0.998464	0.152488	
-0.547845	0.836481	-0.0128495	-0.531776	0.834953	0.547673	0.0539138	-0.244786	0.0521352	0.0188076	-0.998463	0.152582	
-0.547139	0.836932	-0.0135988	-0.531477	0.835395	0.547009	0.0538227	-0.243968	0.0524846	0.0180881	-0.998458	0.152592	
-0.54639	0.837408	-0.0143394	-0.531188	0.835862	0.546301	0.0537618	-0.24312	0.0528542	0.0173892	-0.998451	0.15262	
-0.545623	0.837893	-0.0152176	-0.530941	0.836337	0.545584	0.0536471	-0.242285	0.0532531	0.016544	-0.998444	0.152697	
-0.544837	0.838385	-0.0162085	-0.530727	0.836823	0.544856	0.053481	-0.241457	0.0536689	0.0155748	-0.998437	0.152836	
-0.544056	0.838874	-0.0171167	-0.530467	0.837304	0.544127	0.0533739	-0.24061	0.0540876	0.0147066	-0.998428	0.152962	
-0.543319	0.839332	-0.0180833	-0.530204	0.837756	0.543445	0.0532214	-0.239802	0.0544977	0.0137668	-0.998419	0.153124	
-0.542609	0.83977	-0.0190205	-0.529918	0.838189	0.54279	0.0530796	-0.239007	0.0548988	0.0128587	-0.998409	0.153274	
-0.541916	0.8402	-0.0197942	-0.52957	0.838614	0.542141	0.053	-0.238193	0.0552619	0.0121219	-0.998398	0.153377	
-0.541226	0.840625	-0.0206032	-0.52925	0.839034	0.541499	0.0529159	-0.237387	0.055639	0.0113527	-0.998386	0.15346	
-0.540492	0.841077	-0.0214066	-0.528939	0.839482	0.540812	0.0528476	-0.23656	0.0560258	0.0105932	-0.998373	0.153554	
-0.539745	0.84154	-0.0220324	-0.528592	0.839938	0.540102	0.052857	-0.235699	0.056381	0.0100235	-0.998359	0.153564	
-0.538993	0.842005	-0.0226553	-0.528248	0.840396	0.539386	0.0528901	-0.234822	0.0567537	0.009468	-0.998343	0.153599	
-0.538244	0.842462	-0.0234567	-0.527967	0.84085	0.538685	0.0528261	-0.233973	0.0571398	0.00870976	-0.998328	0.153675	
-0.537537	0.842895	-0.024113	-0.527634	0.841276	0.538016	0.0528481	-0.233082	0.0575186	0.00812208	-0.998311	0.153725	
-0.536876	0.843294	-0.0248887	-0.527322	0.841671	0.537402	0.0528108	-0.232208	0.0579103	0.00740478	-0.998294	0.153824	
-0.536264	0.843655	-0.0258229	-0.527069	0.842031	0.536846	0.052721	-0.231343	0.0583412	0.0065287	-0.998275	0.15399	
-0.535693	0.843988	-0.0267784	-0.526808	0.842364	0.536332	0.0526334	-0.230474	0.0587841	0.00563816	-0.998255	0.154142	
-0.535193	0.84428	-0.0275726	-0.52648	0.842653	0.53588	0.0526119	-0.229598	0.0591948	0.00492337	-0.998234	0.154251	
-0.534701	0.844558	-0.0285624	-0.526215	0.842935	0.535449	0.0524895	-0.22877	0.0596242	0.00398995	-0.998213	0.154389	
-0.534187	0.844857	-0.0293254	-0.525877	0.843234	0.534982	0.0524511	-0.227914	0.0600022	0.00329055	-0.998193	0.154467	
-0.533663	0.845167	-0.029938	-0.525512	0.843541	0.534495	0.0524794	-0.227025	0.0603556	0.00275244	-0.998173	0.154472	
-0.533096	0.845496	-0.0307237	-0.525214	0.843871	0.533977	0.0524476	-0.226137	0.06075	0.00203282	-0.998151	0.154536	
-0.532527	0.845822	-0.0316284	-0.524975	0.844202	0.533464	0.0523387	-0.225271	0.0611418	0.00117099	-0.998128	0.154631	
-0.531954	0.846152	-0.0324359	-0.524694	0.844536	0.532941	0.0522811	-0.224374	0.0615241	0.000417849	-0.998106	0.154687	
-0.531391	0.846468	-0.0333946	-0.524458	0.844861	0.532439	0.0521411	-0.223505	0.0619163	-0.000506474	-0.998081	0.154805	
-0.530888	0.846742	-0.0344497	-0.524239	0.845147	0.532002	0.0519637	-0.222663	0.0623272	-0.00152819	-0.998055	0.154964	
-0.530423	0.846993	-0.0354009	-0.52396	0.845411	0.531598	0.051813	-0.221818	0.0627043	-0.0024455	-0.998029	0.155085	
-0.530026	0.847204	-0.0362991	-0.523658	0.845632	0.531257	0.0517002	-0.220978	0.0630847	-0.00329324	-0.998003	0.155196	
-0.529636	0.8474	-0.0374133	-0.523425	0.845843	0.530938	0.0515156	-0.220174	0.0635185	-0.00436129	-0.997971	0.155365	
-0.529234	0.847607	-0.0383948	-0.523159	0.846063	0.530599	0.0514008	-0.219347	0.0639399	-0.00528134	-0.99794	0.155479	
-0.528893	0.847784	-0.0391792	-0.522825	0.846246	0.530309	0.0513811	-0.218503	0.0643371	-0.00598012	-0.99791	0.155526	
-0.52857	0.847943	-0.0400785	-0.522541	0.846419	0.530043	0.0512815	-0.217683	0.0647272	-0.00681735	-0.99788	0.155599	
-0.528311	0.84806	-0.0410204	-0.522288	0.846552	0.529844	0.0511283	-0.216876	0.0650943	-0.00771428	-0.997849	0.155686	
-0.528125	0.848136	-0.0418295	-0.521989	0.846643	0.529711	0.0510118	-0.216048	0.0654225	-0.00847405	-0.997822	0.15573	
-0.527987	0.848176	-0.0427579	-0.521741	0.846701	0.529633	0.0508589	-0.215212	0.0657833	-0.00935033	-0.99779	0.155827	
-0.527878	0.848184	-0.0439148	-0.521569	0.846736	0.529599	0.0506303	-0.2144	0.066201	-0.0104576	-0.997752	0.156008	
-0.527772	0.848193	-0.0450072	-0.521371	0.846771	0.529563	0.0504168	-0.213581	0.0665973	-0.0115022	-0.997714	0.156181	
-0.52778	0.848137	-0.0459555	-0.521114	0.846735	0.529633	0.0502905	-0.212745	0.0669928	-0.0123698	-0.997677	0.156312	
-0.527901	0.848001	-0.0470599	-0.520897	0.846625	0.529825	0.0501173	-0.211957	0.0674331	-0.0133851	-0.997634	0.156503	
-0.528077	0.847836	-0.0480379	-0.520648	0.84648	0.530066	0.0500126	-0.211158	0.0678658	-0.0142526	-0.997593	0.15665	
-0.528285	0.847665	-0.0487748	-0.520318	0.846317	0.530324	0.0500316	-0.210314	0.0682765	-0.014848	-0.997556	0.156716	
-0.528552	0.847452	-0.0495885	-0.520041	0.846114	0.530646	0.0500485	-0.209468	0.0687277	-0.0155044	-0.997515	0.156793	
-0.5288	0.847241	-0.0505371	-0.519832	0.845921	0.530959	0.0499983	-0.208623	0.0691937	-0.0163113	-0.99747	0.156906	
-0.529005	0.847058	-0.0514391	-0.519625	0.845756	0.531226	0.0499508	-0.20777	0.0696371	-0.0170807	-0.997426	0.157003	
-0.529213	0.846879	-0.0522427	-0.519395	0.845592	0.531489	0.0499288	-0.206881	0.0700501	-0.0177531	-0.997386	0.157078	
-0.529414	0.846695	-0.0531886	-0.519223	0.845431	0.531754	0.0498368	-0.20601	0.0704798	-0.018583	-0.99734	0.157206	
-0.529582	0.846526	-0.0541938	-0.519065	0.845291	0.53199	0.0496906	-0.205159	0.070895	-0.0194944	-0.997293	0.157368	
-0.529788	0.846345	-0.0549908	-0.518818	0.845131	0.532252	0.0496128	-0.204298	0.0712585	-0.0201901	-0.997254	0.157481	
-0.530039	0.846133	-0.0558438	-0.518586	0.844941	0.532561	0.0495264	-0.203461	0.0716461	-0.0209339	-0.99721	0.15762	
-0.530275	0.845926	-0.0567284	-0.518362	0.84476	0.532858	0.0494245	-0.202641	0.0720377	-0.0217133	-0.997166	0.157792	
-0.530531	0.845706	-0.0575946	-0.518151	0.844564	0.533176	0.0493495	-0.201821	0.0724433	-0.0224609	-0.99712	0.157958	
-0.530843	0.845467	-0.0582363	-0.517858	0.844339	0.533533	0.0493294	-0.200987	0.0727774	-0.022985	-0.997083	0.158063	
-0.531128	0.845246	-0.0588348	-0.517578	0.844133	0.533861	0.0493082	-0.200157	0.0730872	-0.0234755	-0.997049	0.158154	
-0.531448	0.844997	-0.0595304	-0.517353	0.843907	0.534229	0.0492061	-0.199344	0.0733819	-0.0240876	-0.997013	0.158261	
-0.531814	0.844728	-0.0600611	-0.517096	0.843653	0.534633	0.0491642	-0.198503	0.073641	-0.0245245	-0.996983	0.158341	
-0.532218	0.844444	-0.0604899	-0.516808	0.843379	0.535067	0.0491398	-0.197664	0.0738619	-0.0248629	-0.996958	0.158386	
-0.532683	0.844116	-0.060969	-0.516546	0.843065	0.535566	0.0490992	-0.196832	0.0740983	-0.0252465	-0.996931	0.158463	
-0.533103	0.843815	-0.0614594	-0.516306	0.842775	0.536022	0.0490918	-0.195982	0.074368	-0.0256255	-0.996902	0.158578	
-0.533535	0.843502	-0.0620164	-0.516082	0.842477	0.536494	0.0490587	-0.19514	0.0746525	-0.0260729	-0.996869	0.158735	
-0.533997	0.843174	-0.0624916	-0.51582	0.84216	0.536991	0.0490599	-0.194313	0.0749235	-0.0264301	-0.996839	0.158894	
-0.534452	0.842856	-0.0628818	-0.515523	0.841851	0.537475	0.049067	-0.193503	0.0751538	-0.0267132	-0.996814	0.159054	
-0.534909	0.842533	-0.0633262	-0.515262	0.841537	0.537966	0.0490744	-0.192696	0.0754141	-0.0270409	-0.996786	0.159235	
