-0.689102	0.7239	-0.033271	-0.535383	0.723029	0.689905	0.0355026	-0.369724	0.0486541	0.000408999	-0.998816	0.147372	
-0.689068	0.723933	-0.0332739	-0.535401	0.723061	0.68987	0.0355114	-0.369698	0.0486626	0.000410748	-0.998815	0.147371	
-0.688999	0.723998	-0.0332867	-0.535435	0.723124	0.689802	0.0355508	-0.369645	0.0486999	0.000423979	-0.998813	0.147369	
-0.688832	0.724154	-0.0333413	-0.535531	0.723275	0.689638	0.0356597	-0.369503	0.0488165	0.000448614	-0.998808	0.147364	
-0.68869	0.724287	-0.0333795	-0.535609	0.723404	0.689498	0.0357584	-0.369382	0.0489145	0.000479515	-0.998803	0.147358	
-0.688553	0.724416	-0.033415	-0.535683	0.723529	0.689363	0.0358411	-0.369269	0.0489989	0.000501771	-0.998799	0.147353	
-0.688431	0.72453	-0.0334546	-0.535752	0.723639	0.689243	0.0359242	-0.369167	0.0490865	0.000522276	-0.998794	0.14735	
-0.688302	0.72465	-0.0335029	-0.535825	0.723754	0.689116	0.0360293	-0.369054	0.049196	0.000551171	-0.998789	0.147345	
-0.68817	0.724774	-0.0335539	-0.5359	0.723872	0.688987	0.0361453	-0.368936	0.0493153	0.00058542	-0.998783	0.147338	
-0.68803	0.724904	-0.0335976	-0.535976	0.723996	0.68885	0.0362645	-0.368809	0.0494319	0.000626529	-0.998777	0.147329	
-0.687877	0.725046	-0.033651	-0.536062	0.724134	0.6887	0.0363739	-0.368675	0.0495481	0.000652968	-0.998772	0.147328	
-0.687696	0.725216	-0.0337158	-0.536165	0.724298	0.688521	0.0364761	-0.368525	0.049667	0.000664168	-0.998766	0.147335	
-0.687481	0.725416	-0.0337867	-0.536285	0.724492	0.688311	0.0365944	-0.368349	0.0498019	0.000679779	-0.998759	0.147341	
-0.687254	0.725627	-0.0338571	-0.536409	0.724698	0.688087	0.0367237	-0.368162	0.0499444	0.000702333	-0.998752	0.147344	
-0.687033	0.725834	-0.0339237	-0.536531	0.724898	0.68787	0.0368552	-0.367977	0.0500858	0.000729481	-0.998745	0.147345	
-0.686824	0.726029	-0.0339853	-0.536648	0.725086	0.687664	0.0369857	-0.3678	0.0502231	0.000760349	-0.998738	0.147342	
-0.686614	0.726225	-0.0340448	-0.536766	0.725276	0.687457	0.0371194	-0.36762	0.0503613	0.000794813	-0.998731	0.147336	
-0.686396	0.726429	-0.0340915	-0.536883	0.725473	0.687242	0.037252	-0.367436	0.05049	0.000837153	-0.998724	0.147326	
-0.686164	0.726646	-0.034131	-0.537005	0.725684	0.687012	0.0373831	-0.367241	0.0506127	0.000882564	-0.998718	0.147315	
-0.685919	0.726875	-0.0341671	-0.537132	0.725907	0.686769	0.0375134	-0.367037	0.0507325	0.000929042	-0.998712	0.147304	
-0.685659	0.727118	-0.0342104	-0.537268	0.726144	0.686512	0.0376434	-0.366826	0.0508571	0.000968874	-0.998705	0.147295	
-0.685394	0.727366	-0.0342548	-0.537407	0.726385	0.686249	0.0377761	-0.36661	0.0509843	0.00100932	-0.998699	0.147286	
-0.685127	0.727615	-0.0342996	-0.537548	0.726628	0.685985	0.0379025	-0.366395	0.0511074	0.00104497	-0.998693	0.147279	
-0.68485	0.727875	-0.0343451	-0.537696	0.726882	0.685709	0.0380224	-0.366173	0.0512263	0.00107478	-0.998686	0.147272	
-0.684564	0.728141	-0.0343904	-0.537848	0.727143	0.685426	0.0381402	-0.365947	0.0513435	0.00110268	-0.99868	0.147267	
-0.68427	0.728416	-0.0344357	-0.538004	0.727411	0.685135	0.038257	-0.365715	0.0514601	0.00112924	-0.998674	0.147262	
-0.683967	0.728698	-0.0344788	-0.538163	0.727688	0.684834	0.0383768	-0.365476	0.0515773	0.00115867	-0.998668	0.147256	
-0.683658	0.728986	-0.0345199	-0.538324	0.727969	0.684528	0.0385061	-0.365229	0.0517002	0.00119558	-0.998662	0.147248	
-0.683337	0.729285	-0.0345618	-0.53849	0.728261	0.684209	0.0386433	-0.364971	0.0518295	0.00123639	-0.998655	0.147239	
-0.68301	0.729589	-0.0346073	-0.538659	0.728558	0.683885	0.0387873	-0.364709	0.0519662	0.00127871	-0.998648	0.14723	
-0.682669	0.729906	-0.0346535	-0.538836	0.728868	0.683546	0.0389323	-0.364436	0.0521042	0.00132008	-0.998641	0.147222	
-0.682322	0.730228	-0.0346971	-0.539014	0.729183	0.683202	0.039079	-0.364158	0.0522417	0.00136389	-0.998634	0.147213	
-0.681967	0.730558	-0.0347446	-0.539198	0.729505	0.68285	0.0392254	-0.363874	0.0523818	0.00140407	-0.998626	0.147205	
-0.681603	0.730894	-0.034798	-0.539387	0.729834	0.682489	0.0393806	-0.363584	0.0525323	0.00144521	-0.998618	0.147198	
-0.681233	0.731236	-0.0348544	-0.539578	0.730168	0.682123	0.0395421	-0.363288	0.0526896	0.00148784	-0.99861	0.147192	
-0.680866	0.731575	-0.0349105	-0.539767	0.730499	0.681759	0.039705	-0.362993	0.0528477	0.00153171	-0.998601	0.147185	
-0.680493	0.73192	-0.0349678	-0.539959	0.730835	0.681389	0.0398685	-0.362693	0.0530072	0.00157455	-0.998593	0.14718	
-0.68011	0.732273	-0.0350259	-0.540156	0.73118	0.681009	0.0400326	-0.362386	0.0531677	0.00161632	-0.998584	0.147175	
-0.679734	0.732619	-0.0350791	-0.540349	0.731518	0.680636	0.0401905	-0.362085	0.0533205	0.00165784	-0.998576	0.147169	
-0.67936	0.732964	-0.0351283	-0.54054	0.731855	0.680265	0.0403488	-0.361785	0.0534708	0.00170249	-0.998568	0.147161	
-0.678973	0.73332	-0.0351751	-0.540735	0.732202	0.679882	0.0405156	-0.361475	0.0536258	0.00175373	-0.99856	0.147151	
-0.678589	0.733673	-0.0352175	-0.540928	0.732547	0.6795	0.040682	-0.361165	0.0537776	0.00180786	-0.998551	0.147139	
-0.678206	0.734026	-0.0352547	-0.541119	0.732891	0.679119	0.0408425	-0.360857	0.0539216	0.0018618	-0.998543	0.147127	
-0.677826	0.734375	-0.0352879	-0.541308	0.733232	0.678741	0.040999	-0.360552	0.05406	0.00191602	-0.998536	0.147115	
-0.677456	0.734715	-0.0353202	-0.541491	0.733564	0.678373	0.0411536	-0.360254	0.0541964	0.00197011	-0.998528	0.147102	
-0.677078	0.735061	-0.0353589	-0.541679	0.733902	0.677998	0.0413187	-0.35995	0.054345	0.002026	-0.99852	0.14709	
-0.676685	0.735422	-0.0353963	-0.541873	0.734253	0.677607	0.0414873	-0.359633	0.0544954	0.00208393	-0.998512	0.147077	
-0.676285	0.735787	-0.0354373	-0.542072	0.73461	0.67721	0.0416452	-0.359315	0.0546404	0.0021314	-0.998504	0.147067	
-0.675872	0.736165	-0.0354817	-0.542278	0.73498	0.676799	0.0418067	-0.358988	0.0547906	0.00217763	-0.998496	0.147059	
-0.67547	0.736531	-0.0355197	-0.542478	0.735339	0.6764	0.0419573	-0.358672	0.0549284	0.00222184	-0.998488	0.14705	
-0.675061	0.736904	-0.035561	-0.542681	0.735703	0.675994	0.0421126	-0.358351	0.055072	0.00226623	-0.99848	0.14704	
-0.674644	0.737284	-0.0356115	-0.542891	0.736074	0.675579	0.0422855	-0.358019	0.0552348	0.00231497	-0.998471	0.14703	
-0.674228	0.737662	-0.0356575	-0.543098	0.736444	0.675166	0.0424511	-0.35769	0.0553893	0.00236196	-0.998462	0.147021	
-0.673814	0.738038	-0.0357036	-0.543305	0.736811	0.674755	0.0426122	-0.357363	0.0555406	0.00240595	-0.998454	0.147013	
-0.673406	0.738408	-0.0357538	-0.543509	0.737172	0.67435	0.0427718	-0.357041	0.0556936	0.00244604	-0.998445	0.147008	
-0.672989	0.738785	-0.035808	-0.543716	0.73754	0.673936	0.0429371	-0.356711	0.0558536	0.00248637	-0.998436	0.147004	
-0.672555	0.739178	-0.035868	-0.543933	0.737923	0.673506	0.0431196	-0.356363	0.0560304	0.00253245	-0.998426	0.147	
-0.672098	0.73959	-0.0359272	-0.544158	0.738325	0.673053	0.043309	-0.355998	0.0562117	0.00258194	-0.998416	0.146996	
-0.671644	0.74	-0.0359813	-0.54438	0.738725	0.672602	0.0434973	-0.355633	0.0563891	0.00263436	-0.998405	0.146992	
-0.671203	0.740397	-0.036031	-0.544594	0.739113	0.672164	0.043677	-0.35528	0.0565571	0.00268515	-0.998396	0.146988	
-0.670759	0.740798	-0.0360676	-0.544805	0.739503	0.671723	0.0438589	-0.354925	0.056718	0.00274668	-0.998386	0.146979	
-0.670307	0.741205	-0.0361053	-0.545019	0.7399	0.671273	0.0440514	-0.35456	0.0568876	0.00281365	-0.998377	0.146969	
-0.669859	0.741609	-0.0361362	-0.545228	0.740294	0.670827	0.0442329	-0.3542	0.0570446	0.00287839	-0.998367	0.146959	
-0.669408	0.742014	-0.0361603	-0.545433	0.740691	0.670378	0.0443927	-0.353847	0.0571811	0.00293327	-0.99836	0.146956	
-0.668947	0.742428	-0.0361989	-0.545645	0.741096	0.669919	0.0445583	-0.353486	0.0573317	0.00298025	-0.998351	0.146958	
-0.668462	0.742863	-0.0362323	-0.545865	0.741521	0.669437	0.0447279	-0.353109	0.0574819	0.00303193	-0.998342	0.146958	
-0.667965	0.743309	-0.0362622	-0.546088	0.741958	0.668941	0.0448978	-0.352725	0.0576302	0.00308513	-0.998333	0.146958	
-0.667471	0.743751	-0.0362848	-0.546307	0.742392	0.66845	0.0450521	-0.35235	0.0577621	0.00313346	-0.998325	0.146958	
-0.666979	0.744192	-0.0362979	-0.546522	0.742825	0.667958	0.0451979	-0.351981	0.0578814	0.00318308	-0.998318	0.146957	
-0.666493	0.744626	-0.0363155	-0.546736	0.74325	0.667474	0.0453583	-0.35161	0.0580147	0.00323946	-0.99831	0.146952	
-0.666009	0.745058	-0.0363382	-0.546952	0.743673	0.666992	0.0455205	-0.351238	0.0581527	0.00329329	-0.998302	0.146949	
-0.66554	0.745476	-0.036369	-0.547164	0.744082	0.666525	0.0456769	-0.350875	0.0582919	0.00333825	-0.998294	0.14695	
-0.665078	0.745886	-0.0364048	-0.547373	0.744484	0.666065	0.0458256	-0.350519	0.0584287	0.00337482	-0.998286	0.146957	
-0.664607	0.746304	-0.0364532	-0.54759	0.744894	0.665597	0.0459763	-0.350155	0.0585754	0.00340243	-0.998277	0.146968	
-0.664132	0.746724	-0.0364899	-0.547807	0.745306	0.665125	0.0461262	-0.34979	0.0587139	0.00343774	-0.998269	0.146974	
-0.663652	0.74715	-0.0365233	-0.548023	0.745725	0.664647	0.0462551	-0.34943	0.0588346	0.00346092	-0.998262	0.146984	
-0.663179	0.747569	-0.0365436	-0.548232	0.746136	0.664175	0.0463842	-0.349076	0.0589467	0.00349455	-0.998255	0.146987	
-0.6627	0.747992	-0.0365576	-0.548441	0.746554	0.663698	0.0464985	-0.348725	0.0590437	0.00352235	-0.998249	0.146992	
-0.66222	0.748417	-0.0365618	-0.548647	0.746973	0.663219	0.0466104	-0.348374	0.0591324	0.00355568	-0.998244	0.146994	
-0.661739	0.748842	-0.0365621	-0.54885	0.747392	0.662739	0.0467128	-0.348026	0.0592117	0.00358548	-0.998239	0.146998	
-0.661272	0.749255	-0.0365605	-0.549044	0.7478	0.662272	0.046799	-0.347694	0.0592773	0.00360691	-0.998235	0.147006	
-0.660812	0.749661	-0.0365495	-0.549231	0.748202	0.661812	0.0468808	-0.347367	0.0593336	0.003633	-0.998232	0.147012	
-0.660337	0.75008	-0.0365431	-0.549426	0.748617	0.661337	0.0469659	-0.347028	0.0593955	0.00365653	-0.998228	0.14702	
-0.659868	0.750492	-0.0365408	-0.54962	0.749025	0.660869	0.0470526	-0.346692	0.0594613	0.00367855	-0.998224	0.147029	
-0.659404	0.750901	-0.036523	-0.549805	0.74943	0.660404	0.0471302	-0.346364	0.0595101	0.00370638	-0.998221	0.147035	
-0.658939	0.75131	-0.0365101	-0.549993	0.749834	0.659939	0.0472033	-0.346036	0.0595587	0.0037276	-0.998218	0.147042	
-0.658474	0.751718	-0.036488	-0.550178	0.750239	0.659474	0.0472788	-0.345708	0.0596032	0.00375709	-0.998215	0.147046	
-0.658007	0.752129	-0.0364587	-0.550361	0.750647	0.659005	0.047347	-0.345381	0.0596375	0.00378699	-0.998213	0.147049	
-0.657553	0.752527	-0.0364295	-0.550536	0.751042	0.65855	0.0474015	-0.34507	0.0596616	0.0038089	-0.998211	0.147054	
-0.6571	0.752924	-0.0363962	-0.550708	0.751438	0.658096	0.0474457	-0.344764	0.0596752	0.0038271	-0.99821	0.147062	
-0.656645	0.753322	-0.0363687	-0.550883	0.751833	0.657641	0.0474983	-0.344452	0.059699	0.00384639	-0.998209	0.14707	
-0.656178	0.75373	-0.0363432	-0.551062	0.752239	0.657173	0.0475425	-0.344135	0.0597179	0.00385757	-0.998208	0.147083	
-0.65571	0.754139	-0.0363086	-0.551238	0.752647	0.656703	0.0475803	-0.34382	0.0597262	0.00387128	-0.998207	0.147094	
-0.655253	0.754539	-0.0362607	-0.551403	0.753046	0.656244	0.0475989	-0.343519	0.0597111	0.00388331	-0.998208	0.147105	
-0.654792	0.754941	-0.0362027	-0.551566	0.753449	0.655781	0.0476028	-0.343224	0.0596783	0.00389308	-0.99821	0.147115	
-0.654332	0.755344	-0.0361236	-0.551723	0.753852	0.655317	0.0476054	-0.34293	0.0596309	0.00391787	-0.998213	0.147115	
-0.653871	0.755747	-0.0360287	-0.551872	0.754258	0.654851	0.0475875	-0.342645	0.0595576	0.00394116	-0.998217	0.147116	
-0.653422	0.75614	-0.0359296	-0.552014	0.754653	0.654397	0.0475656	-0.342369	0.0594785	0.003966	-0.998222	0.147116	
-0.652969	0.756537	-0.0358202	-0.552152	0.755053	0.653939	0.0475219	-0.342099	0.0593763	0.00398422	-0.998228	0.147118	
-0.652502	0.756945	-0.0357093	-0.552294	0.755465	0.653466	0.0474808	-0.341818	0.0592752	0.00400411	-0.998234	0.147122	
-0.652031	0.757357	-0.0355874	-0.552433	0.755882	0.652989	0.0474159	-0.341543	0.0591489	0.00401683	-0.998241	0.147127	
-0.651546	0.757781	-0.0354374	-0.552566	0.756313	0.652497	0.0473109	-0.341278	0.0589741	0.00402345	-0.998251	0.147132	
-0.651058	0.758208	-0.0352699	-0.552691	0.756749	0.652001	0.047181	-0.341025	0.058769	0.00402708	-0.998263	0.147137	
-0.65056	0.758644	-0.0350966	-0.552818	0.757195	0.651493	0.0470436	-0.340767	0.0585545	0.00402973	-0.998276	0.14714	
-0.65006	0.75908	-0.0349206	-0.552947	0.75764	0.650985	0.0469141	-0.340504	0.0583443	0.00403976	-0.998288	0.147141	
-0.649581	0.759498	-0.034746	-0.553068	0.758067	0.650497	0.0467766	-0.340253	0.0581289	0.00404544	-0.998301	0.147144	
-0.649105	0.759913	-0.0345681	-0.553186	0.758491	0.650013	0.046628	-0.340008	0.057903	0.00404689	-0.998314	0.14715	
-0.648623	0.760333	-0.0343952	-0.553306	0.758921	0.649521	0.0464856	-0.339755	0.0576849	0.00404834	-0.998327	0.147157	
-0.648117	0.760772	-0.034211	-0.55343	0.75937	0.649007	0.0463368	-0.339491	0.0574549	0.00405294	-0.99834	0.147164	
-0.647611	0.761211	-0.0340189	-0.553551	0.759819	0.648492	0.0461855	-0.339228	0.0572179	0.00406201	-0.998353	0.147169	
-0.647095	0.761659	-0.0338016	-0.553665	0.760279	0.647965	0.0460141	-0.338968	0.0569493	0.00407682	-0.998369	0.14717	
-0.646575	0.762112	-0.0335703	-0.553775	0.760743	0.647433	0.0458316	-0.338711	0.0566633	0.0040952	-0.998385	0.147168	
-0.646054	0.762564	-0.0333257	-0.553881	0.761208	0.6469	0.0456442	-0.338455	0.056365	0.00412085	-0.998402	0.147162	
-0.645546	0.763005	-0.0330687	-0.553977	0.761661	0.646379	0.0454509	-0.338209	0.0560542	0.00415355	-0.998419	0.147152	
-0.645053	0.763433	-0.0328122	-0.554069	0.762101	0.645873	0.0452679	-0.337965	0.0557515	0.00419397	-0.998436	0.14714	
-0.644554	0.763865	-0.0325573	-0.554162	0.762546	0.645362	0.0450774	-0.337719	0.0554443	0.0042284	-0.998453	0.147132	
-0.644054	0.764298	-0.0322995	-0.554253	0.762991	0.644849	0.0448834	-0.337472	0.0551326	0.00426317	-0.99847	0.147125	
-0.64355	0.764733	-0.0320246	-0.554338	0.76344	0.644332	0.0446621	-0.337234	0.0547891	0.00429345	-0.998489	0.147119	
-0.643039	0.765176	-0.0317266	-0.554413	0.763898	0.643807	0.0444144	-0.337005	0.0544107	0.00432433	-0.998509	0.147113	
-0.642509	0.765635	-0.0314052	-0.554486	0.764373	0.643261	0.0441489	-0.336773	0.0540036	0.00436079	-0.998531	0.147102	
-0.641977	0.766094	-0.0310699	-0.554553	0.764849	0.642714	0.0438692	-0.336549	0.0535769	0.00439923	-0.998554	0.14709	
-0.641458	0.766542	-0.030735	-0.554615	0.765314	0.642179	0.0436029	-0.336326	0.0531608	0.00444748	-0.998576	0.147074	
-0.64095	0.76698	-0.0304041	-0.554677	0.765767	0.641655	0.0433597	-0.336098	0.052765	0.00450889	-0.998597	0.147053	
-0.640444	0.767415	-0.0300965	-0.554748	0.766214	0.641135	0.043153	-0.33585	0.0524122	0.00457671	-0.998615	0.147034	
-0.639952	0.767837	-0.0297999	-0.554817	0.766648	0.640629	0.0429658	-0.335601	0.0520814	0.00465004	-0.998632	0.147016	
-0.639469	0.768251	-0.0295041	-0.55488	0.767073	0.640132	0.0427783	-0.335358	0.051751	0.00472357	-0.998649	0.146999	
-0.638987	0.768663	-0.0292128	-0.554944	0.767497	0.639636	0.0425968	-0.335112	0.0514281	0.00479806	-0.998665	0.146983	
-0.638511	0.76907	-0.0289075	-0.555	0.767915	0.639146	0.0424204	-0.334869	0.0511004	0.00488735	-0.998682	0.146961	
-0.638044	0.769469	-0.0285927	-0.555049	0.768324	0.638665	0.042251	-0.334629	0.050772	0.00498954	-0.998698	0.146933	
-0.637599	0.769849	-0.0282866	-0.555091	0.768713	0.638206	0.042111	-0.334388	0.0504718	0.0051056	-0.998712	0.146904	
-0.637156	0.770226	-0.0279867	-0.555137	0.769098	0.637749	0.0420009	-0.334131	0.0501987	0.00523658	-0.998726	0.146871	
-0.636712	0.770604	-0.027697	-0.555187	0.769482	0.637291	0.0419117	-0.333861	0.0499483	0.00537332	-0.998737	0.146839	
-0.636263	0.770985	-0.0274081	-0.555239	0.76987	0.636829	0.0418218	-0.333588	0.0496983	0.00550903	-0.998749	0.146808	
-0.63582	0.771361	-0.027109	-0.555284	0.770252	0.636373	0.0417294	-0.333321	0.0494399	0.00565164	-0.998761	0.146773	
-0.635368	0.771744	-0.0268002	-0.555329	0.770642	0.635907	0.0416416	-0.333046	0.0491791	0.00580441	-0.998773	0.146734	
-0.634912	0.77213	-0.0264888	-0.555375	0.771034	0.635436	0.0415565	-0.332767	0.0489189	0.00596094	-0.998785	0.146694	
-0.634448	0.772523	-0.0261589	-0.555416	0.771434	0.634958	0.0414544	-0.332492	0.0486343	0.00612078	-0.998798	0.14665	
-0.633984	0.772915	-0.0258097	-0.555444	0.771835	0.634479	0.0413281	-0.332231	0.0483188	0.00628057	-0.998812	0.146608	
-0.633503	0.773322	-0.0254409	-0.555469	0.772252	0.633981	0.0411774	-0.33197	0.0479725	0.00643922	-0.998828	0.146567	
-0.633001	0.773745	-0.0250619	-0.555497	0.772685	0.633463	0.0410268	-0.331694	0.0476201	0.00660506	-0.998844	0.146524	
-0.632495	0.774171	-0.0246752	-0.555523	0.773121	0.63294	0.040881	-0.331414	0.0472668	0.00678013	-0.998859	0.146478	
-0.631984	0.774601	-0.0242762	-0.555545	0.773561	0.632412	0.0407351	-0.331131	0.046906	0.00696483	-0.998875	0.146428	
-0.631464	0.775038	-0.0238632	-0.555565	0.774007	0.631874	0.0405869	-0.330843	0.046535	0.00715886	-0.998891	0.146376	
-0.630932	0.775485	-0.0234312	-0.555581	0.774465	0.631324	0.0404343	-0.330548	0.0461488	0.00736462	-0.998907	0.146319	
-0.630399	0.775931	-0.0229857	-0.555589	0.774923	0.630772	0.0402631	-0.330263	0.0457401	0.00756966	-0.998925	0.146262	
-0.629861	0.776381	-0.02252	-0.555589	0.775385	0.630215	0.040087	-0.329979	0.0453153	0.00778762	-0.998942	0.146201	
-0.629294	0.776855	-0.0220364	-0.555593	0.775871	0.629629	0.0399034	-0.32968	0.0448739	0.00801361	-0.99896	0.146136	
-0.628706	0.777345	-0.0215555	-0.555605	0.776373	0.629021	0.0397071	-0.329372	0.044425	0.00822899	-0.998979	0.146076	
-0.628109	0.77784	-0.0210547	-0.555613	0.776883	0.628405	0.0395018	-0.329066	0.043957	0.00845441	-0.998998	0.146009	
-0.627499	0.778347	-0.0205336	-0.555615	0.777403	0.627775	0.0392776	-0.328759	0.043462	0.00868379	-0.999017	0.145942	
-0.626878	0.778861	-0.0199999	-0.555614	0.777933	0.627134	0.0390374	-0.328454	0.0429473	0.00891311	-0.999038	0.145875	
-0.626262	0.77937	-0.0194551	-0.555604	0.778458	0.626497	0.0387812	-0.328161	0.0424135	0.00914222	-0.999058	0.145808	
-0.625637	0.779886	-0.0188999	-0.555592	0.77899	0.625852	0.0385271	-0.32786	0.0418753	0.00938119	-0.999079	0.145739	
-0.625014	0.780397	-0.0183522	-0.555584	0.779517	0.62521	0.0382892	-0.327552	0.0413547	0.00962544	-0.999098	0.145668	
-0.624397	0.780904	-0.0178009	-0.555573	0.780039	0.624572	0.0380645	-0.327241	0.0408427	0.00988196	-0.999117	0.145592	
-0.623782	0.781408	-0.0172528	-0.555561	0.780557	0.623938	0.0378564	-0.326922	0.040346	0.0101473	-0.999134	0.145517	
-0.623164	0.781913	-0.0167176	-0.555554	0.781074	0.623301	0.0376694	-0.326589	0.0398742	0.0104165	-0.99915	0.145442	
-0.62256	0.782404	-0.0162036	-0.555549	0.781578	0.62268	0.0374899	-0.326261	0.0394219	0.0106753	-0.999166	0.145375	
-0.621972	0.782882	-0.0156998	-0.555542	0.782068	0.622074	0.0373263	-0.325935	0.0389886	0.0109376	-0.99918	0.145307	
-0.621388	0.783356	-0.0152023	-0.555537	0.782552	0.621473	0.037193	-0.325595	0.0385831	0.0112147	-0.999192	0.145235	
-0.620817	0.783817	-0.0147066	-0.555528	0.783024	0.620885	0.0370853	-0.325249	0.0381992	0.0115075	-0.999204	0.14516	
-0.620248	0.784277	-0.014227	-0.555522	0.783493	0.620299	0.0369819	-0.324901	0.037829	0.0117912	-0.999215	0.145092	
-0.619676	0.784738	-0.0137432	-0.555515	0.783963	0.61971	0.0368877	-0.324545	0.037464	0.0120843	-0.999225	0.145023	
-0.619103	0.785198	-0.0132455	-0.5555	0.784433	0.619121	0.0367973	-0.324187	0.0370938	0.0123911	-0.999235	0.14495	
-0.618539	0.78565	-0.0127475	-0.55548	0.784895	0.61854	0.0367028	-0.323837	0.0367204	0.0126967	-0.999245	0.144877	
-0.617968	0.786108	-0.0122516	-0.555463	0.785362	0.617953	0.036611	-0.32348	0.0363511	0.0130025	-0.999254	0.144807	
-0.617392	0.786568	-0.0117488	-0.555444	0.785832	0.61736	0.036536	-0.323111	0.0359912	0.0133245	-0.999263	0.144732	
-0.616818	0.787025	-0.0112636	-0.555432	0.786298	0.61677	0.0364702	-0.322737	0.03565	0.0136389	-0.999271	0.144661	
-0.616237	0.787487	-0.0107777	-0.555422	0.786769	0.616173	0.0364075	-0.322357	0.0353114	0.0139562	-0.999279	0.14459	
-0.615649	0.787953	-0.0102712	-0.555406	0.787244	0.615569	0.036346	-0.321972	0.0349616	0.0142904	-0.999286	0.144512	
-0.61506	0.78842	-0.0097477	-0.555381	0.787721	0.614964	0.0362721	-0.321594	0.0345921	0.0146311	-0.999294	0.144432	
-0.614457	0.788896	-0.00922063	-0.555356	0.788208	0.614344	0.0361778	-0.321218	0.0342051	0.0149619	-0.999303	0.144357	
-0.613828	0.789392	-0.00867893	-0.555333	0.788715	0.613699	0.0360842	-0.320826	0.0338109	0.0153043	-0.999311	0.144277	
-0.613178	0.789903	-0.00813528	-0.555312	0.789239	0.613032	0.0359572	-0.320437	0.0333899	0.0156275	-0.99932	0.144209	
-0.612498	0.790436	-0.00758591	-0.555295	0.789785	0.612338	0.0358075	-0.320043	0.0329487	0.0159408	-0.99933	0.144146	
-0.611791	0.790988	-0.00702458	-0.555282	0.790351	0.611616	0.0356626	-0.31963	0.032505	0.0162662	-0.999339	0.144079	
-0.611083	0.79154	-0.00646206	-0.555267	0.790917	0.610892	0.0355203	-0.319215	0.0320634	0.0165949	-0.999348	0.144012	
-0.610353	0.792108	-0.00589282	-0.555255	0.791499	0.610147	0.03537	-0.318792	0.0316123	0.016924	-0.999357	0.143947	
-0.609595	0.792695	-0.00529727	-0.55524	0.792101	0.609373	0.0352247	-0.318351	0.0311504	0.0172768	-0.999365	0.143872	
-0.608821	0.793294	-0.00469293	-0.555223	0.792715	0.608584	0.0350474	-0.317916	0.0306589	0.0176174	-0.999375	0.143804	
-0.608032	0.793902	-0.00408828	-0.55521	0.79334	0.60778	0.034854	-0.317478	0.0301554	0.0179489	-0.999384	0.143742	
-0.607259	0.794496	-0.00345907	-0.555182	0.79395	0.606993	0.034695	-0.317033	0.0296646	0.0183225	-0.999392	0.143662	
-0.60651	0.795071	-0.00283768	-0.555149	0.79454	0.606228	0.0345451	-0.316594	0.0291861	0.0186973	-0.999399	0.143585	
-0.605769	0.795638	-0.00226139	-0.555127	0.795122	0.605474	0.0343847	-0.316158	0.028727	0.0190311	-0.999406	0.14353	
-0.605025	0.796205	-0.00167126	-0.555097	0.795705	0.604717	0.0342169	-0.315723	0.0282543	0.0193722	-0.999413	0.143475	
-0.604258	0.796788	-0.0010447	-0.555058	0.796305	0.603936	0.03404	-0.31528	0.0277536	0.019737	-0.99942	0.143411	
-0.60349	0.79737	-0.000413259	-0.555014	0.796905	0.603156	0.0338505	-0.314842	0.0272407	0.0200991	-0.999427	0.143349	
-0.602728	0.797946	0.000214458	-0.55497	0.797499	0.602381	0.0336421	-0.314419	0.0267154	0.0204481	-0.999434	0.14329	
-0.60196	0.798526	0.000851258	-0.554926	0.798096	0.6016	0.0334599	-0.313978	0.0262064	0.0208209	-0.99944	0.143222	
-0.601199	0.799098	0.00149529	-0.554874	0.798686	0.600827	0.03328	-0.313538	0.0256956	0.0212022	-0.999445	0.143155	
-0.600426	0.799677	0.00212336	-0.554823	0.799285	0.600043	0.0330427	-0.313118	0.0251494	0.0215369	-0.999452	0.14311	
-0.599657	0.800252	0.00277332	-0.554758	0.79988	0.599264	0.0327944	-0.312705	0.0245819	0.0218837	-0.999458	0.143063	
-0.598896	0.800819	0.00341938	-0.554686	0.800466	0.598493	0.0325466	-0.312297	0.0240175	0.0222291	-0.999464	0.143022	
-0.598144	0.801379	0.00400122	-0.554638	0.801044	0.597732	0.0323333	-0.311871	0.0235195	0.0225451	-0.999469	0.142997	
-0.597419	0.801916	0.00459221	-0.55458	0.801598	0.596997	0.0321894	-0.311425	0.0230716	0.0229116	-0.999471	0.142955	
-0.596687	0.802458	0.00516496	-0.554528	0.802155	0.596256	0.0320443	-0.310974	0.0226345	0.0232635	-0.999473	0.142921	
-0.595947	0.803003	0.00572132	-0.554482	0.802717	0.595507	0.0318966	-0.310517	0.022206	0.0236013	-0.999475	0.1429	
-0.595196	0.803556	0.00630996	-0.554424	0.803286	0.594747	0.0317286	-0.310066	0.0217428	0.0239534	-0.999477	0.14287	
-0.594412	0.804131	0.00689308	-0.554377	0.803879	0.593955	0.0315526	-0.3096	0.0212782	0.0242964	-0.999478	0.142846	
-0.593612	0.804717	0.00746551	-0.554337	0.804482	0.593148	0.0313889	-0.309122	0.020831	0.0246387	-0.999479	0.142824	
-0.592807	0.805304	0.00805896	-0.554287	0.805087	0.592334	0.0312392	-0.308635	0.0203835	0.025007	-0.999479	0.142794	
-0.591996	0.805894	0.00865855	-0.554234	0.805695	0.591515	0.0310778	-0.308148	0.0199238	0.0253741	-0.999479	0.142767	
-0.591182	0.806485	0.00925645	-0.554177	0.806304	0.590694	0.0308897	-0.307673	0.0194443	0.0257249	-0.99948	0.142749	
-0.590332	0.8071	0.00983965	-0.554133	0.806938	0.589839	0.0306766	-0.30719	0.0189553	0.0260494	-0.999481	0.142744	
-0.589468	0.807725	0.0104053	-0.554098	0.80758	0.588969	0.0304831	-0.306688	0.0184935	0.026372	-0.999481	0.142744	
-0.5886	0.808349	0.0109974	-0.554054	0.808223	0.588096	0.030313	-0.306171	0.018036	0.0267306	-0.99948	0.142731	
-0.587745	0.808963	0.0115873	-0.554005	0.808855	0.587235	0.0301594	-0.305651	0.0175934	0.0270985	-0.999478	0.142718	
-0.586918	0.809555	0.01216	-0.553952	0.809464	0.586402	0.0300046	-0.305146	0.0171597	0.0274533	-0.999476	0.142711	
-0.586075	0.810157	0.0127285	-0.553904	0.810085	0.585554	0.0298192	-0.304646	0.016705	0.0277874	-0.999474	0.142712	
-0.585235	0.810754	0.0133255	-0.553841	0.810701	0.584709	0.0296421	-0.304147	0.0162409	0.0281507	-0.999472	0.142703	
-0.584379	0.811361	0.0139547	-0.553766	0.811328	0.583849	0.0294479	-0.303646	0.0157454	0.0285306	-0.999469	0.142689	
-0.583529	0.811962	0.0145611	-0.553691	0.811949	0.582995	0.0292413	-0.303153	0.0152538	0.028886	-0.999466	0.142692	
-0.582685	0.812557	0.0151406	-0.55362	0.812564	0.582149	0.0290321	-0.302663	0.0147761	0.0292192	-0.999464	0.142708	
-0.581834	0.813156	0.0157161	-0.553549	0.813182	0.581296	0.0288137	-0.302174	0.0142943	0.0295449	-0.999461	0.142728	
-0.581003	0.813738	0.0162905	-0.55347	0.813784	0.580463	0.0286131	-0.301684	0.0138276	0.0298812	-0.999458	0.14275	
-0.580175	0.814317	0.0168903	-0.553383	0.814383	0.579632	0.0284137	-0.301195	0.0133476	0.0302401	-0.999454	0.142759	
-0.579367	0.81488	0.0174695	-0.553293	0.814965	0.578822	0.0282392	-0.300706	0.0128998	0.0305979	-0.999449	0.142773	
-0.578568	0.815435	0.0180425	-0.553206	0.815539	0.57802	0.0281026	-0.300206	0.0124869	0.0309736	-0.999442	0.142779	
-0.577758	0.815997	0.0185847	-0.553132	0.816119	0.577208	0.0279527	-0.299703	0.0120821	0.0313172	-0.999436	0.142799	
-0.57695	0.816555	0.0191369	-0.553051	0.816696	0.576397	0.0278271	-0.29919	0.0116919	0.0316839	-0.99943	0.142814	
-0.576129	0.817121	0.019707	-0.552962	0.81728	0.575574	0.0276957	-0.298672	0.0112879	0.0320625	-0.999422	0.142829	
-0.575317	0.81768	0.0202369	-0.55288	0.817858	0.574759	0.0275729	-0.298153	0.0109145	0.0324141	-0.999415	0.142861	
-0.574514	0.818232	0.0207383	-0.552803	0.818427	0.573955	0.0274593	-0.297637	0.0105653	0.0327485	-0.999408	0.142901	
-0.573705	0.818786	0.0212688	-0.552717	0.818998	0.573143	0.0273714	-0.297105	0.0102213	0.0331222	-0.999399	0.142928	
-0.572898	0.819336	0.0218221	-0.55262	0.819567	0.572331	0.0273169	-0.296559	0.00989227	0.0335344	-0.999389	0.142941	
-0.572056	0.81991	0.0223434	-0.552542	0.820159	0.571488	0.0272275	-0.296009	0.00955508	0.0339008	-0.99938	0.142974	
-0.571208	0.820488	0.0228246	-0.552476	0.820754	0.570638	0.027125	-0.295462	0.0092312	0.0342274	-0.999371	0.143028	
-0.570324	0.821089	0.0233077	-0.552413	0.821371	0.569754	0.0270066	-0.294903	0.00889513	0.0345468	-0.999363	0.143089	
-0.569423	0.8217	0.0238002	-0.552349	0.822	0.568851	0.0269261	-0.294314	0.00858637	0.0348961	-0.999354	0.143145	
-0.568536	0.8223	0.0242813	-0.552283	0.822616	0.567961	0.0268728	-0.293717	0.00830669	0.0352523	-0.999344	0.143202	
-0.567652	0.822897	0.0247216	-0.552225	0.823229	0.567077	0.0267756	-0.29314	0.00801448	0.0355508	-0.999336	0.143286	
-0.566785	0.82348	0.0251974	-0.552146	0.823829	0.566209	0.0266975	-0.292567	0.00771788	0.0358901	-0.999326	0.143354	
-0.565913	0.824063	0.0257297	-0.552044	0.824432	0.565335	0.0266146	-0.291995	0.00738616	0.0362739	-0.999315	0.143404	
-0.565046	0.824643	0.0262217	-0.551947	0.825029	0.564468	0.0264946	-0.291439	0.00704726	0.0366043	-0.999305	0.143484	
-0.564162	0.825233	0.0266748	-0.551861	0.825637	0.563587	0.0263425	-0.290885	0.00670516	0.0368851	-0.999297	0.143591	
-0.563282	0.825819	0.0271471	-0.55176	0.82624	0.562708	0.0262047	-0.290325	0.00636443	0.0371907	-0.999288	0.143695	
-0.562432	0.826382	0.027628	-0.551643	0.826822	0.561859	0.0260873	-0.289769	0.00603502	0.0375157	-0.999278	0.143795	
-0.561559	0.82696	0.028082	-0.551537	0.827417	0.560989	0.0259175	-0.289222	0.00567902	0.0377897	-0.99927	0.14392	
-0.560687	0.827536	0.0285304	-0.551428	0.828011	0.560121	0.0257365	-0.288684	0.00531744	0.0380536	-0.999262	0.144051	
-0.559812	0.82811	0.0290531	-0.55129	0.828605	0.55925	0.0255467	-0.288151	0.00490749	0.0383749	-0.999251	0.144157	
-0.558949	0.828674	0.0295893	-0.551136	0.82919	0.558393	0.0253148	-0.287645	0.00445523	0.0386848	-0.999242	0.14427	
-0.558104	0.829225	0.0300923	-0.55099	0.829761	0.557553	0.0251155	-0.287133	0.00404836	0.0389864	-0.999232	0.144387	
-0.557261	0.829773	0.0305987	-0.550846	0.830329	0.556714	0.0249649	-0.286597	0.00368047	0.0393189	-0.99922	0.144492	
-0.556442	0.830304	0.0311098	-0.550692	0.83088	0.555897	0.0248461	-0.286057	0.003336	0.0396739	-0.999207	0.144591	
-0.555612	0.83084	0.0316122	-0.550538	0.831436	0.55507	0.0247131	-0.285514	0.00298565	0.0400145	-0.999195	0.144702	
-0.554763	0.831391	0.0320561	-0.550405	0.832004	0.554226	0.0245456	-0.284976	0.00264069	0.0402878	-0.999185	0.144845	
-0.553912	0.831941	0.0324997	-0.550272	0.832572	0.553379	0.0244086	-0.284428	0.00232185	0.0405785	-0.999174	0.144979	
-0.553057	0.83249	0.0329978	-0.550123	0.833141	0.552525	0.0243357	-0.28385	0.00202713	0.0409508	-0.999159	0.14508	
-0.552235	0.833018	0.0334434	-0.549985	0.833687	0.551704	0.024281	-0.283279	0.0017756	0.0412902	-0.999146	0.145194	
-0.551425	0.833536	0.033889	-0.549844	0.834223	0.550895	0.0242233	-0.282715	0.00152165	0.0416283	-0.999132	0.14531	
-0.550607	0.834055	0.0344087	-0.549674	0.834764	0.550076	0.0242005	-0.282133	0.00125712	0.0420481	-0.999115	0.145393	
-0.549772	0.834584	0.0349275	-0.549503	0.835314	0.549241	0.0241777	-0.281544	0.00099471	0.0424676	-0.999097	0.145481	
-0.54889	0.835146	0.0353806	-0.549367	0.835894	0.54836	0.0241148	-0.280948	0.000738106	0.0428108	-0.999083	0.145601	
-0.548005	0.835705	0.0358844	-0.549208	0.836475	0.547477	0.0240744	-0.280341	0.000473236	0.0432093	-0.999066	0.145702	
-0.547109	0.83627	0.0363844	-0.549044	0.837061	0.546581	0.0240311	-0.279727	0.000209478	0.0436036	-0.999049	0.145814	
-0.546245	0.836816	0.0368122	-0.548895	0.837625	0.545718	0.0239895	-0.279126	-1.42553e-05	0.043939	-0.999034	0.145955	
-0.545419	0.837336	0.0372373	-0.548736	0.838164	0.544892	0.0239697	-0.278534	-0.000219563	0.0442844	-0.999019	0.146091	
-0.544623	0.837835	0.0376727	-0.548562	0.838681	0.544094	0.0239945	-0.277936	-0.000394087	0.0446633	-0.999002	0.14622	
-0.543853	0.838318	0.0380494	-0.548396	0.839181	0.543323	0.0240011	-0.277353	-0.000552589	0.0449834	-0.998988	0.146379	
-0.543066	0.83881	0.0384305	-0.548228	0.83969	0.542536	0.0239904	-0.276771	-0.000726534	0.0452981	-0.998973	0.146545	
-0.542283	0.839298	0.038839	-0.548043	0.840195	0.541752	0.024003	-0.27618	-0.00089545	0.0456488	-0.998957	0.146699	
-0.541496	0.839788	0.0392172	-0.547864	0.840703	0.540967	0.0239609	-0.275616	-0.0010931	0.0459448	-0.998943	0.146876	
-0.540708	0.84028	0.0395553	-0.547698	0.841209	0.540179	0.023931	-0.275043	-0.00125818	0.046214	-0.998931	0.147068	
-0.539954	0.840746	0.039948	-0.547501	0.841693	0.539425	0.023945	-0.274469	-0.00141727	0.0465531	-0.998915	0.147233	
-0.539219	0.841199	0.0403525	-0.547296	0.842164	0.538687	0.0239808	-0.273898	-0.00156478	0.0469143	-0.998898	0.147388	
-0.5385	0.841641	0.0407269	-0.547094	0.842624	0.537967	0.0240228	-0.273329	-0.00169117	0.0472537	-0.998882	0.147556	
-0.537807	0.842063	0.0411538	-0.546863	0.843066	0.537271	0.0240834	-0.272771	-0.00183101	0.0476476	-0.998863	0.1477	
-0.537121	0.842482	0.0415284	-0.546645	0.843503	0.536582	0.0241431	-0.272216	-0.00194324	0.0479971	-0.998846	0.147867	
-0.536428	0.842904	0.0419192	-0.546425	0.843943	0.535885	0.024228	-0.271647	-0.00204203	0.048374	-0.998827	0.148021	
-0.535736	0.843323	0.0423536	-0.546186	0.844383	0.535186	0.0243476	-0.271068	-0.00213423	0.0488065	-0.998806	0.148153	
-0.535046	0.843741	0.042729	-0.545967	0.84482	0.534492	0.0244377	-0.270503	-0.00221923	0.0491736	-0.998788	0.148312	
-0.534361	0.844156	0.0431208	-0.545738	0.845253	0.533802	0.0245384	-0.269938	-0.00230376	0.0495604	-0.998768	0.148463	
-0.533683	0.844562	0.0435534	-0.545493	0.845681	0.533117	0.0246762	-0.269364	-0.00237848	0.0500016	-0.998746	0.148591	
-0.533033	0.844952	0.0439493	-0.545253	0.846091	0.532459	0.0248378	-0.268796	-0.00241443	0.0504245	-0.998725	0.148727	
-0.532388	0.845339	0.0443221	-0.545016	0.846497	0.531804	0.0250369	-0.268209	-0.00240601	0.0508479	-0.998704	0.14887	
-0.531776	0.845706	0.0446715	-0.544777	0.846882	0.531181	0.0252609	-0.267623	-0.00236535	0.0512647	-0.998682	0.149021	
-0.531157	0.846079	0.044961	-0.544557	0.84727	0.530551	0.0254694	-0.267039	-0.00230501	0.0516223	-0.998664	0.1492	
-0.530548	0.846447	0.0452359	-0.544338	0.847652	0.52993	0.0257029	-0.266447	-0.00221571	0.0519809	-0.998646	0.149381	
-0.529935	0.846817	0.0455032	-0.544114	0.848036	0.529303	0.0259507	-0.265845	-0.00210948	0.0523405	-0.998627	0.14957	
-0.529344	0.847174	0.0457303	-0.543894	0.848405	0.528699	0.0261919	-0.265258	-0.00198847	0.0526624	-0.99861	0.149779	
-0.52877	0.847518	0.046001	-0.543653	0.848763	0.52811	0.0264749	-0.264663	-0.00185566	0.0530431	-0.99859	0.149964	
-0.528191	0.847865	0.0462532	-0.543419	0.849124	0.527515	0.0267794	-0.264056	-0.00169388	0.0534193	-0.998571	0.15015	
-0.527617	0.84821	0.0464742	-0.543194	0.849481	0.526923	0.027092	-0.263446	-0.00150862	0.0537731	-0.998552	0.150351	
-0.527054	0.848545	0.0467512	-0.542945	0.849831	0.526341	0.0274385	-0.262831	-0.00132426	0.0541922	-0.99853	0.150522	
-0.526495	0.848879	0.0469792	-0.542714	0.850177	0.525764	0.0277757	-0.262221	-0.00112173	0.0545644	-0.99851	0.150711	
-0.525935	0.849213	0.0472183	-0.542478	0.850524	0.525183	0.0281275	-0.261607	-0.000912075	0.0549536	-0.998488	0.150894	
-0.525385	0.849538	0.0475022	-0.54222	0.850864	0.524611	0.0285165	-0.260986	-0.000694316	0.0554001	-0.998464	0.151055	
-0.524853	0.84985	0.0477858	-0.54196	0.851193	0.524055	0.0289292	-0.260368	-0.000456923	0.0558585	-0.998439	0.151207	
-0.524313	0.850168	0.048074	-0.5417	0.851526	0.523489	0.0293775	-0.259733	-0.000190415	0.0563393	-0.998412	0.151351	
-0.523777	0.850484	0.0483279	-0.541449	0.851856	0.522927	0.0298178	-0.259103	8.75463e-05	0.0567862	-0.998386	0.151509	
-0.523248	0.850795	0.0485755	-0.5412	0.85218	0.522373	0.030259	-0.25848	0.000369675	0.057228	-0.998361	0.151669	
-0.522731	0.851096	0.0488616	-0.540933	0.852497	0.521828	0.0307139	-0.257858	0.000643119	0.0577095	-0.998333	0.15181	
-0.522212	0.8514	0.0491167	-0.540676	0.852815	0.521282	0.0311609	-0.257239	0.00092675	0.0581601	-0.998307	0.151965	
-0.521693	0.851703	0.0493883	-0.540409	0.853132	0.520735	0.0316193	-0.256616	0.00121199	0.0586303	-0.998279	0.152116	
-0.521188	0.851995	0.049676	-0.540127	0.853441	0.520202	0.0320754	-0.255998	0.00148658	0.0591128	-0.99825	0.152265	
-0.520681	0.852292	0.0498959	-0.539868	0.853749	0.519668	0.0325093	-0.255391	0.00177808	0.0595255	-0.998225	0.152442	
-0.520184	0.852583	0.0501054	-0.539602	0.854052	0.519144	0.0329429	-0.254787	0.00207463	0.059929	-0.9982	0.152632	
-0.519678	0.85288	0.0503015	-0.539339	0.854359	0.518611	0.0333736	-0.254181	0.00237676	0.0603191	-0.998176	0.152828	
-0.519163	0.853184	0.050473	-0.539087	0.854671	0.518068	0.0337981	-0.25357	0.00268752	0.0606846	-0.998153	0.153035	
-0.518668	0.85347	0.0507133	-0.538804	0.85497	0.517546	0.0342375	-0.252966	0.00297419	0.0611163	-0.998126	0.153214	
-0.518188	0.853748	0.0509439	-0.538518	0.855261	0.517037	0.0346738	-0.252372	0.00326282	0.0615379	-0.998099	0.153399	
-0.517723	0.854013	0.0512248	-0.538212	0.855541	0.516542	0.035131	-0.251779	0.00354259	0.0620131	-0.998069	0.153558	
-0.51727	0.854273	0.0514673	-0.537917	0.855814	0.51606	0.0355564	-0.251208	0.00381464	0.0624387	-0.998042	0.15373	
-0.516832	0.854524	0.0517112	-0.537617	0.856077	0.515595	0.0359751	-0.250646	0.00407953	0.0628619	-0.998014	0.153908	
-0.516398	0.854766	0.0520367	-0.537288	0.856338	0.515131	0.0364183	-0.250076	0.00432342	0.0633673	-0.997981	0.154048	
-0.515977	0.854999	0.0523849	-0.536947	0.85659	0.514678	0.0368722	-0.249511	0.00456438	0.0638977	-0.997946	0.154179	
-0.515552	0.855234	0.052741	-0.536603	0.856845	0.514221	0.0373312	-0.248943	0.00480639	0.0644371	-0.99791	0.154307	
-0.515109	0.855478	0.0531123	-0.536258	0.85711	0.513743	0.0378238	-0.248354	0.00507131	0.0650064	-0.997872	0.154422	
-0.514659	0.855726	0.0534687	-0.535919	0.857378	0.513259	0.0383099	-0.247764	0.00533944	0.0655595	-0.997834	0.154544	
-0.514206	0.855976	0.053833	-0.535577	0.857648	0.512771	0.0387984	-0.247172	0.0056065	0.0661202	-0.997796	0.154662	
-0.513742	0.856236	0.0541287	-0.535261	0.857925	0.512273	0.0392624	-0.246585	0.00588919	0.066609	-0.997762	0.154808	
-0.513298	0.856481	0.0544624	-0.534921	0.858188	0.511795	0.0397367	-0.246002	0.00616015	0.0671357	-0.997725	0.154945	
-0.512873	0.856714	0.0547928	-0.534577	0.858441	0.511335	0.0402005	-0.245435	0.00642279	0.0676541	-0.997688	0.155083	
-0.512441	0.856953	0.0551001	-0.534237	0.858696	0.51087	0.0406591	-0.244864	0.00669393	0.0681496	-0.997653	0.155237	
-0.512016	0.857189	0.055384	-0.533897	0.858948	0.510411	0.0410989	-0.244301	0.00696088	0.0686153	-0.997619	0.155406	
-0.511592	0.857428	0.0555936	-0.533583	0.859198	0.509958	0.041489	-0.243755	0.00722345	0.0689914	-0.997591	0.155609	
-0.511164	0.857665	0.0558779	-0.533247	0.859451	0.509497	0.0419186	-0.243195	0.00748249	0.0694515	-0.997557	0.155777	
-0.510732	0.857902	0.0561827	-0.5329	0.859705	0.509031	0.0423597	-0.242628	0.00774171	0.069935	-0.997522	0.155939	
-0.510324	0.858123	0.0565115	-0.532543	0.859945	0.508589	0.0428036	-0.242075	0.00798962	0.0704405	-0.997484	0.156085	
-0.509923	0.858337	0.0568816	-0.53217	0.86018	0.50815	0.0432755	-0.241519	0.00824063	0.0709956	-0.997443	0.15621	
-0.509528	0.858552	0.0571885	-0.531819	0.860412	0.50772	0.0437121	-0.24098	0.00849336	0.0714782	-0.997406	0.156358	
-0.509129	0.858765	0.0575335	-0.531454	0.860646	0.507285	0.044166	-0.240431	0.0087423	0.0720022	-0.997366	0.156489	
-0.508722	0.858981	0.0579125	-0.531082	0.860884	0.50684	0.0446376	-0.239874	0.00899046	0.0725641	-0.997323	0.156603	
-0.508309	0.859203	0.0582323	-0.530731	0.861125	0.506391	0.0450792	-0.239324	0.00924387	0.0730595	-0.997285	0.15674	
-0.507899	0.85942	0.058623	-0.530356	0.861364	0.50594	0.0455625	-0.238762	0.00949755	0.0736369	-0.99724	0.156847	
-0.507496	0.859629	0.0590333	-0.529971	0.861599	0.505498	0.0460394	-0.238206	0.00973561	0.0742279	-0.997194	0.156949	
-0.50712	0.859823	0.0594385	-0.529581	0.861818	0.505082	0.0465035	-0.237669	0.00996345	0.074808	-0.997148	0.15705	
-0.506737	0.860028	0.0597438	-0.529225	0.86204	0.504664	0.0469156	-0.237147	0.0101982	0.0752754	-0.997111	0.157188	
-0.506346	0.860233	0.0601082	-0.528851	0.862267	0.504235	0.0473574	-0.236609	0.0104298	0.0758086	-0.997068	0.157311	
-0.505952	0.860441	0.0604554	-0.528478	0.862496	0.503802	0.0477957	-0.236069	0.0106678	0.0763248	-0.997026	0.157437	
-0.505567	0.860643	0.060794	-0.528107	0.862718	0.503381	0.048217	-0.23554	0.010895	0.076825	-0.996985	0.157569	
-0.50519	0.86084	0.0611397	-0.527724	0.862937	0.502964	0.0486558	-0.235008	0.0111337	0.0773401	-0.996943	0.157705	
-0.504805	0.861047	0.0614019	-0.527373	0.863158	0.502545	0.0490588	-0.234488	0.0113847	0.0777647	-0.996907	0.157865	
-0.504421	0.861251	0.0616871	-0.527012	0.863379	0.502123	0.0494802	-0.233962	0.0116404	0.0782183	-0.996868	0.158023	
-0.504031	0.861459	0.0619683	-0.526658	0.863603	0.501696	0.0498988	-0.233437	0.0118965	0.0786666	-0.99683	0.158168	
-0.503632	0.861675	0.0622185	-0.526315	0.863833	0.50126	0.0503056	-0.23291	0.0121594	0.0790818	-0.996794	0.158329	
-0.503226	0.86189	0.062531	-0.525955	0.864066	0.500815	0.0507413	-0.232372	0.012417	0.0795653	-0.996752	0.158465	
-0.502828	0.862102	0.0628024	-0.525611	0.864294	0.500381	0.0511437	-0.23185	0.012666	0.0799962	-0.996715	0.158609	
-0.502432	0.862309	0.0631332	-0.525244	0.86452	0.499945	0.051572	-0.231319	0.0129078	0.0804914	-0.996672	0.158742	
-0.50204	0.862516	0.0634256	-0.524892	0.864744	0.499515	0.0519751	-0.2308	0.0131473	0.0809405	-0.996632	0.158874	
-0.501638	0.862729	0.0637112	-0.524545	0.864974	0.499075	0.0523802	-0.230276	0.0133932	0.0813845	-0.996593	0.15901	
