-0.697468	0.71375	-0.0640303	-0.353182	0.71604	0.697701	-0.0223505	-0.480889	0.0287213	-0.061437	-0.997698	0.318905	
-0.697512	0.713705	-0.0640455	-0.353152	0.715998	0.697743	-0.0223882	-0.48091	0.0287087	-0.0614724	-0.997696	0.318927	
-0.697548	0.713668	-0.0640768	-0.353133	0.715963	0.697778	-0.0224167	-0.480926	0.0287133	-0.0615133	-0.997693	0.318949	
-0.697552	0.713657	-0.0641418	-0.353146	0.715957	0.697785	-0.0224235	-0.480924	0.0287545	-0.0615643	-0.997689	0.31897	
-0.697562	0.713644	-0.064188	-0.353151	0.715946	0.697795	-0.0224299	-0.480925	0.0287831	-0.0616013	-0.997686	0.318985	
-0.697573	0.71363	-0.0642236	-0.353152	0.715935	0.697805	-0.0224573	-0.480934	0.0287894	-0.0616456	-0.997683	0.319006	
-0.697569	0.713631	-0.0642523	-0.353161	0.715939	0.697801	-0.0224703	-0.480936	0.0287998	-0.0616753	-0.997681	0.319018	
-0.697563	0.713633	-0.0642878	-0.353176	0.715943	0.697796	-0.0224808	-0.480937	0.0288167	-0.0617082	-0.997678	0.319029	
-0.697555	0.713638	-0.0643217	-0.353191	0.715951	0.697788	-0.0225026	-0.480942	0.0288241	-0.061748	-0.997675	0.319044	
-0.697547	0.713644	-0.0643444	-0.353203	0.715959	0.697779	-0.0225299	-0.480948	0.0288198	-0.0617836	-0.997673	0.319058	
-0.69754	0.713649	-0.0643741	-0.353215	0.715967	0.697769	-0.0225734	-0.480958	0.0288088	-0.0618356	-0.99767	0.319081	
-0.697529	0.713655	-0.0644111	-0.35323	0.715977	0.697757	-0.022624	-0.480969	0.0287976	-0.0618978	-0.997667	0.319108	
-0.697513	0.713667	-0.064452	-0.35325	0.715993	0.697739	-0.0226777	-0.48098	0.0287864	-0.0619652	-0.997663	0.319136	
-0.697488	0.713689	-0.0644916	-0.353277	0.716019	0.697711	-0.0227292	-0.480987	0.0287749	-0.0620305	-0.997659	0.319163	
-0.697456	0.713716	-0.0645388	-0.35331	0.71605	0.697677	-0.0227891	-0.480995	0.0287623	-0.0621075	-0.997655	0.319194	
-0.697429	0.713738	-0.0645807	-0.35334	0.716077	0.697647	-0.0228519	-0.481006	0.0287443	-0.0621823	-0.997651	0.319224	
-0.697406	0.713757	-0.0646239	-0.353368	0.7161	0.697621	-0.0229145	-0.481019	0.0287276	-0.0622579	-0.997647	0.319255	
-0.697383	0.713775	-0.064669	-0.353395	0.716123	0.697595	-0.0229832	-0.481033	0.028708	-0.062339	-0.997642	0.319288	
-0.697365	0.713788	-0.0647138	-0.35342	0.716141	0.697574	-0.0230525	-0.48105	0.0286881	-0.0624203	-0.997638	0.319321	
-0.69735	0.713799	-0.0647592	-0.353443	0.716157	0.697556	-0.0231231	-0.481069	0.0286679	-0.0625027	-0.997633	0.319355	
-0.697337	0.713807	-0.0648061	-0.353464	0.716171	0.69754	-0.023196	-0.481089	0.0286474	-0.0625877	-0.997628	0.31939	
-0.697325	0.713814	-0.0648571	-0.353486	0.716183	0.697525	-0.0232708	-0.48111	0.0286284	-0.0626769	-0.997623	0.319427	
-0.697314	0.71382	-0.0649169	-0.353508	0.716195	0.697509	-0.0233609	-0.481135	0.0286046	-0.0627831	-0.997617	0.319472	
-0.697303	0.713825	-0.0649826	-0.35353	0.716206	0.697494	-0.0234591	-0.481162	0.0285793	-0.0628991	-0.997611	0.319522	
-0.697291	0.71383	-0.0650529	-0.353556	0.716219	0.697477	-0.023565	-0.481192	0.0285515	-0.0630238	-0.997604	0.319575	
-0.697278	0.713836	-0.0651248	-0.353583	0.716233	0.697459	-0.0236759	-0.481225	0.0285212	-0.0631532	-0.997596	0.31963	
-0.697264	0.713843	-0.0651958	-0.353612	0.716247	0.697441	-0.0237844	-0.481259	0.0284918	-0.0632803	-0.997589	0.319681	
-0.69725	0.713851	-0.0652666	-0.353643	0.716263	0.697421	-0.0238975	-0.481294	0.028459	-0.0634106	-0.997582	0.319734	
-0.697233	0.71386	-0.0653364	-0.353673	0.71628	0.6974	-0.0240064	-0.481327	0.0284284	-0.0635372	-0.997575	0.319785	
-0.697219	0.713869	-0.0654056	-0.353703	0.716296	0.69738	-0.0241115	-0.481358	0.0284001	-0.0636607	-0.997567	0.319835	
-0.697203	0.713878	-0.0654752	-0.353733	0.716312	0.697359	-0.0242207	-0.481391	0.0283691	-0.0637874	-0.99756	0.319887	
-0.697189	0.713885	-0.0655439	-0.353761	0.716327	0.697341	-0.0243291	-0.481424	0.0283383	-0.0639129	-0.997553	0.319938	
-0.697176	0.713891	-0.0656143	-0.353789	0.716341	0.697323	-0.0244395	-0.481458	0.0283072	-0.0640408	-0.997546	0.319991	
-0.697166	0.713894	-0.0656895	-0.353817	0.716352	0.697307	-0.0245576	-0.481496	0.0282742	-0.0641775	-0.997538	0.320047	
-0.697155	0.713898	-0.0657689	-0.353846	0.716364	0.69729	-0.0246817	-0.481535	0.0282398	-0.0643214	-0.99753	0.320107	
-0.697138	0.713906	-0.0658541	-0.353879	0.716382	0.697267	-0.0248139	-0.481574	0.0282031	-0.0644754	-0.997521	0.320171	
-0.697122	0.713914	-0.0659443	-0.353915	0.716399	0.697244	-0.0249503	-0.481615	0.0281669	-0.0646359	-0.997511	0.320237	
-0.697104	0.713923	-0.0660335	-0.353951	0.716418	0.69722	-0.0250903	-0.481657	0.0281274	-0.0647982	-0.997502	0.320304	
-0.697086	0.713932	-0.0661225	-0.353988	0.716437	0.697196	-0.0252308	-0.4817	0.0280872	-0.0649606	-0.997492	0.32037	
-0.697069	0.713941	-0.0662121	-0.354025	0.716456	0.697171	-0.025372	-0.481744	0.0280471	-0.0651241	-0.997483	0.320437	
-0.69705	0.71395	-0.0663046	-0.354063	0.716475	0.697146	-0.0255176	-0.481788	0.0280057	-0.0652926	-0.997473	0.320506	
-0.697032	0.713959	-0.066395	-0.354101	0.716494	0.697121	-0.0256599	-0.481832	0.0279652	-0.0654574	-0.997463	0.320574	
-0.697014	0.713968	-0.0664854	-0.354138	0.716513	0.697096	-0.0258021	-0.481875	0.0279248	-0.0656221	-0.997454	0.320641	
-0.696996	0.713977	-0.0665817	-0.354177	0.716533	0.697071	-0.0259496	-0.48192	0.0278847	-0.0657947	-0.997443	0.320712	
-0.696978	0.713986	-0.0666807	-0.354216	0.716552	0.697045	-0.0261046	-0.481967	0.0278411	-0.0659745	-0.997433	0.320786	
-0.696958	0.713996	-0.0667838	-0.354258	0.716573	0.697017	-0.0262655	-0.482015	0.0277961	-0.0661614	-0.997422	0.320863	
-0.696938	0.714005	-0.0668871	-0.354299	0.716594	0.696989	-0.0264265	-0.482064	0.0277509	-0.0663485	-0.997411	0.320941	
-0.696916	0.714016	-0.0669922	-0.354342	0.716617	0.69696	-0.0265907	-0.482113	0.0277046	-0.0665392	-0.997399	0.321019	
-0.696895	0.714027	-0.0670997	-0.354386	0.716639	0.69693	-0.0267595	-0.482164	0.0276568	-0.0667348	-0.997387	0.3211	
-0.696874	0.714037	-0.0672049	-0.35443	0.716661	0.696901	-0.026925	-0.482215	0.0276097	-0.0669265	-0.997376	0.321178	
-0.696853	0.714048	-0.0673133	-0.354474	0.716684	0.696871	-0.0270918	-0.482265	0.0275639	-0.0671213	-0.997364	0.321258	
-0.696831	0.71406	-0.0674213	-0.35452	0.716708	0.69684	-0.0272616	-0.482317	0.0275155	-0.0673181	-0.997352	0.321339	
-0.696808	0.714071	-0.0675334	-0.354566	0.716731	0.696809	-0.0274378	-0.48237	0.0274653	-0.0675222	-0.99734	0.321422	
-0.696786	0.714082	-0.0676453	-0.354612	0.716755	0.696778	-0.027614	-0.482424	0.0274151	-0.0677262	-0.997327	0.321506	
-0.696763	0.714093	-0.0677614	-0.354659	0.716779	0.696746	-0.0277966	-0.48248	0.0273631	-0.0679376	-0.997314	0.321593	
-0.69674	0.714105	-0.0678815	-0.354709	0.716804	0.696713	-0.0279856	-0.482537	0.0273093	-0.0681565	-0.997301	0.321683	
-0.696717	0.714116	-0.0680008	-0.354758	0.716828	0.69668	-0.0281738	-0.482595	0.0272555	-0.068374	-0.997287	0.321772	
-0.696693	0.714128	-0.0681215	-0.354807	0.716853	0.696647	-0.0283637	-0.482653	0.0272013	-0.068594	-0.997274	0.321862	
-0.696669	0.71414	-0.0682437	-0.354857	0.716879	0.696613	-0.0285559	-0.482712	0.0271465	-0.0688165	-0.99726	0.321954	
-0.696645	0.714151	-0.068368	-0.354909	0.716904	0.696579	-0.0287481	-0.482771	0.0270932	-0.0690406	-0.997246	0.322045	
-0.696621	0.714163	-0.0684909	-0.354959	0.71693	0.696544	-0.0289414	-0.482829	0.0270381	-0.0692644	-0.997232	0.322137	
-0.696596	0.714175	-0.0686165	-0.355011	0.716956	0.696509	-0.0291389	-0.48289	0.0269817	-0.0694931	-0.997217	0.322231	
-0.696572	0.714186	-0.0687429	-0.355061	0.716981	0.696475	-0.0293373	-0.48295	0.0269254	-0.0697229	-0.997203	0.322326	
-0.696546	0.714199	-0.0688765	-0.355116	0.717009	0.696437	-0.0295473	-0.483014	0.0268655	-0.0699662	-0.997188	0.322426	
-0.696518	0.714213	-0.0690096	-0.355171	0.717038	0.696399	-0.0297565	-0.483077	0.0268057	-0.0702084	-0.997172	0.322526	
-0.696493	0.714225	-0.0691459	-0.355227	0.717065	0.696361	-0.0299709	-0.483143	0.0267446	-0.0704566	-0.997156	0.322628	
-0.696465	0.714239	-0.0692816	-0.355282	0.717095	0.696322	-0.0301841	-0.483207	0.0266836	-0.0707036	-0.99714	0.322729	
-0.696439	0.71425	-0.0694167	-0.355338	0.717122	0.696285	-0.0303965	-0.483272	0.0266231	-0.0709495	-0.997125	0.322831	
-0.696412	0.714263	-0.0695554	-0.355394	0.71715	0.696246	-0.030614	-0.483338	0.0265612	-0.0712016	-0.997108	0.322935	
-0.696386	0.714276	-0.0696903	-0.35545	0.717178	0.696208	-0.0308261	-0.483402	0.0265006	-0.0714472	-0.997092	0.323036	
-0.696359	0.714289	-0.0698269	-0.355505	0.717207	0.696169	-0.0310404	-0.483467	0.0264395	-0.0716956	-0.997076	0.323138	
-0.696333	0.7143	-0.0699657	-0.35556	0.717233	0.696132	-0.031256	-0.483531	0.0263792	-0.0719464	-0.99706	0.323243	
-0.696305	0.714314	-0.0701082	-0.355616	0.717263	0.696091	-0.0314769	-0.483596	0.0263173	-0.0722036	-0.997043	0.32335	
-0.696278	0.714326	-0.0702555	-0.355674	0.717292	0.696051	-0.0317023	-0.483663	0.0262556	-0.0724673	-0.997025	0.32346	
-0.69625	0.714339	-0.0703993	-0.355731	0.717321	0.696011	-0.0319267	-0.48373	0.0261921	-0.0727279	-0.997008	0.323568	
-0.696222	0.714352	-0.0705439	-0.355791	0.717351	0.695969	-0.0321538	-0.483799	0.0261272	-0.0729909	-0.99699	0.323677	
-0.696193	0.714366	-0.0706897	-0.35585	0.717381	0.695928	-0.0323829	-0.483868	0.0260617	-0.0732563	-0.996973	0.323786	
-0.696165	0.714379	-0.0708341	-0.35591	0.717411	0.695886	-0.03261	-0.483937	0.0259966	-0.0735191	-0.996955	0.323894	
-0.696134	0.714394	-0.0709814	-0.355971	0.717444	0.695842	-0.0328412	-0.484006	0.0259303	-0.073787	-0.996937	0.324005	
-0.696104	0.714409	-0.071126	-0.356031	0.717475	0.695799	-0.033068	-0.484074	0.0258653	-0.0740498	-0.996919	0.324113	
-0.696074	0.714424	-0.0712733	-0.356093	0.717506	0.695756	-0.0332989	-0.484143	0.0257993	-0.0743175	-0.996901	0.324224	
-0.696043	0.714439	-0.071425	-0.356155	0.717539	0.695711	-0.0335334	-0.484214	0.0257336	-0.0745909	-0.996882	0.324337	
-0.696013	0.714452	-0.0715771	-0.356218	0.71757	0.695667	-0.0337719	-0.484285	0.0256654	-0.0748673	-0.996863	0.324451	
-0.695985	0.714465	-0.0717257	-0.356278	0.7176	0.695625	-0.0340053	-0.484356	0.0255986	-0.0751375	-0.996845	0.324563	
-0.695956	0.714478	-0.0718749	-0.356338	0.717631	0.695582	-0.0342398	-0.484427	0.0255313	-0.0754091	-0.996826	0.324675	
-0.695927	0.714491	-0.0720285	-0.356401	0.717661	0.695539	-0.0344803	-0.4845	0.0254627	-0.0756878	-0.996806	0.32479	
-0.695897	0.714505	-0.0721812	-0.356462	0.717693	0.695494	-0.0347201	-0.484572	0.0253939	-0.0759655	-0.996787	0.324905	
-0.695867	0.714519	-0.0723367	-0.356525	0.717724	0.695449	-0.0349638	-0.484646	0.0253242	-0.076248	-0.996767	0.325022	
-0.695836	0.714533	-0.072496	-0.356589	0.717757	0.695403	-0.0352127	-0.48472	0.0252533	-0.0765368	-0.996747	0.325142	
-0.695805	0.714546	-0.0726542	-0.356654	0.717789	0.695357	-0.0354606	-0.484794	0.0251824	-0.076824	-0.996727	0.325261	
-0.695776	0.71456	-0.0728065	-0.356715	0.71782	0.695313	-0.035699	-0.484866	0.0251142	-0.0771005	-0.996707	0.325376	
-0.695745	0.714573	-0.0729638	-0.356779	0.717852	0.695267	-0.0359447	-0.484939	0.0250442	-0.0773856	-0.996687	0.325495	
-0.695716	0.714585	-0.0731242	-0.356842	0.717883	0.695223	-0.0361915	-0.485013	0.0249757	-0.0776736	-0.996666	0.325615	
-0.695687	0.714598	-0.0732783	-0.356904	0.717913	0.695178	-0.0364333	-0.485086	0.0249063	-0.0779536	-0.996646	0.325731	
-0.695658	0.714611	-0.0734332	-0.356966	0.717944	0.695134	-0.036676	-0.485159	0.0248368	-0.0782349	-0.996626	0.325847	
-0.695626	0.714624	-0.0735967	-0.357032	0.717977	0.695086	-0.0369309	-0.485235	0.0247643	-0.0785308	-0.996604	0.325971	
-0.695594	0.714638	-0.073763	-0.357098	0.718011	0.695038	-0.0371903	-0.485312	0.0246905	-0.0788319	-0.996582	0.326096	
-0.695564	0.714651	-0.0739217	-0.357161	0.718042	0.694992	-0.0374378	-0.485386	0.02462	-0.0791193	-0.996561	0.326216	
-0.695534	0.714664	-0.0740794	-0.357224	0.718074	0.694946	-0.0376831	-0.485458	0.0245504	-0.0794044	-0.99654	0.326336	
-0.695503	0.714677	-0.07424	-0.357287	0.718106	0.694899	-0.0379324	-0.485532	0.0244799	-0.0796942	-0.996519	0.326457	
-0.695473	0.71469	-0.0743984	-0.35735	0.718138	0.694853	-0.0381788	-0.485604	0.0244099	-0.0799806	-0.996498	0.326577	
-0.695443	0.714703	-0.0745583	-0.357413	0.718169	0.694807	-0.0384271	-0.485677	0.0243396	-0.0802693	-0.996476	0.326698	
-0.695412	0.714716	-0.0747183	-0.357476	0.718201	0.69476	-0.0386754	-0.48575	0.0242693	-0.0805581	-0.996454	0.326819	
-0.695381	0.714729	-0.0748831	-0.357541	0.718234	0.694712	-0.0389308	-0.485825	0.0241972	-0.0808553	-0.996432	0.326944	
-0.69535	0.714742	-0.0750468	-0.357607	0.718266	0.694664	-0.0391828	-0.4859	0.0241268	-0.0811493	-0.99641	0.327067	
-0.695319	0.714755	-0.0752066	-0.357671	0.718298	0.694617	-0.0394327	-0.485975	0.0240551	-0.0814391	-0.996388	0.327187	
-0.695288	0.714769	-0.0753673	-0.357737	0.718331	0.694569	-0.039685	-0.48605	0.0239822	-0.0817312	-0.996366	0.327309	
-0.695257	0.714782	-0.0755296	-0.357802	0.718364	0.69452	-0.0399393	-0.486127	0.0239089	-0.0820258	-0.996343	0.327431	
-0.695226	0.714795	-0.0756864	-0.357866	0.718396	0.694473	-0.040185	-0.4862	0.0238381	-0.0823105	-0.996322	0.32755	
-0.695196	0.714808	-0.07584	-0.357928	0.718427	0.694427	-0.0404256	-0.486272	0.0237688	-0.0825892	-0.9963	0.327666	
-0.695166	0.714821	-0.0759964	-0.357991	0.718458	0.69438	-0.0406701	-0.486345	0.0236986	-0.0828727	-0.996278	0.327784	
-0.695136	0.714833	-0.0761548	-0.358054	0.71849	0.694333	-0.0409163	-0.486417	0.0236285	-0.0831588	-0.996256	0.327904	
-0.695107	0.714845	-0.0763114	-0.358115	0.718521	0.694287	-0.0411591	-0.486488	0.0235596	-0.0834412	-0.996234	0.328023	
-0.695077	0.714857	-0.076468	-0.358176	0.718551	0.694241	-0.0414006	-0.486558	0.0234918	-0.0837228	-0.996212	0.328142	
-0.695047	0.714868	-0.0766302	-0.358238	0.718582	0.694194	-0.0416502	-0.48663	0.0234218	-0.0840139	-0.996189	0.328265	
-0.695018	0.71488	-0.0767875	-0.3583	0.718613	0.694147	-0.0418941	-0.486701	0.0233526	-0.0842977	-0.996167	0.328385	
-0.694988	0.714892	-0.0769417	-0.358361	0.718644	0.694101	-0.042134	-0.486772	0.023284	-0.0845763	-0.996145	0.328502	
-0.69496	0.714904	-0.0770942	-0.358421	0.718673	0.694056	-0.0423676	-0.486841	0.0232189	-0.0848493	-0.996123	0.328616	
-0.69493	0.714915	-0.0772509	-0.358483	0.718704	0.694009	-0.0426105	-0.486911	0.0231499	-0.0851319	-0.996101	0.328735	
-0.694901	0.714927	-0.0774057	-0.358543	0.718734	0.693963	-0.0428499	-0.486981	0.0230821	-0.0854106	-0.996078	0.328853	
-0.694873	0.714938	-0.0775607	-0.358603	0.718765	0.693917	-0.0430892	-0.48705	0.0230146	-0.0856894	-0.996056	0.328971	
-0.694845	0.714948	-0.0777184	-0.358662	0.718794	0.693872	-0.0433314	-0.48712	0.0229469	-0.0859721	-0.996033	0.329091	
-0.694815	0.714959	-0.0778786	-0.358724	0.718825	0.693824	-0.0435778	-0.487191	0.0228777	-0.0862596	-0.99601	0.329214	
-0.694786	0.714971	-0.0780346	-0.358784	0.718855	0.693778	-0.043818	-0.48726	0.0228101	-0.0865396	-0.995987	0.329333	
-0.694758	0.714981	-0.0781861	-0.358842	0.718884	0.693733	-0.0440521	-0.487327	0.0227438	-0.0868123	-0.995965	0.329448	
-0.694729	0.714992	-0.0783416	-0.358902	0.718914	0.693687	-0.0442911	-0.487396	0.0226767	-0.0870912	-0.995942	0.329567	
-0.6947	0.715003	-0.0784973	-0.358962	0.718944	0.69364	-0.0445314	-0.487465	0.0226088	-0.0873711	-0.995919	0.329685	
-0.694672	0.715014	-0.0786493	-0.359021	0.718974	0.693594	-0.0447667	-0.487534	0.0225419	-0.0876449	-0.995897	0.329801	
-0.694643	0.715025	-0.0788028	-0.359081	0.719003	0.693548	-0.045004	-0.487602	0.0224745	-0.0879212	-0.995874	0.329918	
-0.694614	0.715036	-0.0789597	-0.359142	0.719034	0.693501	-0.0452465	-0.487673	0.0224057	-0.0882036	-0.99585	0.330038	
-0.694584	0.715048	-0.0791161	-0.359203	0.719064	0.693453	-0.0454892	-0.487743	0.0223363	-0.0884857	-0.995827	0.330157	
-0.694555	0.715059	-0.0792733	-0.359265	0.719095	0.693405	-0.0457331	-0.487814	0.0222666	-0.0887692	-0.995803	0.330276	
-0.694525	0.715071	-0.0794317	-0.359328	0.719126	0.693356	-0.0459794	-0.487887	0.022196	-0.0890552	-0.995779	0.330397	
-0.694495	0.715082	-0.0795906	-0.359391	0.719158	0.693308	-0.0462264	-0.487959	0.0221251	-0.0893422	-0.995755	0.330518	
-0.694465	0.715094	-0.0797441	-0.359453	0.719188	0.69326	-0.0464668	-0.48803	0.0220552	-0.0896206	-0.995732	0.330634	
-0.694436	0.715105	-0.0798964	-0.359514	0.719219	0.693212	-0.0467049	-0.488101	0.0219862	-0.0898965	-0.995708	0.33075	
-0.694406	0.715117	-0.0800514	-0.359576	0.71925	0.693164	-0.0469471	-0.488172	0.021916	-0.0901773	-0.995685	0.330867	
-0.694376	0.715128	-0.0802059	-0.359638	0.71928	0.693116	-0.0471882	-0.488243	0.0218463	-0.0904569	-0.995661	0.330985	
-0.694347	0.715139	-0.0803593	-0.359699	0.71931	0.693068	-0.047427	-0.488313	0.0217775	-0.0907341	-0.995637	0.331102	
-0.694318	0.71515	-0.0805147	-0.35976	0.719341	0.69302	-0.0476675	-0.488383	0.0217089	-0.0910139	-0.995613	0.33122	
-0.69429	0.71516	-0.080668	-0.359819	0.71937	0.692973	-0.0479047	-0.488452	0.0216412	-0.0912899	-0.995589	0.331337	
-0.694261	0.715171	-0.0808232	-0.359879	0.7194	0.692926	-0.0481438	-0.48852	0.0215734	-0.0915686	-0.995565	0.331456	
-0.694232	0.715181	-0.0809799	-0.359939	0.719429	0.692878	-0.0483821	-0.488589	0.0215073	-0.0918477	-0.995541	0.331574	
-0.694203	0.715192	-0.0811313	-0.359999	0.719459	0.692831	-0.0486204	-0.488658	0.0214373	-0.0921231	-0.995517	0.331691	
-0.694174	0.715203	-0.0812846	-0.36006	0.71949	0.692783	-0.0488547	-0.488726	0.0213716	-0.0923971	-0.995493	0.331807	
-0.694145	0.715214	-0.0814366	-0.36012	0.71952	0.692735	-0.0490915	-0.488795	0.021303	-0.0926718	-0.995469	0.331923	
-0.694116	0.715224	-0.0815897	-0.360181	0.71955	0.692686	-0.0493303	-0.488866	0.0212339	-0.0929488	-0.995444	0.332039	
-0.694087	0.715235	-0.0817407	-0.360242	0.71958	0.692639	-0.049566	-0.488935	0.0211654	-0.0932221	-0.99542	0.332154	
-0.694058	0.715246	-0.0818924	-0.360303	0.71961	0.69259	-0.049803	-0.489005	0.0210965	-0.0934967	-0.995396	0.33227	
-0.694029	0.715257	-0.0820461	-0.360364	0.71964	0.692542	-0.050043	-0.489075	0.0210267	-0.0937749	-0.995371	0.332387	
-0.693999	0.715268	-0.0822007	-0.360426	0.71967	0.692493	-0.050284	-0.489146	0.0209569	-0.0940545	-0.995346	0.332505	
-0.693972	0.715277	-0.0823509	-0.360485	0.719699	0.692446	-0.0505187	-0.489215	0.0208887	-0.0943264	-0.995322	0.332619	
-0.693943	0.715288	-0.0825028	-0.360546	0.719729	0.692397	-0.0507553	-0.489285	0.02082	-0.094601	-0.995298	0.332735	
-0.693913	0.715298	-0.0826606	-0.360608	0.71976	0.692348	-0.0510002	-0.489356	0.0207495	-0.0948855	-0.995272	0.332855	
-0.693884	0.715309	-0.0828115	-0.360668	0.719789	0.692299	-0.0512359	-0.489425	0.0206809	-0.0951586	-0.995247	0.33297	
-0.693855	0.715319	-0.0829646	-0.36073	0.719819	0.69225	-0.0514748	-0.489495	0.0206113	-0.0954356	-0.995222	0.333087	
-0.693825	0.71533	-0.0831202	-0.360792	0.71985	0.6922	-0.0517181	-0.489567	0.0205403	-0.0957175	-0.995197	0.333206	
-0.693796	0.715341	-0.0832723	-0.360853	0.71988	0.692151	-0.051956	-0.489637	0.0204708	-0.095993	-0.995171	0.333322	
-0.693768	0.715351	-0.0834213	-0.360913	0.71991	0.692103	-0.0521885	-0.489705	0.0204031	-0.0962625	-0.995147	0.333435	
-0.693739	0.715361	-0.0835711	-0.360973	0.719939	0.692055	-0.0524221	-0.489774	0.020335	-0.0965334	-0.995122	0.33355	
-0.69371	0.715372	-0.0837268	-0.361035	0.71997	0.692005	-0.0526652	-0.489845	0.0202642	-0.0968151	-0.995096	0.333669	
-0.693681	0.715382	-0.0838772	-0.361095	0.719999	0.691956	-0.0528998	-0.489914	0.0201958	-0.0970871	-0.995071	0.333783	
-0.693652	0.715392	-0.0840289	-0.361156	0.720029	0.691907	-0.0531364	-0.489983	0.0201268	-0.0973614	-0.995046	0.333899	
-0.693623	0.715402	-0.084182	-0.361217	0.720059	0.691857	-0.0533753	-0.490053	0.0200572	-0.0976383	-0.99502	0.334016	
-0.693593	0.715412	-0.0843394	-0.361279	0.720089	0.691806	-0.0536203	-0.490124	0.0199859	-0.0979226	-0.994993	0.334136	
-0.693565	0.715422	-0.0844864	-0.361338	0.720118	0.691759	-0.0538496	-0.490192	0.0199191	-0.0981884	-0.994968	0.334249	
-0.693538	0.715432	-0.0846321	-0.361396	0.720147	0.691711	-0.0540767	-0.490258	0.0198528	-0.0984517	-0.994944	0.33436	
-0.69351	0.715441	-0.084785	-0.361455	0.720175	0.691663	-0.0543097	-0.490325	0.0197873	-0.0987244	-0.994918	0.334476	
-0.693482	0.71545	-0.0849318	-0.361512	0.720204	0.691615	-0.0545403	-0.490391	0.0197193	-0.098991	-0.994893	0.33459	
-0.693455	0.715459	-0.0850839	-0.36157	0.720232	0.691568	-0.0547709	-0.490457	0.0196549	-0.0992613	-0.994867	0.334705	
-0.693427	0.715468	-0.0852349	-0.361628	0.720261	0.691519	-0.0550035	-0.490523	0.0195884	-0.0995323	-0.994842	0.334821	
-0.693398	0.715477	-0.0853899	-0.361688	0.72029	0.69147	-0.0552423	-0.490591	0.01952	-0.0998104	-0.994815	0.33494	
-0.69337	0.715486	-0.0855394	-0.361747	0.720319	0.691421	-0.0554744	-0.490658	0.0194526	-0.10008	-0.994789	0.335055	
-0.693343	0.715495	-0.0856867	-0.361805	0.720347	0.691373	-0.0557034	-0.490725	0.0193859	-0.100346	-0.994764	0.335168	
-0.693315	0.715505	-0.0858316	-0.361863	0.720375	0.691326	-0.0559294	-0.490791	0.0193199	-0.100608	-0.994739	0.335279	
-0.693288	0.715514	-0.0859739	-0.361919	0.720403	0.691279	-0.0561511	-0.490855	0.0192551	-0.100865	-0.994714	0.335388	
-0.693261	0.715523	-0.0861178	-0.361976	0.720431	0.691232	-0.0563748	-0.49092	0.0191899	-0.101124	-0.994689	0.335498	
-0.693234	0.715532	-0.0862617	-0.362033	0.720459	0.691184	-0.0565986	-0.490985	0.0191247	-0.101384	-0.994664	0.335608	
-0.693207	0.71554	-0.0864069	-0.362089	0.720486	0.691137	-0.056823	-0.491049	0.01906	-0.101645	-0.994638	0.33572	
-0.693181	0.715548	-0.0865499	-0.362144	0.720513	0.691091	-0.0570428	-0.491111	0.018997	-0.101901	-0.994613	0.33583	
-0.693155	0.715556	-0.0866916	-0.362197	0.720539	0.691046	-0.0572602	-0.491173	0.018935	-0.102155	-0.994588	0.335939	
-0.69313	0.715564	-0.0868326	-0.362251	0.720566	0.691	-0.0574766	-0.491233	0.0188732	-0.102407	-0.994563	0.336048	
-0.693105	0.715571	-0.0869659	-0.362302	0.720591	0.690957	-0.0576819	-0.491292	0.0188143	-0.102646	-0.99454	0.33615	
-0.693081	0.715578	-0.0871015	-0.362353	0.720616	0.690914	-0.0578898	-0.49135	0.018755	-0.102889	-0.994516	0.336255	
-0.693056	0.715586	-0.087239	-0.362405	0.720642	0.690869	-0.0581011	-0.49141	0.0186944	-0.103135	-0.994492	0.336361	
-0.693031	0.715593	-0.0873735	-0.362457	0.720667	0.690825	-0.0583086	-0.491469	0.0186346	-0.103377	-0.994468	0.336464	
-0.693006	0.715601	-0.0875085	-0.362509	0.720692	0.690781	-0.0585169	-0.491528	0.0185744	-0.103619	-0.994444	0.336568	
-0.692982	0.715608	-0.0876386	-0.36256	0.720717	0.690738	-0.0587181	-0.491586	0.0185162	-0.103853	-0.99442	0.336668	
-0.692958	0.715616	-0.0877709	-0.362611	0.720742	0.690695	-0.0589222	-0.491644	0.0184573	-0.104091	-0.994397	0.33677	
-0.692933	0.715623	-0.0879037	-0.362662	0.720767	0.690651	-0.0591275	-0.491702	0.0183978	-0.10433	-0.994373	0.336872	
-0.692909	0.715631	-0.0880329	-0.362713	0.720792	0.690608	-0.0593277	-0.49176	0.0183395	-0.104562	-0.994349	0.336971	
-0.692885	0.715638	-0.0881647	-0.362763	0.720816	0.690565	-0.0595309	-0.491818	0.0182808	-0.104799	-0.994325	0.337073	
-0.69286	0.715645	-0.0882975	-0.362815	0.720842	0.690521	-0.0597362	-0.491876	0.0182213	-0.105037	-0.994301	0.337175	
-0.692836	0.715653	-0.0884287	-0.362866	0.720867	0.690477	-0.0599396	-0.491935	0.0181621	-0.105274	-0.994277	0.337276	
-0.692812	0.71566	-0.0885584	-0.362917	0.720891	0.690434	-0.0601409	-0.491993	0.0181033	-0.105507	-0.994254	0.337376	
-0.692788	0.715667	-0.0886854	-0.362967	0.720916	0.690391	-0.0603381	-0.492049	0.0180456	-0.105736	-0.99423	0.337473	
-0.692765	0.715674	-0.0888076	-0.363015	0.720939	0.69035	-0.0605278	-0.492104	0.0179902	-0.105956	-0.994208	0.337567	
-0.692742	0.715681	-0.0889335	-0.363064	0.720963	0.690308	-0.0607228	-0.49216	0.0179334	-0.106183	-0.994185	0.337664	
-0.692719	0.715688	-0.089056	-0.363112	0.720986	0.690267	-0.0609123	-0.492214	0.0178782	-0.106403	-0.994162	0.337759	
-0.692696	0.715695	-0.0891795	-0.363159	0.721009	0.690226	-0.0611026	-0.492268	0.0178232	-0.106625	-0.99414	0.337854	
-0.692673	0.715701	-0.0893067	-0.363207	0.721033	0.690184	-0.0612982	-0.492323	0.0177669	-0.106853	-0.994116	0.337952	
-0.692651	0.715707	-0.0894305	-0.363254	0.721056	0.690143	-0.0614884	-0.492377	0.0177121	-0.107074	-0.994093	0.338048	
-0.692628	0.715714	-0.0895544	-0.363303	0.721079	0.690102	-0.061677	-0.492431	0.0176586	-0.107295	-0.99407	0.338142	
-0.692606	0.715721	-0.0896753	-0.36335	0.721102	0.690062	-0.0618646	-0.492485	0.0176037	-0.107513	-0.994048	0.338235	
-0.692583	0.715727	-0.0897925	-0.363397	0.721124	0.690022	-0.0620473	-0.492538	0.0175498	-0.107724	-0.994026	0.338325	
-0.692561	0.715734	-0.0899134	-0.363444	0.721147	0.689981	-0.0622348	-0.492591	0.0174949	-0.107942	-0.994003	0.338418	
-0.692538	0.715741	-0.0900334	-0.363492	0.72117	0.68994	-0.0624215	-0.492645	0.01744	-0.108159	-0.993981	0.33851	
-0.692516	0.715747	-0.0901534	-0.363539	0.721193	0.689899	-0.0626081	-0.492699	0.0173851	-0.108375	-0.993958	0.338603	
-0.692493	0.715754	-0.0902743	-0.363586	0.721216	0.689858	-0.0627957	-0.492753	0.0173302	-0.108593	-0.993935	0.338696	
-0.692471	0.71576	-0.0903938	-0.363633	0.721239	0.689817	-0.0629814	-0.492806	0.0172756	-0.108808	-0.993913	0.338788	
-0.692449	0.715767	-0.0905126	-0.36368	0.721261	0.689777	-0.0631657	-0.492859	0.0172216	-0.109022	-0.99389	0.338879	
-0.692427	0.715773	-0.0906293	-0.363726	0.721284	0.689737	-0.0633471	-0.492911	0.0171682	-0.109233	-0.993868	0.338969	
-0.692405	0.715779	-0.0907468	-0.363772	0.721306	0.689697	-0.0635293	-0.492964	0.0171148	-0.109444	-0.993846	0.33906	
-0.692384	0.715785	-0.0908586	-0.363816	0.721327	0.689659	-0.0637032	-0.493014	0.0170636	-0.109646	-0.993824	0.339146	
-0.692363	0.715791	-0.0909722	-0.36386	0.721349	0.68962	-0.0638792	-0.493064	0.017012	-0.10985	-0.993803	0.339233	
-0.692343	0.715797	-0.0910823	-0.363903	0.721369	0.689582	-0.0640498	-0.493113	0.016962	-0.110048	-0.993782	0.339318	
-0.692322	0.715803	-0.0911901	-0.363946	0.72139	0.689545	-0.0642174	-0.493161	0.0169127	-0.110243	-0.993761	0.339401	
-0.692302	0.715809	-0.091298	-0.363988	0.721411	0.689508	-0.0643851	-0.493209	0.0168633	-0.110437	-0.99374	0.339484	
-0.692282	0.715815	-0.0914071	-0.364031	0.721431	0.689471	-0.0645547	-0.493258	0.0168133	-0.110634	-0.993719	0.339568	
-0.692262	0.71582	-0.0915123	-0.364073	0.721451	0.689434	-0.0647181	-0.493305	0.0167652	-0.110824	-0.993699	0.339649	
-0.692242	0.715826	-0.0916202	-0.364115	0.721472	0.689397	-0.0648858	-0.493353	0.0167158	-0.111018	-0.993678	0.339733	
-0.692222	0.715832	-0.0917287	-0.364158	0.721492	0.68936	-0.0650544	-0.493401	0.0166661	-0.111214	-0.993657	0.339816	
-0.692202	0.715837	-0.0918343	-0.3642	0.721512	0.689323	-0.0652189	-0.493449	0.0166174	-0.111404	-0.993636	0.339898	
-0.692182	0.715843	-0.0919385	-0.364241	0.721532	0.689287	-0.0653814	-0.493496	0.0165692	-0.111592	-0.993616	0.339978	
-0.692162	0.715849	-0.0920462	-0.364284	0.721553	0.689249	-0.0655491	-0.493544	0.0165196	-0.111787	-0.993595	0.340061	
-0.692143	0.715854	-0.0921507	-0.364325	0.721573	0.689213	-0.0657113	-0.493591	0.0164717	-0.111975	-0.993575	0.340141	
-0.692123	0.715859	-0.0922551	-0.364366	0.721593	0.689177	-0.0658736	-0.493637	0.0164239	-0.112163	-0.993554	0.340222	
-0.692104	0.715865	-0.0923596	-0.364407	0.721612	0.689141	-0.0660359	-0.493684	0.016376	-0.112352	-0.993534	0.340303	
-0.692084	0.71587	-0.0924634	-0.364448	0.721632	0.689105	-0.0661972	-0.49373	0.0163284	-0.112539	-0.993513	0.340383	
-0.692065	0.715875	-0.0925645	-0.364488	0.721651	0.68907	-0.0663541	-0.493775	0.0162821	-0.112721	-0.993493	0.340461	
-0.692047	0.71588	-0.0926649	-0.364527	0.72167	0.689035	-0.0665101	-0.49382	0.0162361	-0.112902	-0.993474	0.340538	
-0.692028	0.715885	-0.0927646	-0.364567	0.721689	0.689	-0.0666649	-0.493864	0.0161904	-0.113081	-0.993454	0.340615	
-0.69201	0.71589	-0.0928618	-0.364604	0.721707	0.688966	-0.0668154	-0.493907	0.0161462	-0.113256	-0.993435	0.34069	
-0.691992	0.715895	-0.0929593	-0.364642	0.721725	0.688933	-0.0669658	-0.493949	0.0161022	-0.113431	-0.993415	0.340766	
-0.691975	0.715899	-0.0930564	-0.364679	0.721743	0.688899	-0.0671151	-0.493991	0.0160588	-0.113605	-0.993396	0.340841	
-0.691957	0.715903	-0.0931519	-0.364715	0.721761	0.688867	-0.0672621	-0.494033	0.0160161	-0.113776	-0.993377	0.340915	
-0.69194	0.715908	-0.093247	-0.364751	0.721778	0.688834	-0.0674079	-0.494073	0.0159739	-0.113946	-0.993359	0.340989	
-0.691923	0.715912	-0.0933451	-0.364788	0.721796	0.688801	-0.0675578	-0.494114	0.0159308	-0.114121	-0.993339	0.341065	
-0.691905	0.715916	-0.0934421	-0.364825	0.721814	0.688768	-0.0677069	-0.494156	0.0158874	-0.114295	-0.99332	0.34114	
-0.691888	0.71592	-0.0935375	-0.364861	0.721831	0.688735	-0.0678541	-0.494198	0.0158444	-0.114466	-0.993301	0.341214	
-0.691871	0.715925	-0.0936299	-0.364897	0.721848	0.688703	-0.0679971	-0.494238	0.0158023	-0.114632	-0.993282	0.341286	
-0.691853	0.715929	-0.0937229	-0.364934	0.721866	0.68867	-0.0681415	-0.49428	0.0157597	-0.114799	-0.993264	0.341358	
-0.691836	0.715934	-0.0938137	-0.36497	0.721883	0.688638	-0.0682828	-0.49432	0.0157177	-0.114963	-0.993245	0.341428	
-0.69182	0.715938	-0.0939019	-0.365004	0.7219	0.688607	-0.0684197	-0.494359	0.0156772	-0.115122	-0.993228	0.341496	
-0.691804	0.715943	-0.0939901	-0.365039	0.721916	0.688576	-0.0685566	-0.494398	0.0156367	-0.115281	-0.99321	0.341564	
-0.691788	0.715947	-0.0940763	-0.365073	0.721933	0.688546	-0.0686903	-0.494437	0.0155972	-0.115436	-0.993192	0.341631	
-0.691771	0.715951	-0.0941647	-0.365107	0.721949	0.688515	-0.0688271	-0.494475	0.015557	-0.115595	-0.993175	0.341699	
-0.691755	0.715954	-0.0942535	-0.365141	0.721965	0.688484	-0.0689608	-0.494513	0.0155193	-0.115752	-0.993157	0.341767	
-0.691739	0.715958	-0.0943422	-0.365175	0.721981	0.688454	-0.0690974	-0.494552	0.0154794	-0.115911	-0.993139	0.341835	
-0.691723	0.715963	-0.094429	-0.365209	0.721998	0.688423	-0.0692349	-0.49459	0.0154375	-0.116069	-0.993121	0.341904	
-0.691707	0.715967	-0.0945175	-0.365243	0.722014	0.688392	-0.0693717	-0.494629	0.0153972	-0.116228	-0.993103	0.341973	
-0.691691	0.715971	-0.0946046	-0.365276	0.722031	0.688361	-0.0695063	-0.494667	0.0153576	-0.116384	-0.993086	0.34204	
-0.691676	0.715974	-0.0946891	-0.365309	0.722046	0.688332	-0.0696337	-0.494703	0.0153216	-0.116534	-0.993069	0.342104	
-0.69166	0.715978	-0.0947701	-0.365341	0.722062	0.688302	-0.0697632	-0.49474	0.0152816	-0.116682	-0.993052	0.342168	
-0.691645	0.715982	-0.094852	-0.365373	0.722076	0.688274	-0.0698864	-0.494775	0.0152468	-0.116827	-0.993035	0.34223	
-0.691631	0.715985	-0.0949294	-0.365403	0.722091	0.688247	-0.0700065	-0.49481	0.0152112	-0.116966	-0.993019	0.34229	
-0.691617	0.715989	-0.095007	-0.365433	0.722105	0.68822	-0.0701264	-0.494843	0.015176	-0.117106	-0.993003	0.34235	
-0.691603	0.715992	-0.0950856	-0.365463	0.722119	0.688192	-0.0702469	-0.494877	0.015141	-0.117246	-0.992987	0.342411	
-0.691589	0.715995	-0.0951658	-0.365492	0.722133	0.688165	-0.070368	-0.494909	0.0151067	-0.117388	-0.992971	0.342474	
-0.691576	0.715997	-0.0952426	-0.365519	0.722147	0.68814	-0.0704839	-0.49494	0.0150739	-0.117524	-0.992956	0.342534	
-0.691562	0.716	-0.0953191	-0.365547	0.72216	0.688114	-0.0705998	-0.494971	0.015041	-0.11766	-0.99294	0.342594	
-0.691549	0.716003	-0.0953938	-0.365575	0.722174	0.688088	-0.0707141	-0.495003	0.0150078	-0.117793	-0.992925	0.342652	
-0.691536	0.716006	-0.0954662	-0.365602	0.722187	0.688062	-0.0708256	-0.495034	0.0149752	-0.117923	-0.99291	0.342709	
-0.691523	0.716009	-0.0955381	-0.365631	0.7222	0.688037	-0.0709371	-0.495066	0.0149422	-0.118052	-0.992895	0.342764	
-0.691509	0.716012	-0.0956101	-0.365659	0.722214	0.688011	-0.0710487	-0.495098	0.0149091	-0.118182	-0.99288	0.34282	
-0.691497	0.716015	-0.0956795	-0.365685	0.722227	0.687987	-0.0711558	-0.495128	0.0148776	-0.118306	-0.992866	0.342874	
-0.691484	0.716018	-0.0957503	-0.365713	0.72224	0.687962	-0.0712651	-0.495159	0.0148454	-0.118433	-0.992851	0.342929	
-0.691471	0.716021	-0.0958206	-0.365739	0.722252	0.687937	-0.0713733	-0.495189	0.0148138	-0.118559	-0.992836	0.342984	
-0.691458	0.716024	-0.09589	-0.365766	0.722265	0.687912	-0.0714804	-0.495219	0.0147823	-0.118684	-0.992822	0.343037	
-0.691446	0.716027	-0.0959586	-0.365792	0.722278	0.687889	-0.0715853	-0.495248	0.0147518	-0.118806	-0.992808	0.343091	
-0.691434	0.716029	-0.0960241	-0.365817	0.722289	0.687866	-0.0716859	-0.495276	0.0147225	-0.118923	-0.992794	0.343142	
-0.691423	0.716032	-0.0960875	-0.365841	0.722301	0.687843	-0.0717837	-0.495303	0.0146937	-0.119037	-0.992781	0.343191	
-0.691411	0.716035	-0.0961514	-0.365866	0.722313	0.687821	-0.0718824	-0.495331	0.0146646	-0.119152	-0.992768	0.343241	
-0.6914	0.716037	-0.0962129	-0.365889	0.722324	0.687799	-0.0719768	-0.495357	0.0146371	-0.119262	-0.992755	0.343289	
-0.691389	0.71604	-0.0962731	-0.365912	0.722335	0.687778	-0.0720691	-0.495383	0.0146102	-0.119369	-0.992742	0.343335	
-0.691378	0.716042	-0.096334	-0.365935	0.722346	0.687756	-0.0721625	-0.495409	0.0145829	-0.119478	-0.99273	0.343383	
-0.691368	0.716044	-0.0963938	-0.365956	0.722356	0.687736	-0.0722535	-0.495433	0.0145568	-0.119584	-0.992717	0.34343	
-0.691358	0.716046	-0.0964492	-0.365977	0.722366	0.687716	-0.0723384	-0.495457	0.0145321	-0.119683	-0.992706	0.343473	
-0.691348	0.716048	-0.096506	-0.365999	0.722377	0.687696	-0.0724255	-0.495481	0.0145067	-0.119785	-0.992694	0.343517	
-0.691338	0.71605	-0.0965585	-0.366019	0.722386	0.687678	-0.0725064	-0.495504	0.0144829	-0.119879	-0.992683	0.343558	
-0.691328	0.716053	-0.0966123	-0.366039	0.722396	0.687659	-0.0725893	-0.495527	0.0144586	-0.119975	-0.992672	0.343599	
-0.691318	0.716055	-0.0966668	-0.36606	0.722406	0.687639	-0.0726733	-0.49555	0.0144339	-0.120073	-0.99266	0.343642	
-0.691309	0.716057	-0.0967185	-0.36608	0.722416	0.687621	-0.0727534	-0.495573	0.0144101	-0.120166	-0.992649	0.343682	
-0.691299	0.716059	-0.0967705	-0.366101	0.722426	0.687602	-0.0728345	-0.495596	0.0143858	-0.12026	-0.992638	0.343722	
-0.69129	0.716062	-0.0968207	-0.366121	0.722435	0.687584	-0.0729123	-0.495618	0.0143627	-0.12035	-0.992628	0.343761	
-0.691281	0.716064	-0.0968681	-0.36614	0.722444	0.687567	-0.0729862	-0.49564	0.0143405	-0.120436	-0.992618	0.343798	
-0.691272	0.716066	-0.0969135	-0.366157	0.722452	0.68755	-0.0730565	-0.49566	0.0143196	-0.120517	-0.992608	0.343833	
-0.691265	0.716068	-0.0969561	-0.366174	0.72246	0.687535	-0.073123	-0.495679	0.0142997	-0.120594	-0.992599	0.343866	
-0.691257	0.716069	-0.0969975	-0.36619	0.722468	0.68752	-0.0731872	-0.495697	0.0142806	-0.120669	-0.99259	0.343898	
-0.691249	0.716071	-0.0970376	-0.366206	0.722475	0.687505	-0.0732493	-0.495715	0.0142622	-0.120741	-0.992582	0.343929	
-0.691242	0.716073	-0.0970763	-0.366221	0.722483	0.687492	-0.0733093	-0.495732	0.0142444	-0.12081	-0.992573	0.343959	
-0.691235	0.716074	-0.0971152	-0.366236	0.72249	0.687478	-0.0733691	-0.495748	0.0142268	-0.12088	-0.992565	0.34399	
-0.691229	0.716076	-0.0971501	-0.366249	0.722496	0.687465	-0.0734226	-0.495763	0.0142112	-0.120942	-0.992558	0.344017	
-0.691223	0.716077	-0.0971858	-0.366262	0.722502	0.687453	-0.073477	-0.495778	0.0141955	-0.121006	-0.99255	0.344045	
-0.691217	0.716078	-0.097221	-0.366275	0.722508	0.687441	-0.0735301	-0.495792	0.0141804	-0.121068	-0.992543	0.344072	
-0.691211	0.716079	-0.0972535	-0.366286	0.722514	0.68743	-0.0735792	-0.495805	0.0141665	-0.121126	-0.992536	0.344098	
-0.691206	0.71608	-0.097284	-0.366297	0.722519	0.687419	-0.073625	-0.495817	0.0141535	-0.12118	-0.99253	0.344122	
-0.691201	0.716081	-0.0973121	-0.366308	0.722524	0.687409	-0.0736681	-0.495829	0.014141	-0.12123	-0.992524	0.344144	
-0.691196	0.716082	-0.0973395	-0.366318	0.722529	0.6874	-0.07371	-0.495841	0.0141288	-0.121279	-0.992518	0.344165	
-0.691191	0.716083	-0.0973655	-0.366328	0.722534	0.687391	-0.0737499	-0.495852	0.0141171	-0.121325	-0.992512	0.344185	
-0.691187	0.716084	-0.0973901	-0.366337	0.722538	0.687382	-0.0737875	-0.495862	0.0141062	-0.121369	-0.992507	0.344205	
-0.691183	0.716084	-0.0974152	-0.366346	0.722542	0.687374	-0.073825	-0.495872	0.0140957	-0.121413	-0.992502	0.344224	
-0.691179	0.716085	-0.0974382	-0.366353	0.722546	0.687366	-0.0738592	-0.495881	0.0140862	-0.121454	-0.992497	0.344242	
-0.691176	0.716085	-0.0974569	-0.36636	0.722549	0.687359	-0.0738873	-0.495888	0.0140783	-0.121487	-0.992493	0.344257	
-0.691172	0.716085	-0.097481	-0.366367	0.722553	0.687352	-0.0739223	-0.495896	0.0140691	-0.121528	-0.992488	0.344276	
-0.691169	0.716086	-0.0975005	-0.366374	0.722556	0.687345	-0.0739515	-0.495904	0.0140608	-0.121563	-0.992484	0.344292	
-0.691166	0.716086	-0.0975172	-0.36638	0.722559	0.68734	-0.0739765	-0.495911	0.0140539	-0.121592	-0.992481	0.344305	
-0.691163	0.716087	-0.097533	-0.366386	0.722562	0.687334	-0.0740005	-0.495917	0.014047	-0.12162	-0.992477	0.344317	
-0.691161	0.716087	-0.0975489	-0.366392	0.722565	0.687329	-0.0740246	-0.495924	0.01404	-0.121648	-0.992474	0.34433	
-0.691158	0.716088	-0.0975631	-0.366397	0.722567	0.687323	-0.0740467	-0.49593	0.0140335	-0.121674	-0.992471	0.344341	
-0.691156	0.716089	-0.0975753	-0.366402	0.72257	0.687319	-0.0740656	-0.495935	0.0140278	-0.121696	-0.992468	0.34435	
-0.691154	0.716089	-0.0975869	-0.366406	0.722572	0.687315	-0.0740836	-0.49594	0.0140225	-0.121717	-0.992466	0.344359	
-0.691152	0.716089	-0.0975964	-0.36641	0.722574	0.687311	-0.0740983	-0.495944	0.0140181	-0.121734	-0.992464	0.344366	
-0.69115	0.71609	-0.0976059	-0.366414	0.722575	0.687308	-0.0741129	-0.495949	0.0140138	-0.121751	-0.992462	0.344374	
-0.691149	0.71609	-0.0976157	-0.366417	0.722577	0.687305	-0.0741245	-0.495952	0.014012	-0.121766	-0.99246	0.34438	
-0.691147	0.716091	-0.0976229	-0.36642	0.722578	0.687302	-0.0741392	-0.495956	0.014006	-0.121781	-0.992458	0.344387	
-0.691146	0.716091	-0.0976296	-0.366423	0.72258	0.687299	-0.0741498	-0.495959	0.0140028	-0.121793	-0.992457	0.344392	
-0.691145	0.716091	-0.0976381	-0.366426	0.722581	0.687297	-0.0741593	-0.495962	0.0140016	-0.121806	-0.992455	0.344398	
-0.691144	0.716091	-0.0976419	-0.366428	0.722582	0.687295	-0.0741687	-0.495964	0.0139972	-0.121815	-0.992454	0.344402	
-0.691143	0.716091	-0.0976476	-0.36643	0.722583	0.687294	-0.074174	-0.495966	0.0139973	-0.121823	-0.992453	0.344405	
-0.691142	0.716091	-0.097651	-0.366431	0.722583	0.687293	-0.0741792	-0.495967	0.0139957	-0.121829	-0.992452	0.344408	
-0.691142	0.716091	-0.0976546	-0.366432	0.722584	0.687291	-0.0741844	-0.495968	0.0139944	-0.121836	-0.992452	0.344411	
-0.691141	0.716091	-0.0976557	-0.366433	0.722584	0.687291	-0.0741866	-0.495969	0.0139935	-0.121838	-0.992451	0.344411	
-0.691141	0.716092	-0.0976563	-0.366433	0.722584	0.68729	-0.0741905	-0.49597	0.0139909	-0.121841	-0.992451	0.344413	
-0.691141	0.716091	-0.0976594	-0.366434	0.722585	0.68729	-0.0741917	-0.495971	0.0139922	-0.121844	-0.992451	0.344414	
-0.691141	0.716091	-0.0976601	-0.366434	0.722585	0.687289	-0.0741928	-0.495971	0.0139919	-0.121845	-0.99245	0.344415	
-0.691141	0.716091	-0.0976614	-0.366435	0.722585	0.687289	-0.0741949	-0.495971	0.0139913	-0.121848	-0.99245	0.344416	
-0.691141	0.716091	-0.0976614	-0.366435	0.722585	0.687289	-0.0741949	-0.495971	0.0139913	-0.121848	-0.99245	0.344416	
-0.69114	0.716092	-0.0976621	-0.366435	0.722585	0.687289	-0.0741959	-0.495972	0.013991	-0.121849	-0.99245	0.344416	
-0.69114	0.716092	-0.0976612	-0.366435	0.722585	0.687289	-0.074195	-0.495972	0.013991	-0.121848	-0.99245	0.344415	
-0.69114	0.716092	-0.0976603	-0.366435	0.722585	0.687289	-0.0741941	-0.495972	0.0139911	-0.121846	-0.99245	0.344415	
-0.69114	0.716092	-0.0976601	-0.366435	0.722585	0.687289	-0.0741943	-0.495972	0.0139908	-0.121846	-0.99245	0.344414	
-0.69114	0.716092	-0.0976592	-0.366436	0.722585	0.687289	-0.0741934	-0.495972	0.0139908	-0.121845	-0.992451	0.344414	
-0.69114	0.716092	-0.0976592	-0.366436	0.722585	0.687289	-0.0741934	-0.495972	0.0139908	-0.121845	-0.992451	0.344414	
-0.69114	0.716092	-0.0976583	-0.366436	0.722585	0.687289	-0.0741924	-0.495972	0.0139909	-0.121844	-0.992451	0.344413	
-0.69114	0.716092	-0.0976583	-0.366436	0.722585	0.687289	-0.0741924	-0.495972	0.0139909	-0.121844	-0.992451	0.344413	
-0.69114	0.716092	-0.0976583	-0.366436	0.722585	0.687289	-0.0741924	-0.495972	0.0139909	-0.121844	-0.992451	0.344413	
-0.69114	0.716092	-0.0976583	-0.366436	0.722585	0.687289	-0.0741924	-0.495972	0.0139909	-0.121844	-0.992451	0.344413	
