-0.692694	0.720382	-0.0349961	-0.534247	0.719564	0.693577	0.0343419	-0.372592	0.0490117	-0.00139351	-0.998797	0.148043	
-0.692694	0.720382	-0.0349992	-0.534248	0.719564	0.693576	0.0343397	-0.372593	0.0490123	-0.00139724	-0.998797	0.148044	
-0.692693	0.720382	-0.0350128	-0.534253	0.719565	0.693576	0.0343302	-0.372596	0.0490149	-0.00141369	-0.998797	0.148052	
-0.69269	0.720384	-0.035044	-0.534263	0.719568	0.693574	0.0343086	-0.372602	0.0490209	-0.00145131	-0.998797	0.148071	
-0.692689	0.720384	-0.0350545	-0.534266	0.719568	0.693574	0.0343014	-0.372604	0.0490231	-0.00146394	-0.998797	0.148077	
-0.692686	0.720386	-0.0350866	-0.534277	0.719571	0.693572	0.0342787	-0.372611	0.049029	-0.00150292	-0.998796	0.148095	
-0.692682	0.720388	-0.0351216	-0.534291	0.719575	0.69357	0.0342535	-0.37262	0.0490351	-0.00154585	-0.998796	0.148113	
-0.692678	0.72039	-0.0351522	-0.534304	0.719578	0.693567	0.034231	-0.372628	0.0490401	-0.00158371	-0.998796	0.148127	
-0.692673	0.720393	-0.0351878	-0.53432	0.719582	0.693565	0.0342046	-0.372638	0.0490458	-0.00162785	-0.998795	0.148143	
-0.692668	0.720396	-0.0352275	-0.534337	0.719586	0.693561	0.0341752	-0.37265	0.0490521	-0.00167718	-0.998795	0.148161	
-0.692662	0.720399	-0.0352742	-0.534358	0.719592	0.693558	0.0341406	-0.372663	0.0490595	-0.00173512	-0.998794	0.148183	
-0.692656	0.720403	-0.0353295	-0.534381	0.719598	0.693554	0.0341001	-0.372678	0.0490687	-0.00180334	-0.998794	0.148209	
-0.692648	0.720407	-0.0353973	-0.534409	0.719604	0.693549	0.034053	-0.372695	0.0490817	-0.00188525	-0.998793	0.148242	
-0.69264	0.720411	-0.0354649	-0.534436	0.719611	0.693545	0.0340038	-0.372712	0.0490932	-0.00196855	-0.998792	0.148276	
-0.692631	0.720416	-0.0355417	-0.534467	0.719618	0.693539	0.033948	-0.372732	0.0491063	-0.00206301	-0.998791	0.148314	
-0.692621	0.720421	-0.0356247	-0.534501	0.719627	0.693533	0.0338877	-0.372753	0.0491203	-0.00216512	-0.998791	0.148355	
-0.692612	0.720426	-0.0357117	-0.534537	0.719635	0.693528	0.0338241	-0.372777	0.0491349	-0.00227242	-0.99879	0.148397	
-0.692601	0.720432	-0.0357996	-0.534574	0.719645	0.693521	0.0337597	-0.372801	0.0491493	-0.00238102	-0.998789	0.148439	
-0.692589	0.720438	-0.0358935	-0.534614	0.719655	0.693514	0.0336908	-0.372826	0.0491648	-0.00249703	-0.998788	0.148484	
-0.692577	0.720446	-0.0359977	-0.534658	0.719666	0.693506	0.0336143	-0.372854	0.0491819	-0.00262585	-0.998786	0.148533	
-0.692564	0.720453	-0.036104	-0.534703	0.719677	0.693499	0.0335364	-0.372882	0.0491995	-0.00275711	-0.998785	0.148584	
-0.69255	0.72046	-0.0362175	-0.53475	0.719689	0.69349	0.0334535	-0.372913	0.0492184	-0.0028971	-0.998784	0.148639	
-0.692535	0.720468	-0.0363384	-0.5348	0.719702	0.693481	0.0333654	-0.372944	0.0492387	-0.00304606	-0.998782	0.148699	
-0.69252	0.720476	-0.0364621	-0.534851	0.719715	0.693472	0.033275	-0.372977	0.0492593	-0.00319865	-0.998781	0.148759	
-0.692505	0.720485	-0.0365878	-0.534904	0.719728	0.693463	0.0331831	-0.37301	0.0492802	-0.00335381	-0.998779	0.148819	
-0.692489	0.720493	-0.0367187	-0.534959	0.719742	0.693453	0.0330871	-0.373045	0.0493017	-0.00351552	-0.998778	0.148882	
-0.692473	0.720502	-0.0368494	-0.535014	0.719756	0.693443	0.0329913	-0.37308	0.0493233	-0.00367699	-0.998776	0.148945	
-0.692456	0.720511	-0.0369842	-0.535071	0.71977	0.693433	0.0328925	-0.373117	0.0493454	-0.00384349	-0.998774	0.149009	
-0.69244	0.72052	-0.0371285	-0.535131	0.719785	0.693423	0.0327892	-0.373154	0.049371	-0.00402	-0.998772	0.149078	
-0.692422	0.720529	-0.0372706	-0.535191	0.7198	0.693412	0.032685	-0.373192	0.0493944	-0.00419556	-0.998771	0.149146	
-0.692405	0.720539	-0.0374135	-0.535251	0.719815	0.693401	0.0325802	-0.373231	0.0494179	-0.00437213	-0.998769	0.149215	
-0.692387	0.720548	-0.0375641	-0.535313	0.719831	0.69339	0.0324704	-0.37327	0.0494431	-0.00455771	-0.998767	0.149288	
-0.692369	0.720558	-0.0377146	-0.535375	0.719846	0.693379	0.0323609	-0.373309	0.0494684	-0.0047431	-0.998764	0.149363	
-0.69235	0.720567	-0.0378704	-0.535439	0.719862	0.693367	0.0322475	-0.37335	0.0494946	-0.00493491	-0.998762	0.14944	
-0.692331	0.720577	-0.0380258	-0.535503	0.719879	0.693356	0.0321339	-0.373391	0.0495204	-0.00512667	-0.99876	0.149515	
-0.692312	0.720588	-0.0381863	-0.53557	0.719896	0.693344	0.0320167	-0.373433	0.0495471	-0.0053246	-0.998758	0.149593	
-0.692292	0.720598	-0.0383457	-0.535637	0.719913	0.693331	0.0318998	-0.373476	0.0495732	-0.00552156	-0.998755	0.149669	
-0.692271	0.720609	-0.0385142	-0.535709	0.719931	0.693318	0.0317762	-0.373521	0.0496008	-0.00572981	-0.998753	0.149749	
-0.692251	0.720619	-0.0386807	-0.535779	0.719948	0.693306	0.0316561	-0.373566	0.0496295	-0.00593417	-0.99875	0.149828	
-0.69223	0.720631	-0.0388543	-0.535854	0.719967	0.693292	0.0315285	-0.373613	0.0496578	-0.00614881	-0.998747	0.14991	
-0.692208	0.720642	-0.0390296	-0.535929	0.719986	0.693278	0.0313995	-0.37366	0.0496862	-0.00636585	-0.998745	0.149993	
-0.692185	0.720654	-0.0392114	-0.536006	0.720006	0.693263	0.0312659	-0.37371	0.0497157	-0.00659061	-0.998742	0.150079	
-0.692162	0.720666	-0.0393983	-0.536085	0.720026	0.693249	0.0311288	-0.37376	0.0497463	-0.00682161	-0.998739	0.150168	
-0.692138	0.720679	-0.0395921	-0.536168	0.720047	0.693233	0.0309864	-0.373812	0.0497778	-0.00706137	-0.998735	0.15026	
-0.692113	0.720692	-0.0397838	-0.536251	0.720068	0.693217	0.030845	-0.373865	0.0498086	-0.0072988	-0.998732	0.15035	
-0.69209	0.720704	-0.039969	-0.536332	0.720089	0.693202	0.0307081	-0.373916	0.049838	-0.00752853	-0.998729	0.150435	
-0.692065	0.720717	-0.0401634	-0.536417	0.720111	0.693185	0.0305642	-0.373971	0.0498688	-0.0077697	-0.998726	0.150524	
-0.692039	0.720731	-0.040365	-0.536505	0.720133	0.693169	0.0304152	-0.374027	0.0499009	-0.00801965	-0.998722	0.150618	
-0.692013	0.720744	-0.0405678	-0.536593	0.720156	0.693152	0.0302655	-0.374083	0.0499333	-0.00827099	-0.998718	0.150712	
-0.691988	0.720757	-0.0407726	-0.536682	0.720178	0.693135	0.0301165	-0.374139	0.0499676	-0.0085233	-0.998714	0.150806	
-0.691962	0.72077	-0.0409765	-0.53677	0.720201	0.693118	0.0299662	-0.374194	0.0500003	-0.00877579	-0.998711	0.150902	
-0.691935	0.720784	-0.0411845	-0.53686	0.720223	0.693101	0.029813	-0.374251	0.0500338	-0.00903335	-0.998707	0.151	
-0.691909	0.720797	-0.0413936	-0.536949	0.720246	0.693084	0.0296592	-0.374308	0.0500675	-0.00929213	-0.998703	0.151098	
-0.691882	0.720811	-0.0416045	-0.537041	0.72027	0.693066	0.0295036	-0.374366	0.0501012	-0.00955345	-0.998698	0.151197	
-0.691856	0.720824	-0.0418122	-0.537132	0.720293	0.693048	0.0293499	-0.374424	0.050134	-0.00981114	-0.998694	0.151292	
-0.691828	0.720838	-0.0420217	-0.537224	0.720317	0.69303	0.0291947	-0.374482	0.050167	-0.0100712	-0.99869	0.151389	
-0.691801	0.720852	-0.0422322	-0.537317	0.720341	0.693012	0.0290387	-0.374541	0.0502001	-0.0103326	-0.998686	0.151485	
-0.691773	0.720866	-0.0424512	-0.537413	0.720365	0.692994	0.0288788	-0.374602	0.0502362	-0.0106028	-0.998681	0.151585	
-0.691744	0.72088	-0.042676	-0.537512	0.720391	0.692974	0.0287123	-0.374665	0.0502715	-0.0108818	-0.998676	0.151688	
-0.691715	0.720895	-0.0428977	-0.537611	0.720416	0.692955	0.0285479	-0.374727	0.0503062	-0.0111571	-0.998672	0.151789	
-0.691686	0.72091	-0.0431214	-0.53771	0.720441	0.692935	0.0283819	-0.37479	0.0503411	-0.011435	-0.998667	0.151891	
-0.691657	0.720924	-0.0433479	-0.537811	0.720467	0.692915	0.0282135	-0.374855	0.0503762	-0.0117166	-0.998662	0.151993	
-0.691627	0.720939	-0.0435775	-0.537914	0.720493	0.692895	0.0280427	-0.37492	0.0504117	-0.0120022	-0.998656	0.152096	
-0.691597	0.720954	-0.043806	-0.538016	0.72052	0.692874	0.0278726	-0.374986	0.0504469	-0.0122865	-0.998651	0.152198	
-0.691567	0.720969	-0.0440304	-0.538117	0.720546	0.692853	0.0277057	-0.375049	0.0504815	-0.0125656	-0.998646	0.152299	
-0.691537	0.720984	-0.0442561	-0.538218	0.720572	0.692833	0.0275381	-0.375113	0.0505166	-0.0128461	-0.998641	0.152401	
-0.691508	0.720998	-0.0444786	-0.538316	0.720598	0.692813	0.027373	-0.375176	0.0505512	-0.0131225	-0.998635	0.152503	
-0.691479	0.721012	-0.0447035	-0.538415	0.720623	0.692793	0.0272064	-0.375239	0.0505864	-0.0134017	-0.99863	0.152606	
-0.69145	0.721026	-0.0449252	-0.538513	0.720649	0.692773	0.0270422	-0.3753	0.0506211	-0.013677	-0.998624	0.152708	
-0.69142	0.72104	-0.0451532	-0.538613	0.720675	0.692753	0.0268735	-0.375364	0.0506569	-0.0139598	-0.998619	0.152813	
-0.691391	0.721054	-0.0453873	-0.538716	0.720701	0.692732	0.0267023	-0.375429	0.050695	-0.0142489	-0.998613	0.15292	
-0.69136	0.721069	-0.045617	-0.538818	0.720727	0.692711	0.0265317	-0.375493	0.0507306	-0.0145344	-0.998607	0.153024	
-0.69133	0.721083	-0.0458465	-0.538921	0.720754	0.69269	0.0263612	-0.375558	0.050766	-0.0148198	-0.998601	0.153128	
-0.691299	0.721098	-0.0460822	-0.539026	0.720781	0.692668	0.0261859	-0.375625	0.0508023	-0.0151129	-0.998594	0.153234	
-0.691267	0.721113	-0.0463198	-0.539133	0.720809	0.692646	0.0260092	-0.375693	0.0508388	-0.0154084	-0.998588	0.153341	
-0.691236	0.721128	-0.0465564	-0.539239	0.720836	0.692624	0.0258331	-0.37576	0.0508751	-0.0157028	-0.998582	0.153447	
-0.691204	0.721143	-0.046791	-0.539345	0.720864	0.692602	0.0256585	-0.375827	0.050911	-0.0159947	-0.998575	0.153552	
-0.691172	0.721158	-0.0470337	-0.539454	0.720892	0.692579	0.025478	-0.375896	0.0509482	-0.0162966	-0.998568	0.153662	
-0.69114	0.721173	-0.0472723	-0.539561	0.72092	0.692556	0.0253005	-0.375964	0.0509847	-0.0165934	-0.998562	0.153769	
-0.691109	0.721187	-0.0475038	-0.539664	0.720947	0.692534	0.0251283	-0.376029	0.0510202	-0.0168813	-0.998555	0.153873	
-0.691077	0.721202	-0.0477476	-0.539773	0.720976	0.692511	0.024947	-0.376098	0.0510576	-0.0171846	-0.998548	0.153984	
-0.691045	0.721216	-0.0479895	-0.539882	0.721003	0.692489	0.0247695	-0.376166	0.0510963	-0.0174837	-0.998541	0.154092	
-0.691013	0.721231	-0.0482313	-0.53999	0.721031	0.692466	0.0245898	-0.376235	0.0511334	-0.0177844	-0.998533	0.154202	
-0.69098	0.721246	-0.0484782	-0.5401	0.72106	0.692443	0.0244064	-0.376304	0.0511714	-0.0180914	-0.998526	0.154314	
-0.690947	0.721261	-0.0487333	-0.540213	0.72109	0.692418	0.0242169	-0.376376	0.0512106	-0.0184085	-0.998518	0.154429	
-0.690913	0.721276	-0.0489862	-0.540326	0.721119	0.692394	0.0240291	-0.376448	0.0512493	-0.0187229	-0.99851	0.154544	
-0.690879	0.721292	-0.0492421	-0.540441	0.721149	0.69237	0.0238388	-0.37652	0.0512884	-0.0190412	-0.998502	0.154659	
-0.690844	0.721307	-0.0495041	-0.540558	0.72118	0.692344	0.023644	-0.376594	0.0513285	-0.0193671	-0.998494	0.154778	
-0.690809	0.721323	-0.049762	-0.540674	0.72121	0.692319	0.023452	-0.376668	0.0513677	-0.0196881	-0.998486	0.154894	
-0.690776	0.721337	-0.0500106	-0.540786	0.721239	0.692295	0.023267	-0.376739	0.0514054	-0.0199974	-0.998478	0.155005	
-0.690743	0.721352	-0.0502649	-0.540899	0.721268	0.692271	0.0230803	-0.37681	0.0514459	-0.0203119	-0.998469	0.15512	
-0.690708	0.721367	-0.0505217	-0.541014	0.721298	0.692246	0.0228893	-0.376882	0.0514851	-0.0206314	-0.998461	0.155236	
-0.690674	0.721381	-0.0507777	-0.541129	0.721328	0.692221	0.0226991	-0.376955	0.0515241	-0.0209497	-0.998452	0.155352	
-0.69064	0.721396	-0.0510286	-0.541241	0.721358	0.692196	0.0225126	-0.377026	0.0515623	-0.0212618	-0.998443	0.155465	
-0.690607	0.72141	-0.0512805	-0.541353	0.721387	0.692172	0.0223255	-0.377097	0.0516008	-0.021575	-0.998435	0.15558	
-0.690572	0.721425	-0.0515375	-0.541467	0.721417	0.692147	0.0221346	-0.377169	0.05164	-0.0218945	-0.998426	0.155697	
-0.690538	0.721439	-0.0517988	-0.541583	0.721448	0.692121	0.0219408	-0.377242	0.05168	-0.0222192	-0.998416	0.155816	
-0.690502	0.721454	-0.0520629	-0.541701	0.721479	0.692095	0.0217447	-0.377317	0.0517203	-0.0225475	-0.998407	0.155936	
-0.690466	0.721469	-0.0523341	-0.541822	0.721511	0.692068	0.0215432	-0.377393	0.0517615	-0.0228848	-0.998397	0.156059	
-0.69043	0.721484	-0.0526045	-0.541943	0.721542	0.692042	0.0213444	-0.377469	0.0518042	-0.0232195	-0.998387	0.156181	
-0.690394	0.721498	-0.0528716	-0.542062	0.721573	0.692015	0.0211459	-0.377544	0.0518447	-0.0235517	-0.998377	0.156301	
-0.690359	0.721513	-0.0531438	-0.542183	0.721604	0.691989	0.0209435	-0.377622	0.0518859	-0.0238902	-0.998367	0.156425	
-0.690323	0.721527	-0.053413	-0.542304	0.721636	0.691962	0.0207434	-0.377698	0.0519267	-0.024225	-0.998357	0.156547	
-0.690288	0.721541	-0.053673	-0.542419	0.721666	0.691936	0.0205503	-0.377771	0.0519662	-0.0245483	-0.998347	0.156665	
-0.690252	0.721556	-0.0539371	-0.542537	0.721697	0.691909	0.0203543	-0.377845	0.0520063	-0.0248767	-0.998337	0.156785	
-0.690217	0.72157	-0.0542003	-0.542654	0.721728	0.691883	0.0201589	-0.377919	0.0520463	-0.0252039	-0.998327	0.156905	
-0.690182	0.721583	-0.0544593	-0.542769	0.721759	0.691857	0.0199665	-0.377992	0.0520855	-0.025526	-0.998316	0.157023	
-0.690147	0.721597	-0.0547245	-0.542887	0.72179	0.69183	0.0197697	-0.378066	0.0521258	-0.0258556	-0.998306	0.157144	
-0.69011	0.721612	-0.0549968	-0.543008	0.721822	0.691802	0.0195676	-0.378143	0.0521672	-0.0261941	-0.998295	0.157268	
-0.690073	0.721626	-0.0552724	-0.543129	0.721854	0.691775	0.0193635	-0.378219	0.0522093	-0.0265363	-0.998284	0.157395	
-0.690035	0.72164	-0.0555602	-0.543256	0.721887	0.691746	0.0191506	-0.378299	0.0522534	-0.0268937	-0.998272	0.157528	
-0.689997	0.721654	-0.0558492	-0.543383	0.72192	0.691717	0.0189387	-0.378379	0.0522991	-0.0272509	-0.99826	0.15766	
-0.68996	0.721668	-0.0561296	-0.543507	0.721953	0.691689	0.0187306	-0.378457	0.0523415	-0.0275996	-0.998248	0.157788	
-0.689922	0.721683	-0.0564089	-0.543632	0.721986	0.69166	0.0185232	-0.378536	0.0523836	-0.0279469	-0.998236	0.157915	
-0.689884	0.721697	-0.0566893	-0.543756	0.722019	0.691631	0.018315	-0.378614	0.052426	-0.0282955	-0.998224	0.158043	
-0.689847	0.72171	-0.0569616	-0.543877	0.722051	0.691603	0.0181129	-0.378691	0.0524671	-0.0286341	-0.998212	0.158167	
-0.68981	0.721724	-0.057236	-0.543999	0.722083	0.691574	0.0179093	-0.378767	0.0525085	-0.0289751	-0.9982	0.158293	
-0.689772	0.721738	-0.0575184	-0.544125	0.722117	0.691545	0.0176997	-0.378847	0.0525511	-0.0293262	-0.998188	0.158422	
-0.689735	0.721752	-0.0577989	-0.544249	0.72215	0.691516	0.0174916	-0.378925	0.0525934	-0.0296749	-0.998175	0.15855	
-0.689698	0.721765	-0.0580701	-0.54437	0.722182	0.691487	0.0172904	-0.379001	0.0526343	-0.0300121	-0.998163	0.158674	
-0.68966	0.721779	-0.0583536	-0.544495	0.722215	0.691458	0.0170802	-0.37908	0.0526772	-0.0303643	-0.99815	0.158804	
-0.689621	0.721792	-0.0586424	-0.544622	0.722249	0.691428	0.0168662	-0.37916	0.0527209	-0.0307231	-0.998137	0.158937	
-0.689582	0.721806	-0.0589289	-0.544749	0.722283	0.691398	0.0166538	-0.37924	0.0527641	-0.0310792	-0.998123	0.159068	
-0.689544	0.721819	-0.0592154	-0.544876	0.722316	0.691367	0.0164413	-0.37932	0.0528072	-0.0314353	-0.99811	0.159199	
-0.689506	0.721832	-0.0595012	-0.545002	0.722349	0.691338	0.0162316	-0.379399	0.0528519	-0.0317889	-0.998096	0.15933	
-0.689468	0.721845	-0.0597836	-0.545128	0.722383	0.691308	0.0160221	-0.379478	0.0528944	-0.0321399	-0.998083	0.159459	
-0.68943	0.721858	-0.0600631	-0.545251	0.722416	0.691278	0.0158149	-0.379556	0.0529364	-0.0324872	-0.998069	0.159587	
-0.689392	0.721871	-0.0603425	-0.545375	0.722449	0.691248	0.0156076	-0.379634	0.0529783	-0.0328346	-0.998056	0.159715	
-0.689355	0.721883	-0.0606158	-0.545496	0.722481	0.691219	0.0154049	-0.37971	0.0530193	-0.0331743	-0.998042	0.159841	
-0.689318	0.721896	-0.0608922	-0.545619	0.722514	0.69119	0.0151999	-0.379787	0.0530608	-0.0335179	-0.998029	0.159967	
-0.689279	0.721908	-0.0611737	-0.545743	0.722547	0.691159	0.0149913	-0.379865	0.0531031	-0.0338677	-0.998015	0.160097	
-0.689242	0.721921	-0.061449	-0.545865	0.722579	0.69113	0.0147871	-0.379942	0.0531444	-0.0342099	-0.998001	0.160223	
-0.689204	0.721933	-0.0617326	-0.54599	0.722613	0.691099	0.0145769	-0.380021	0.0531869	-0.0345623	-0.997986	0.160353	
-0.689164	0.721946	-0.0620231	-0.546119	0.722647	0.691068	0.0143615	-0.380102	0.0532304	-0.0349234	-0.997971	0.160487	
-0.689124	0.721959	-0.0623179	-0.546249	0.722682	0.691036	0.014143	-0.380184	0.0532746	-0.0352897	-0.997956	0.160623	
-0.689085	0.721971	-0.0626094	-0.546378	0.722717	0.691004	0.013927	-0.380265	0.0533183	-0.035652	-0.997941	0.160757	
-0.689045	0.721983	-0.0629021	-0.546507	0.722751	0.690972	0.0137101	-0.380346	0.0533621	-0.0360157	-0.997926	0.160891	
-0.689007	0.721996	-0.0631855	-0.546632	0.722785	0.690941	0.0134999	-0.380425	0.0534044	-0.036368	-0.99791	0.161021	
-0.688967	0.722008	-0.0634763	-0.54676	0.722819	0.69091	0.0132846	-0.380505	0.0534479	-0.0367292	-0.997895	0.161156	
-0.688927	0.72202	-0.0637699	-0.54689	0.722854	0.690877	0.0130669	-0.380587	0.0534917	-0.0370942	-0.997879	0.161291	
-0.688888	0.722032	-0.0640606	-0.547018	0.722888	0.690845	0.0128516	-0.380668	0.0535352	-0.0374554	-0.997863	0.161425	
-0.688847	0.722044	-0.0643562	-0.547149	0.722924	0.690813	0.0126325	-0.38075	0.0535793	-0.0378228	-0.997847	0.161561	
-0.688806	0.722056	-0.06466	-0.547283	0.72296	0.690779	0.0124075	-0.380834	0.0536247	-0.0382003	-0.99783	0.161701	
-0.688764	0.722069	-0.0649721	-0.54742	0.722996	0.690744	0.0121763	-0.38092	0.0536712	-0.038588	-0.997813	0.161845	
-0.688721	0.722081	-0.0652831	-0.547557	0.723033	0.69071	0.0119459	-0.381006	0.0537176	-0.0389745	-0.997795	0.161989	
-0.68868	0.722093	-0.0655899	-0.547692	0.72307	0.690676	0.0117186	-0.381091	0.0537633	-0.0393557	-0.997778	0.16213	
-0.688639	0.722104	-0.0658941	-0.547826	0.723105	0.690642	0.0114956	-0.381175	0.0538102	-0.039732	-0.99776	0.16227	
-0.688597	0.722116	-0.0661999	-0.547961	0.723141	0.690608	0.0112691	-0.381259	0.0538558	-0.040112	-0.997743	0.162412	
-0.688555	0.722128	-0.0665119	-0.548098	0.723178	0.690573	0.0110381	-0.381346	0.0539022	-0.0404996	-0.997725	0.162556	
-0.688513	0.722139	-0.0668168	-0.548232	0.723215	0.690539	0.0108122	-0.38143	0.0539475	-0.0408785	-0.997707	0.162697	
-0.688471	0.722151	-0.0671237	-0.548367	0.723251	0.690504	0.010585	-0.381515	0.0539931	-0.0412598	-0.997689	0.162839	
-0.688429	0.722162	-0.0674317	-0.548503	0.723288	0.690469	0.010357	-0.3816	0.0540389	-0.0416424	-0.99767	0.162981	
-0.688387	0.722174	-0.0677447	-0.54864	0.723325	0.690434	0.0101254	-0.381686	0.0540855	-0.0420313	-0.997651	0.163127	
-0.688343	0.722185	-0.0680628	-0.54878	0.723363	0.690398	0.00988988	-0.381774	0.0541327	-0.0424265	-0.997632	0.163274	
-0.6883	0.722196	-0.0683799	-0.548919	0.7234	0.690361	0.00965508	-0.381861	0.0541797	-0.0428205	-0.997613	0.163421	
-0.688257	0.722208	-0.0686959	-0.549058	0.723438	0.690325	0.00942119	-0.381948	0.0542266	-0.0432131	-0.997593	0.163567	
-0.688213	0.722219	-0.069013	-0.549197	0.723476	0.690289	0.00918654	-0.382035	0.0542736	-0.0436069	-0.997573	0.163715	
-0.68817	0.722229	-0.0693302	-0.549336	0.723513	0.690252	0.00895193	-0.382123	0.0543207	-0.0440009	-0.997554	0.163862	
-0.688126	0.722241	-0.0696535	-0.549478	0.723552	0.690215	0.00871278	-0.382211	0.0543686	-0.0444024	-0.997533	0.164012	
-0.688082	0.722251	-0.0699747	-0.549619	0.72359	0.690178	0.00847511	-0.3823	0.0544162	-0.0448014	-0.997513	0.164162	
-0.688038	0.722262	-0.0702927	-0.549758	0.723628	0.690141	0.00823983	-0.382387	0.0544632	-0.0451964	-0.997492	0.16431	
-0.687995	0.722272	-0.0706141	-0.549898	0.723665	0.690105	0.00800451	-0.382474	0.0545126	-0.0455939	-0.997472	0.164459	
-0.687951	0.722282	-0.0709343	-0.550038	0.723703	0.690068	0.00776768	-0.382562	0.0545599	-0.0459916	-0.997451	0.164608	
-0.687905	0.722293	-0.0712688	-0.550185	0.723743	0.690029	0.00752038	-0.382654	0.0546094	-0.046407	-0.997429	0.164764	
-0.687859	0.722304	-0.0716072	-0.550333	0.723783	0.689989	0.00726996	-0.382747	0.0546593	-0.0468274	-0.997406	0.164921	
-0.687814	0.722314	-0.0719376	-0.550478	0.723823	0.68995	0.00702567	-0.382838	0.0547081	-0.0472377	-0.997384	0.165075	
-0.687769	0.722324	-0.0722638	-0.55062	0.723862	0.689912	0.00678445	-0.382927	0.0547562	-0.0476428	-0.997362	0.165227	
-0.687724	0.722334	-0.0725892	-0.550762	0.7239	0.689874	0.00654395	-0.383016	0.0548043	-0.0480469	-0.99734	0.165379	
-0.687678	0.722344	-0.0729298	-0.550911	0.723941	0.689833	0.00629238	-0.383109	0.0548547	-0.0484697	-0.997317	0.165539	
-0.687631	0.722354	-0.0732713	-0.551059	0.723981	0.689793	0.00604001	-0.383202	0.0549051	-0.0488938	-0.997294	0.165699	
-0.687586	0.722363	-0.0735995	-0.551203	0.724021	0.689754	0.00579716	-0.383292	0.0549532	-0.0493015	-0.997271	0.165851	
-0.68754	0.722373	-0.0739288	-0.551347	0.72406	0.689715	0.00555375	-0.383382	0.0550017	-0.0497105	-0.997248	0.166005	
-0.687494	0.722382	-0.0742704	-0.551496	0.724101	0.689674	0.00530138	-0.383475	0.055052	-0.0501346	-0.997224	0.166165	
-0.687446	0.722392	-0.074617	-0.551647	0.724142	0.689632	0.00504526	-0.38357	0.0551029	-0.0505649	-0.997199	0.166327	
-0.687399	0.722402	-0.0749586	-0.551797	0.724183	0.689591	0.00479268	-0.383663	0.055153	-0.0509893	-0.997175	0.166487	
-0.687353	0.722411	-0.0752919	-0.551942	0.724223	0.689551	0.00454628	-0.383754	0.0552019	-0.0514032	-0.997151	0.166643	
-0.687308	0.722419	-0.0756152	-0.552083	0.724262	0.689512	0.00430743	-0.383842	0.0552493	-0.0518046	-0.997128	0.166794	
-0.687263	0.722428	-0.0759477	-0.552228	0.724301	0.689472	0.0040619	-0.383933	0.0552982	-0.0522174	-0.997104	0.16695	
-0.687217	0.722436	-0.07628	-0.552372	0.724341	0.689431	0.00381651	-0.384023	0.055347	-0.0526299	-0.997079	0.167106	
-0.687171	0.722444	-0.0766174	-0.552519	0.72438	0.689391	0.00356713	-0.384116	0.0553965	-0.0530489	-0.997054	0.167264	
-0.687125	0.722452	-0.0769559	-0.552666	0.724421	0.68935	0.0033171	-0.384208	0.055446	-0.0534692	-0.997029	0.167423	
-0.68708	0.72246	-0.0772855	-0.552809	0.724459	0.689311	0.00307599	-0.384297	0.055496	-0.0538767	-0.997004	0.167577	
-0.687032	0.722468	-0.0776291	-0.552959	0.724501	0.689268	0.00282223	-0.38439	0.0555462	-0.0543033	-0.996978	0.167739	
-0.686985	0.722476	-0.0779705	-0.553107	0.724541	0.689226	0.00257006	-0.384483	0.0555962	-0.0547273	-0.996952	0.167899	
-0.686939	0.722484	-0.078306	-0.553253	0.724582	0.689185	0.00232222	-0.384574	0.0556451	-0.0551439	-0.996927	0.168056	
-0.686893	0.722492	-0.0786394	-0.553398	0.724622	0.689144	0.00207618	-0.384665	0.0556939	-0.0555577	-0.996901	0.168214	
-0.686847	0.722499	-0.0789719	-0.553542	0.724661	0.689103	0.00183087	-0.384755	0.0557425	-0.0559703	-0.996875	0.16837	
-0.686799	0.722506	-0.0793218	-0.553693	0.724703	0.68906	0.0015728	-0.384849	0.0557938	-0.0564045	-0.996848	0.168536	
-0.686751	0.722514	-0.0796695	-0.553844	0.724745	0.689016	0.00131634	-0.384943	0.0558447	-0.0568361	-0.99682	0.1687	
-0.686703	0.722521	-0.0800161	-0.553994	0.724786	0.688973	0.00106054	-0.385037	0.0558952	-0.0572663	-0.996793	0.168863	
-0.686655	0.722528	-0.0803649	-0.554145	0.724828	0.68893	0.000803223	-0.385131	0.0559461	-0.0576992	-0.996765	0.169028	
-0.686606	0.722535	-0.0807208	-0.554299	0.72487	0.688886	0.000542818	-0.385227	0.0559996	-0.0581394	-0.996737	0.169196	
-0.686557	0.722542	-0.0810755	-0.554453	0.724912	0.688841	0.000280966	-0.385323	0.0560511	-0.0585797	-0.996708	0.169363	
-0.686509	0.722548	-0.0814169	-0.554602	0.724954	0.688798	2.89234e-05	-0.385415	0.0561007	-0.0590036	-0.99668	0.169523	
-0.686461	0.722555	-0.0817646	-0.554752	0.724995	0.688754	-0.000227632	-0.385509	0.0561512	-0.0594352	-0.996652	0.169687	
-0.686412	0.722561	-0.0821183	-0.554905	0.725038	0.688709	-0.000488548	-0.385605	0.0562026	-0.0598742	-0.996622	0.169855	
-0.686364	0.722568	-0.0824661	-0.555056	0.725079	0.688665	-0.000744975	-0.385698	0.0562532	-0.0603058	-0.996594	0.170019	
-0.686316	0.722574	-0.0828117	-0.555205	0.725121	0.688621	-0.00099991	-0.385791	0.0563034	-0.0607348	-0.996565	0.170183	
-0.686268	0.72258	-0.0831563	-0.555354	0.725162	0.688577	-0.00125404	-0.385884	0.0563533	-0.0611624	-0.996536	0.170346	
-0.686219	0.722585	-0.0835071	-0.555506	0.725204	0.688532	-0.00151264	-0.385979	0.0564043	-0.0615977	-0.996506	0.170512	
-0.686169	0.722591	-0.0838689	-0.555662	0.725248	0.688485	-0.00177945	-0.386076	0.0564567	-0.0620468	-0.996475	0.170684	
-0.686119	0.722597	-0.0842267	-0.555817	0.725291	0.688439	-0.00204338	-0.386173	0.0565084	-0.0624909	-0.996445	0.170853	
-0.686069	0.722602	-0.0845864	-0.555973	0.725335	0.688393	-0.00230873	-0.38627	0.0565604	-0.0629374	-0.996413	0.171023	
-0.686021	0.722608	-0.08493	-0.556121	0.725376	0.688348	-0.00256211	-0.386362	0.05661	-0.0633638	-0.996384	0.171185	
-0.685972	0.722613	-0.0852827	-0.556273	0.725418	0.688302	-0.00282206	-0.386457	0.0566611	-0.0638015	-0.996353	0.171353	
-0.685922	0.722618	-0.0856406	-0.556428	0.725461	0.688256	-0.00308586	-0.386553	0.0567128	-0.0642456	-0.996321	0.171523	
-0.685873	0.722622	-0.0859923	-0.556579	0.725504	0.68821	-0.00334505	-0.386647	0.0567635	-0.064682	-0.99629	0.17169	
-0.685824	0.722627	-0.086343	-0.556731	0.725546	0.688164	-0.0036035	-0.386741	0.0568142	-0.0651172	-0.996259	0.171857	
-0.685775	0.722631	-0.0866998	-0.556884	0.725589	0.688118	-0.00386631	-0.386837	0.0568657	-0.0655598	-0.996227	0.172027	
-0.685722	0.722635	-0.0870813	-0.557048	0.725634	0.688068	-0.004145	-0.386938	0.0569225	-0.0660314	-0.996193	0.172208	
-0.68567	0.72264	-0.0874523	-0.557208	0.725679	0.688019	-0.00441847	-0.387038	0.0569759	-0.0664919	-0.996159	0.172384	
-0.685621	0.722644	-0.0878069	-0.557362	0.725722	0.687972	-0.00468005	-0.387133	0.0570267	-0.0669321	-0.996127	0.172552	
-0.685571	0.722648	-0.0881586	-0.557513	0.725764	0.687926	-0.00493906	-0.387227	0.0570774	-0.0673685	-0.996094	0.17272	
-0.685521	0.722651	-0.0885175	-0.557667	0.725808	0.687878	-0.00520328	-0.387323	0.0571291	-0.0678136	-0.996061	0.172891	
-0.68547	0.722655	-0.0888875	-0.557825	0.725852	0.687829	-0.00547573	-0.387422	0.0571824	-0.0682727	-0.996027	0.173068	
-0.68542	0.722658	-0.0892422	-0.557978	0.725895	0.687782	-0.00573704	-0.387517	0.0572332	-0.0687127	-0.995993	0.173237	
-0.68537	0.722662	-0.089598	-0.558131	0.725938	0.687734	-0.00599907	-0.387612	0.0572843	-0.0691542	-0.99596	0.173406	
-0.68532	0.722664	-0.089961	-0.558286	0.725982	0.687685	-0.00626613	-0.387708	0.0573366	-0.0696043	-0.995926	0.17358	
-0.685268	0.722667	-0.0903342	-0.558446	0.726027	0.687636	-0.00654059	-0.387807	0.0573904	-0.0700671	-0.99589	0.17376	
-0.685216	0.72267	-0.0907064	-0.558605	0.726071	0.687585	-0.00681445	-0.387906	0.0574438	-0.0705287	-0.995854	0.173938	
-0.685166	0.722673	-0.0910591	-0.558757	0.726114	0.687538	-0.00707408	-0.388	0.0574943	-0.0709662	-0.99582	0.174107	
-0.685117	0.722675	-0.0914098	-0.558907	0.726156	0.68749	-0.00733211	-0.388093	0.0575446	-0.0714011	-0.995786	0.174275	
-0.685068	0.722677	-0.0917647	-0.559058	0.726199	0.687442	-0.00759303	-0.388187	0.0575957	-0.0718412	-0.995752	0.174446	
-0.685018	0.722679	-0.0921226	-0.55921	0.726242	0.687394	-0.0078561	-0.388282	0.0576471	-0.0722849	-0.995717	0.174618	
-0.684967	0.722681	-0.0924814	-0.559364	0.726286	0.687345	-0.00812012	-0.388377	0.0576984	-0.0727299	-0.995681	0.17479	
-0.684919	0.722682	-0.0928229	-0.55951	0.726327	0.687298	-0.00837142	-0.388468	0.0577472	-0.0731535	-0.995647	0.174954	
-0.684869	0.722684	-0.0931788	-0.559662	0.72637	0.68725	-0.00863318	-0.388562	0.0577981	-0.0735949	-0.995612	0.175125	
-0.684818	0.722685	-0.093544	-0.559817	0.726414	0.6872	-0.00890137	-0.388658	0.0578505	-0.0740475	-0.995575	0.175301	
-0.684767	0.722686	-0.0939099	-0.559974	0.726458	0.68715	-0.00917044	-0.388755	0.0579028	-0.0745012	-0.995538	0.175477	
-0.684716	0.722687	-0.0942697	-0.560127	0.726502	0.6871	-0.00943511	-0.388851	0.0579541	-0.0749475	-0.995502	0.17565	
-0.684667	0.722687	-0.0946256	-0.560279	0.726544	0.687051	-0.00969453	-0.388944	0.0580066	-0.0753872	-0.995466	0.175821	
-0.684616	0.722688	-0.0949876	-0.560433	0.726588	0.687001	-0.0099606	-0.38904	0.0580582	-0.075836	-0.995429	0.175995	
-0.684565	0.722689	-0.0953525	-0.560589	0.726632	0.686951	-0.0102289	-0.389136	0.0581102	-0.0762885	-0.995391	0.176171	
-0.684514	0.722689	-0.0957113	-0.560742	0.726676	0.686901	-0.0104927	-0.389231	0.0581612	-0.0767334	-0.995354	0.176344	
-0.684464	0.722689	-0.096068	-0.560895	0.726719	0.686851	-0.010755	-0.389325	0.0582119	-0.0771759	-0.995317	0.176515	
-0.684412	0.72269	-0.0964339	-0.561051	0.726763	0.686799	-0.011024	-0.389422	0.0582638	-0.0776296	-0.995278	0.176691	
-0.684359	0.722689	-0.0968101	-0.561211	0.726809	0.686747	-0.0113004	-0.389521	0.0583173	-0.078096	-0.995239	0.176873	
-0.684308	0.722689	-0.0971729	-0.561365	0.726853	0.686696	-0.0115671	-0.389617	0.0583688	-0.0785459	-0.9952	0.177048	
-0.684257	0.722689	-0.0975347	-0.56152	0.726897	0.686644	-0.0118331	-0.389712	0.0584201	-0.0789946	-0.995162	0.177222	
-0.684206	0.722688	-0.0978966	-0.561674	0.726941	0.686593	-0.0120989	-0.389807	0.0584714	-0.0794431	-0.995123	0.177397	
-0.684156	0.722688	-0.0982533	-0.561825	0.726984	0.686543	-0.0123611	-0.389901	0.0585219	-0.0798855	-0.995085	0.17757	
-0.684105	0.722687	-0.0986099	-0.561977	0.727028	0.686492	-0.0126231	-0.389995	0.0585724	-0.0803277	-0.995046	0.177742	
-0.684055	0.722686	-0.0989678	-0.562129	0.727071	0.686441	-0.0128859	-0.390089	0.0586231	-0.0807713	-0.995007	0.177915	
-0.684003	0.722684	-0.0993326	-0.562284	0.727116	0.686389	-0.013154	-0.390185	0.0586746	-0.0812237	-0.994967	0.178091	
-0.683952	0.722683	-0.0996925	-0.562437	0.727159	0.686338	-0.0134182	-0.39028	0.0587256	-0.0816697	-0.994928	0.178266	
-0.683901	0.722681	-0.100056	-0.562592	0.727204	0.686285	-0.0136855	-0.390375	0.0587769	-0.0821208	-0.994888	0.178442	
-0.68385	0.72268	-0.100412	-0.562743	0.727247	0.686234	-0.0139468	-0.390469	0.0588271	-0.0825618	-0.994848	0.178614	
-0.6838	0.722677	-0.100771	-0.562894	0.72729	0.686184	-0.0142079	-0.390562	0.0588798	-0.0830051	-0.994808	0.178788	
-0.683748	0.722675	-0.101145	-0.563051	0.727335	0.68613	-0.014482	-0.390659	0.0589331	-0.0834686	-0.994766	0.178972	
-0.683696	0.722672	-0.101509	-0.563205	0.727379	0.686077	-0.0147492	-0.390754	0.0589844	-0.0839196	-0.994725	0.179149	
-0.683645	0.72267	-0.101867	-0.563358	0.727423	0.686025	-0.0150119	-0.390848	0.0590347	-0.0843631	-0.994685	0.179322	
-0.683596	0.722668	-0.102216	-0.563506	0.727465	0.685974	-0.0152686	-0.39094	0.0590837	-0.0847965	-0.994645	0.179491	
-0.683543	0.722665	-0.102585	-0.563662	0.72751	0.685921	-0.0155394	-0.391036	0.0591357	-0.0852538	-0.994603	0.179671	
-0.683491	0.722662	-0.102957	-0.56382	0.727556	0.685866	-0.0158124	-0.391133	0.059188	-0.0857148	-0.99456	0.179851	
-0.68344	0.722659	-0.103315	-0.563972	0.7276	0.685814	-0.016075	-0.391227	0.059238	-0.0861581	-0.994519	0.180024	
-0.683389	0.722656	-0.103672	-0.564123	0.727643	0.685761	-0.0163368	-0.39132	0.0592881	-0.0866004	-0.994477	0.180198	
-0.683339	0.722653	-0.104026	-0.564273	0.727686	0.685709	-0.016597	-0.391413	0.059338	-0.0870399	-0.994436	0.180371	
-0.683286	0.722649	-0.104401	-0.56443	0.727732	0.685654	-0.0168717	-0.39151	0.059391	-0.0875044	-0.994392	0.180555	
-0.683234	0.722645	-0.104768	-0.564584	0.727776	0.6856	-0.0171401	-0.391605	0.0594425	-0.087958	-0.994349	0.180734	
-0.683185	0.72264	-0.10512	-0.564732	0.727818	0.685549	-0.0173988	-0.391697	0.0594919	-0.0883949	-0.994307	0.180906	
-0.683134	0.722636	-0.105476	-0.564882	0.727861	0.685497	-0.0176576	-0.391789	0.0595435	-0.0888344	-0.994265	0.181079	
-0.683083	0.722631	-0.105842	-0.565036	0.727906	0.685443	-0.0179256	-0.391884	0.0595951	-0.0892877	-0.994221	0.181259	
-0.68303	0.722626	-0.106212	-0.565191	0.727951	0.685388	-0.0181967	-0.39198	0.0596469	-0.089746	-0.994177	0.18144	
-0.682979	0.722622	-0.106568	-0.565342	0.727994	0.685335	-0.0184576	-0.392072	0.0596966	-0.0901867	-0.994134	0.181614	
-0.682931	0.722618	-0.106906	-0.565484	0.728036	0.685284	-0.0187056	-0.39216	0.0597439	-0.090606	-0.994093	0.181779	
-0.682882	0.722612	-0.107257	-0.56563	0.728078	0.685232	-0.0189622	-0.39225	0.0597936	-0.0910403	-0.994051	0.181953	
-0.682832	0.722607	-0.10761	-0.565776	0.72812	0.68518	-0.0192201	-0.39234	0.0598437	-0.0914772	-0.994007	0.182129	
-0.682782	0.722601	-0.107963	-0.565923	0.728163	0.685127	-0.0194781	-0.39243	0.0598934	-0.0919139	-0.993964	0.182303	
-0.682734	0.722596	-0.108303	-0.566066	0.728205	0.685076	-0.0197276	-0.392518	0.0599409	-0.0923356	-0.993922	0.18247	
-0.682686	0.722591	-0.10864	-0.566208	0.728246	0.685025	-0.0199741	-0.392606	0.0599877	-0.0927524	-0.993881	0.182635	
-0.682635	0.722585	-0.108992	-0.566355	0.728289	0.684972	-0.0202322	-0.392696	0.0600372	-0.0931891	-0.993837	0.182809	
-0.682585	0.722579	-0.109348	-0.566503	0.728332	0.684918	-0.0204926	-0.392788	0.060087	-0.0936297	-0.993792	0.182985	
-0.682535	0.722574	-0.109696	-0.566649	0.728374	0.684865	-0.0207472	-0.392878	0.0601354	-0.0940602	-0.993749	0.183155	
-0.682487	0.722568	-0.110031	-0.56679	0.728415	0.684814	-0.0209927	-0.392964	0.0601822	-0.0944756	-0.993706	0.18332	
-0.682438	0.722561	-0.110379	-0.566934	0.728458	0.684761	-0.021247	-0.393053	0.0602309	-0.094906	-0.993662	0.183493	
-0.682388	0.722555	-0.110734	-0.567081	0.728501	0.684707	-0.0215063	-0.393143	0.0602808	-0.0953452	-0.993617	0.183669	
-0.682338	0.722548	-0.111084	-0.567227	0.728543	0.684654	-0.0217619	-0.393233	0.0603297	-0.0957781	-0.993573	0.183843	
-0.682288	0.722541	-0.111433	-0.567373	0.728586	0.6846	-0.0220179	-0.393323	0.0603783	-0.096211	-0.993528	0.184015	
-0.682238	0.722535	-0.11178	-0.567519	0.728629	0.684547	-0.0222723	-0.393412	0.0604264	-0.0966415	-0.993483	0.184186	
-0.682187	0.722528	-0.112138	-0.567669	0.728673	0.684491	-0.0225343	-0.393505	0.0604759	-0.0970845	-0.993437	0.184361	
-0.682136	0.722521	-0.11249	-0.567817	0.728716	0.684437	-0.0227925	-0.393596	0.0605245	-0.0975211	-0.993391	0.184534	
-0.682087	0.722514	-0.11283	-0.56796	0.728758	0.684384	-0.0230409	-0.393683	0.0605714	-0.0979414	-0.993347	0.184701	
-0.682038	0.722506	-0.113175	-0.568104	0.728799	0.684331	-0.0232916	-0.393771	0.060621	-0.0983679	-0.993302	0.184871	
-0.681988	0.722499	-0.113526	-0.568251	0.728843	0.684276	-0.0235503	-0.393862	0.0606677	-0.0988033	-0.993256	0.185044	
-0.681939	0.722491	-0.11387	-0.568395	0.728885	0.684223	-0.0238002	-0.39395	0.0607171	-0.0992285	-0.99321	0.185214	
-0.681889	0.722484	-0.114211	-0.568537	0.728927	0.684168	-0.0240521	-0.394038	0.0607625	-0.0996526	-0.993165	0.185383	
-0.68184	0.722475	-0.114557	-0.568681	0.728969	0.684115	-0.0243026	-0.394125	0.0608121	-0.100079	-0.993119	0.185554	
-0.68179	0.722467	-0.114905	-0.568825	0.729011	0.684061	-0.0245566	-0.394214	0.0608604	-0.100509	-0.993073	0.185727	
-0.68174	0.722459	-0.115255	-0.568971	0.729054	0.684006	-0.0248128	-0.394303	0.0609089	-0.100943	-0.993026	0.185901	
-0.681691	0.72245	-0.1156	-0.569116	0.729097	0.683951	-0.0250655	-0.394392	0.0609564	-0.101371	-0.992979	0.186071	
-0.681641	0.722442	-0.115944	-0.569259	0.729139	0.683897	-0.0253167	-0.39448	0.0610036	-0.101796	-0.992933	0.186241	
-0.681592	0.722434	-0.116284	-0.569401	0.729181	0.683843	-0.0255657	-0.394567	0.0610504	-0.102217	-0.992887	0.186409	
-0.681542	0.722425	-0.116633	-0.569547	0.729224	0.683787	-0.0258213	-0.394656	0.0610985	-0.10265	-0.992839	0.186582	
-0.681492	0.722416	-0.116976	-0.56969	0.729267	0.683733	-0.0260717	-0.394744	0.0611454	-0.103074	-0.992793	0.186751	
-0.681443	0.722408	-0.117314	-0.569832	0.729308	0.683679	-0.0263192	-0.394831	0.0611917	-0.103493	-0.992746	0.186918	
-0.681395	0.722399	-0.117648	-0.569971	0.72935	0.683625	-0.0265636	-0.394916	0.0612375	-0.103907	-0.9927	0.187083	
-0.681346	0.72239	-0.117985	-0.570111	0.729391	0.683571	-0.0268101	-0.395002	0.0612838	-0.104324	-0.992653	0.187251	
-0.681295	0.72238	-0.118345	-0.570261	0.729435	0.683514	-0.027073	-0.395094	0.0613331	-0.104769	-0.992603	0.187429	
-0.681243	0.72237	-0.118698	-0.570408	0.729479	0.683457	-0.0273315	-0.395184	0.0613814	-0.105207	-0.992554	0.187604	
-0.681194	0.72236	-0.11904	-0.570551	0.729522	0.683401	-0.0275818	-0.395272	0.0614281	-0.105631	-0.992506	0.187773	
-0.681145	0.722351	-0.119379	-0.570693	0.729563	0.683347	-0.0278298	-0.395358	0.0614745	-0.106051	-0.992459	0.187942	
-0.681096	0.722341	-0.119719	-0.570834	0.729605	0.683292	-0.0280784	-0.395445	0.0615211	-0.106472	-0.992411	0.188111	
-0.681045	0.72233	-0.120068	-0.570979	0.729648	0.683235	-0.028333	-0.395533	0.0615688	-0.106903	-0.992361	0.188284	
-0.680996	0.72232	-0.120407	-0.57112	0.72969	0.68318	-0.0285808	-0.39562	0.061615	-0.107323	-0.992313	0.188453	
-0.680949	0.72231	-0.120732	-0.571255	0.729731	0.683127	-0.0288184	-0.395702	0.0616594	-0.107726	-0.992267	0.188614	
-0.680901	0.722299	-0.121068	-0.571394	0.729771	0.683073	-0.0290618	-0.395787	0.0617071	-0.10814	-0.992219	0.188781	
-0.680851	0.722288	-0.121415	-0.571537	0.729814	0.683017	-0.0293153	-0.395875	0.0617547	-0.10857	-0.992169	0.188955	
-0.680801	0.722277	-0.121763	-0.571681	0.729857	0.68296	-0.0295689	-0.395962	0.0618022	-0.109	-0.992119	0.189129	
-0.680751	0.722266	-0.122102	-0.571822	0.729899	0.682905	-0.0298166	-0.396048	0.0618484	-0.10942	-0.99207	0.189298	
-0.680705	0.722256	-0.122422	-0.571954	0.729938	0.682852	-0.0300503	-0.39613	0.0618919	-0.109816	-0.992023	0.189457	
-0.680658	0.722245	-0.12275	-0.572089	0.729979	0.682799	-0.0302895	-0.396212	0.061937	-0.110222	-0.991975	0.189623	
-0.680611	0.722233	-0.123076	-0.572222	0.730018	0.682745	-0.0305271	-0.396293	0.061982	-0.110625	-0.991928	0.189788	
-0.680565	0.722222	-0.123399	-0.572355	0.730058	0.682692	-0.0307626	-0.396374	0.0620264	-0.111025	-0.99188	0.189951	
-0.680518	0.722211	-0.123722	-0.572487	0.730098	0.682639	-0.0309981	-0.396455	0.0620706	-0.111424	-0.991833	0.190113	
-0.680472	0.7222	-0.124037	-0.572617	0.730137	0.682587	-0.0312279	-0.396535	0.0621134	-0.111814	-0.991786	0.190271	
-0.680425	0.722188	-0.124361	-0.57275	0.730177	0.682534	-0.0314641	-0.396616	0.0621577	-0.112215	-0.991738	0.190434	
-0.680378	0.722176	-0.124692	-0.572886	0.730217	0.682479	-0.0317055	-0.396699	0.062203	-0.112624	-0.991689	0.190601	
-0.68033	0.722164	-0.125018	-0.573021	0.730257	0.682425	-0.0319433	-0.396781	0.0622473	-0.113027	-0.99164	0.190764	
-0.680284	0.722153	-0.125339	-0.573153	0.730297	0.682371	-0.0321775	-0.396862	0.0622907	-0.113425	-0.991592	0.190925	
-0.680238	0.722141	-0.125655	-0.573284	0.730336	0.682318	-0.0324079	-0.396941	0.0623334	-0.113815	-0.991545	0.191083	
-0.680191	0.722129	-0.125972	-0.573415	0.730376	0.682265	-0.0326397	-0.397021	0.0623766	-0.114209	-0.991497	0.191242	
-0.680144	0.722116	-0.126303	-0.57355	0.730416	0.68221	-0.0328802	-0.397104	0.0624217	-0.114617	-0.991447	0.191409	
-0.680097	0.722104	-0.126625	-0.573682	0.730456	0.682156	-0.0331148	-0.397184	0.0624654	-0.115015	-0.991398	0.191572	
-0.68005	0.722092	-0.126945	-0.573814	0.730496	0.682103	-0.0333487	-0.397265	0.0625089	-0.115412	-0.991349	0.191733	
-0.680004	0.722079	-0.127268	-0.573946	0.730536	0.682048	-0.0335841	-0.397345	0.0625528	-0.115811	-0.9913	0.191896	
-0.679955	0.722066	-0.127601	-0.574083	0.730577	0.681992	-0.0338269	-0.397429	0.062598	-0.116223	-0.991248	0.192064	
-0.679907	0.722052	-0.127934	-0.574219	0.730617	0.681937	-0.0340668	-0.397511	0.0626446	-0.116633	-0.991197	0.192231	
-0.67986	0.722039	-0.128255	-0.574352	0.730657	0.681882	-0.0343015	-0.397592	0.0626878	-0.117031	-0.991148	0.192392	
-0.679813	0.722027	-0.128574	-0.574484	0.730698	0.681827	-0.0345362	-0.397673	0.0627289	-0.117427	-0.991098	0.192552	
-0.679766	0.722013	-0.128896	-0.574617	0.730737	0.681773	-0.0347694	-0.397753	0.0627741	-0.117825	-0.991048	0.192714	
-0.67972	0.722	-0.129216	-0.574748	0.730777	0.681718	-0.0350026	-0.397834	0.0628171	-0.11822	-0.990999	0.192874	
-0.679674	0.721987	-0.12953	-0.574877	0.730816	0.681665	-0.0352313	-0.397912	0.0628593	-0.118608	-0.990949	0.193032	
-0.679628	0.721974	-0.129845	-0.575007	0.730855	0.681611	-0.0354614	-0.397991	0.0629017	-0.118999	-0.9909	0.193191	
-0.679582	0.72196	-0.130161	-0.575137	0.730895	0.681557	-0.0356915	-0.39807	0.0629442	-0.119389	-0.99085	0.19335	
-0.679534	0.721946	-0.130488	-0.575271	0.730935	0.6815	-0.0359296	-0.398152	0.0629882	-0.119794	-0.990799	0.193515	
-0.679485	0.721932	-0.130822	-0.575407	0.730977	0.681443	-0.0361728	-0.398235	0.0630332	-0.120206	-0.990746	0.193684	
-0.679437	0.721918	-0.131146	-0.575541	0.731017	0.681387	-0.0364097	-0.398316	0.0630765	-0.120608	-0.990694	0.193847	
-0.679391	0.721904	-0.131463	-0.575672	0.731057	0.681332	-0.0366406	-0.398396	0.0631187	-0.121	-0.990644	0.194006	
