-0.704633	0.706611	-0.0647558	-0.412126	0.707933	0.706271	0.00347794	-0.47809	0.0481927	-0.0433921	-0.997895	0.316657	
-0.704633	0.706611	-0.0647566	-0.412126	0.707933	0.706271	0.00347688	-0.47809	0.0481925	-0.0433934	-0.997895	0.316657	
-0.704632	0.706611	-0.0647631	-0.412128	0.707934	0.70627	0.00346926	-0.478091	0.0481916	-0.0434035	-0.997895	0.316662	
-0.70463	0.706612	-0.0647821	-0.412131	0.707937	0.706267	0.00344738	-0.478095	0.0481894	-0.0434325	-0.997893	0.316676	
-0.704628	0.706613	-0.0647929	-0.412133	0.707939	0.706265	0.00343681	-0.478096	0.0481895	-0.0434477	-0.997893	0.316685	
-0.704625	0.706614	-0.0648081	-0.412137	0.707941	0.706263	0.00341851	-0.478099	0.0481871	-0.0434716	-0.997892	0.316696	
-0.704623	0.706615	-0.0648254	-0.412142	0.707944	0.70626	0.00339702	-0.478104	0.048184	-0.0434992	-0.997891	0.316708	
-0.70462	0.706616	-0.0648376	-0.412146	0.707947	0.706257	0.00338098	-0.478108	0.0481811	-0.0435193	-0.99789	0.316717	
-0.704618	0.706618	-0.0648504	-0.412151	0.70795	0.706255	0.00336405	-0.478113	0.048178	-0.0435405	-0.997889	0.316725	
-0.704614	0.706619	-0.0648665	-0.412156	0.707953	0.706252	0.0033431	-0.478118	0.0481743	-0.0435668	-0.997888	0.316737	
-0.704612	0.706621	-0.064882	-0.412161	0.707956	0.706249	0.00332327	-0.478123	0.0481711	-0.043592	-0.997887	0.316748	
-0.704608	0.706622	-0.0649045	-0.412167	0.70796	0.706245	0.00329633	-0.478128	0.0481677	-0.0436271	-0.997886	0.316764	
-0.704605	0.706623	-0.0649297	-0.412172	0.707964	0.706241	0.00326646	-0.478134	0.0481642	-0.0436663	-0.997885	0.316783	
-0.704601	0.706625	-0.0649531	-0.412178	0.707967	0.706238	0.00323866	-0.478139	0.0481609	-0.0437027	-0.997883	0.316801	
-0.704598	0.706625	-0.0649779	-0.412183	0.70797	0.706235	0.00321316	-0.478143	0.0481601	-0.0437384	-0.997882	0.316818	
-0.704595	0.706626	-0.0650002	-0.412187	0.707973	0.706232	0.00318757	-0.478147	0.0481576	-0.0437725	-0.99788	0.316835	
-0.704593	0.706627	-0.0650192	-0.412191	0.707976	0.706229	0.00316572	-0.478151	0.0481555	-0.0438015	-0.997879	0.31685	
-0.70459	0.706628	-0.0650375	-0.412194	0.707979	0.706227	0.00314489	-0.478154	0.0481535	-0.0438293	-0.997878	0.316864	
-0.704588	0.706628	-0.0650576	-0.412198	0.707981	0.706225	0.00312226	-0.478157	0.0481516	-0.0438597	-0.997877	0.31688	
-0.704586	0.706628	-0.0650754	-0.4122	0.707983	0.706223	0.00310276	-0.47816	0.0481502	-0.0438862	-0.997876	0.316894	
-0.704584	0.706629	-0.0650941	-0.412203	0.707985	0.70622	0.0030821	-0.478163	0.0481487	-0.0439141	-0.997874	0.316908	
-0.704582	0.706629	-0.0651131	-0.412205	0.707987	0.706219	0.00306186	-0.478165	0.0481477	-0.0439419	-0.997873	0.316924	
-0.704581	0.706629	-0.0651298	-0.412207	0.707989	0.706217	0.00304461	-0.478166	0.0481472	-0.043966	-0.997872	0.316937	
-0.704579	0.706629	-0.0651466	-0.412208	0.70799	0.706216	0.00302728	-0.478167	0.0481467	-0.0439902	-0.997871	0.316951	
-0.704578	0.706629	-0.0651633	-0.412209	0.707992	0.706214	0.00301007	-0.478169	0.0481463	-0.0440143	-0.99787	0.316965	
-0.704576	0.706628	-0.0651794	-0.41221	0.707993	0.706213	0.00299379	-0.47817	0.048146	-0.0440372	-0.997869	0.316978	
-0.704575	0.706628	-0.0651961	-0.412212	0.707994	0.706212	0.00297955	-0.47817	0.0481477	-0.0440591	-0.997868	0.31699	
-0.704575	0.706628	-0.0652087	-0.412212	0.707995	0.706212	0.00296705	-0.478171	0.0481477	-0.0440769	-0.997867	0.317001	
-0.704574	0.706627	-0.0652193	-0.412213	0.707996	0.706211	0.0029562	-0.478172	0.0481475	-0.0440921	-0.997867	0.31701	
-0.704573	0.706627	-0.0652307	-0.412214	0.707997	0.70621	0.00294428	-0.478173	0.048147	-0.0441087	-0.997866	0.317019	
-0.704572	0.706627	-0.0652411	-0.412215	0.707998	0.706209	0.00293328	-0.478174	0.0481466	-0.0441238	-0.997865	0.317027	
-0.70457	0.706628	-0.0652542	-0.412217	0.707999	0.706207	0.00291946	-0.478175	0.0481459	-0.0441429	-0.997864	0.317038	
-0.704569	0.706628	-0.0652671	-0.412218	0.708001	0.706206	0.00290749	-0.478175	0.0481465	-0.0441606	-0.997864	0.317048	
-0.704568	0.706628	-0.0652796	-0.412219	0.708002	0.706205	0.00289486	-0.478176	0.0481464	-0.0441784	-0.997863	0.317059	
-0.704567	0.706628	-0.0652904	-0.412219	0.708002	0.706204	0.00288411	-0.478177	0.0481463	-0.0441937	-0.997862	0.317068	
-0.704566	0.706628	-0.0653017	-0.41222	0.708003	0.706203	0.00287221	-0.478178	0.0481459	-0.0442102	-0.997861	0.317077	
-0.704565	0.706628	-0.0653105	-0.412221	0.708004	0.706202	0.00286306	-0.478179	0.0481455	-0.0442229	-0.997861	0.317084	
-0.704564	0.706628	-0.0653192	-0.412222	0.708005	0.706202	0.00285392	-0.478179	0.0481452	-0.0442356	-0.99786	0.317091	
-0.704564	0.706628	-0.065327	-0.412223	0.708006	0.706201	0.00284571	-0.47818	0.0481449	-0.0442469	-0.99786	0.317097	
-0.704563	0.706628	-0.0653358	-0.412224	0.708007	0.7062	0.00283658	-0.478181	0.0481445	-0.0442596	-0.997859	0.317105	
-0.704562	0.706628	-0.0653453	-0.412225	0.708008	0.706199	0.00282639	-0.478182	0.048144	-0.0442736	-0.997859	0.317112	
-0.704561	0.706628	-0.0653557	-0.412226	0.708009	0.706198	0.00281533	-0.478183	0.0481435	-0.0442889	-0.997858	0.317121	
-0.70456	0.706628	-0.0653652	-0.412227	0.70801	0.706197	0.0028052	-0.478184	0.048143	-0.0443028	-0.997857	0.317128	
-0.704559	0.706628	-0.0653738	-0.412228	0.708011	0.706196	0.00279592	-0.478185	0.0481424	-0.0443154	-0.997857	0.317135	
-0.704558	0.706628	-0.065384	-0.41223	0.708011	0.706196	0.00278781	-0.478186	0.0481439	-0.0443284	-0.997856	0.317142	
-0.704557	0.706628	-0.0653933	-0.412231	0.708012	0.706195	0.00277759	-0.478187	0.0481431	-0.0443423	-0.997856	0.317149	
-0.704556	0.706628	-0.0654017	-0.412233	0.708013	0.706194	0.00276819	-0.478189	0.0481423	-0.0443549	-0.997855	0.317156	
-0.704555	0.706628	-0.0654128	-0.412234	0.708015	0.706192	0.0027559	-0.47819	0.0481414	-0.0443715	-0.997854	0.317164	
-0.704554	0.706629	-0.0654228	-0.412236	0.708016	0.706191	0.00274467	-0.478192	0.0481404	-0.0443866	-0.997854	0.317172	
-0.704552	0.706629	-0.0654319	-0.412238	0.708017	0.70619	0.00273428	-0.478194	0.0481394	-0.0444004	-0.997853	0.317179	
-0.704551	0.706629	-0.0654418	-0.41224	0.708019	0.706188	0.00272282	-0.478196	0.0481383	-0.0444156	-0.997853	0.317187	
-0.70455	0.70663	-0.0654522	-0.412242	0.70802	0.706187	0.00271033	-0.478198	0.0481366	-0.0444319	-0.997852	0.317194	
-0.704548	0.706631	-0.0654609	-0.412244	0.708022	0.706185	0.00269961	-0.4782	0.0481352	-0.0444458	-0.997851	0.317201	
-0.704547	0.706631	-0.0654697	-0.412247	0.708023	0.706184	0.00268892	-0.478203	0.0481337	-0.0444596	-0.997851	0.317207	
-0.704544	0.706633	-0.0654799	-0.41225	0.708026	0.706181	0.00267639	-0.478205	0.0481319	-0.0444758	-0.99785	0.317215	
-0.704542	0.706634	-0.0654918	-0.412253	0.708028	0.706179	0.00266175	-0.478208	0.0481299	-0.0444947	-0.99785	0.317223	
-0.70454	0.706634	-0.0655012	-0.412256	0.70803	0.706177	0.00264984	-0.478211	0.048128	-0.0445099	-0.997849	0.31723	
-0.704539	0.706635	-0.0655104	-0.41226	0.708032	0.706176	0.0026379	-0.478214	0.0481258	-0.0445249	-0.997848	0.317236	
-0.704537	0.706636	-0.0655202	-0.412263	0.708034	0.706174	0.00262495	-0.478217	0.0481235	-0.0445412	-0.997848	0.317243	
-0.704535	0.706637	-0.0655284	-0.412266	0.708036	0.706172	0.00261387	-0.47822	0.0481214	-0.0445549	-0.997847	0.317249	
-0.704534	0.706638	-0.0655382	-0.412269	0.708037	0.70617	0.00260059	-0.478224	0.0481188	-0.0445713	-0.997847	0.317255	
-0.704532	0.706639	-0.0655478	-0.412273	0.708039	0.706168	0.00258757	-0.478228	0.0481163	-0.0445874	-0.997846	0.317262	
-0.70453	0.70664	-0.0655561	-0.412276	0.708041	0.706166	0.00257643	-0.478231	0.0481141	-0.0446012	-0.997846	0.317267	
-0.704528	0.706641	-0.0655657	-0.41228	0.708043	0.706164	0.00256336	-0.478235	0.0481115	-0.0446174	-0.997845	0.317274	
-0.704526	0.706642	-0.0655754	-0.412284	0.708046	0.706162	0.00255023	-0.478238	0.048109	-0.0446337	-0.997844	0.31728	
-0.704524	0.706643	-0.065586	-0.412288	0.708047	0.70616	0.00253932	-0.478241	0.0481086	-0.044649	-0.997844	0.317286	
-0.704522	0.706644	-0.0655933	-0.412291	0.70805	0.706158	0.00252606	-0.478245	0.0481043	-0.0446637	-0.997843	0.317292	
-0.704521	0.706645	-0.0656042	-0.412294	0.708051	0.706156	0.00251515	-0.478248	0.0481041	-0.0446791	-0.997843	0.317299	
-0.704519	0.706646	-0.0656124	-0.412297	0.708053	0.706155	0.00250406	-0.478251	0.048102	-0.0446929	-0.997842	0.317304	
-0.704517	0.706647	-0.0656215	-0.412301	0.708055	0.706153	0.00249212	-0.478254	0.0480998	-0.0447079	-0.997841	0.31731	
-0.704516	0.706647	-0.0656301	-0.412303	0.708057	0.706151	0.00248125	-0.478257	0.0480981	-0.0447218	-0.997841	0.317316	
-0.704514	0.706648	-0.0656394	-0.412306	0.708059	0.706149	0.0024694	-0.478259	0.0480962	-0.0447369	-0.99784	0.317323	
-0.704512	0.706649	-0.0656496	-0.412309	0.70806	0.706148	0.00245677	-0.478262	0.0480944	-0.0447531	-0.99784	0.31733	
-0.704511	0.70665	-0.0656581	-0.412312	0.708062	0.706146	0.00244578	-0.478265	0.0480925	-0.0447669	-0.997839	0.317336	
-0.704509	0.70665	-0.0656658	-0.412314	0.708064	0.706144	0.00243601	-0.478267	0.048091	-0.0447794	-0.997839	0.317342	
-0.704508	0.706651	-0.0656728	-0.412317	0.708065	0.706143	0.00242701	-0.478269	0.0480894	-0.0447908	-0.997838	0.317347	
-0.704507	0.706652	-0.0656799	-0.412319	0.708066	0.706142	0.0024182	-0.478271	0.0480881	-0.0448021	-0.997838	0.317352	
-0.704505	0.706653	-0.0656899	-0.412322	0.708068	0.70614	0.00240539	-0.478274	0.0480861	-0.0448183	-0.997837	0.317359	
-0.704503	0.706653	-0.0656983	-0.412325	0.70807	0.706138	0.00239444	-0.478277	0.0480841	-0.0448321	-0.997837	0.317365	
-0.7045	0.706656	-0.0657072	-0.412329	0.708073	0.706135	0.00238424	-0.478279	0.048083	-0.0448458	-0.997836	0.31737	
-0.704498	0.706657	-0.0657163	-0.412332	0.708075	0.706133	0.00237225	-0.478282	0.0480808	-0.0448609	-0.997836	0.317377	
-0.704497	0.706658	-0.0657238	-0.412335	0.708077	0.706131	0.00236221	-0.478285	0.0480789	-0.0448733	-0.997835	0.317382	
-0.704495	0.706659	-0.0657313	-0.412338	0.708079	0.70613	0.00235202	-0.478288	0.0480769	-0.0448859	-0.997835	0.317387	
-0.704493	0.706659	-0.0657395	-0.412341	0.708081	0.706128	0.00234094	-0.478291	0.0480747	-0.0448997	-0.997834	0.317392	
-0.704492	0.70666	-0.0657469	-0.412344	0.708082	0.706126	0.0023309	-0.478293	0.0480728	-0.0449121	-0.997834	0.317397	
-0.70449	0.706661	-0.0657542	-0.412347	0.708084	0.706124	0.00232065	-0.478297	0.0480706	-0.0449247	-0.997833	0.317402	
-0.704488	0.706662	-0.065765	-0.41235	0.708086	0.706123	0.00230984	-0.478299	0.0480704	-0.04494	-0.997832	0.317408	
-0.704487	0.706663	-0.065771	-0.412353	0.708087	0.706121	0.00230174	-0.478302	0.0480689	-0.0449501	-0.997832	0.317412	
-0.704486	0.706663	-0.065776	-0.412354	0.708088	0.70612	0.00229148	-0.478305	0.0480651	-0.0449609	-0.997832	0.317417	
-0.704485	0.706663	-0.0657844	-0.412357	0.708089	0.706119	0.00228349	-0.478307	0.0480653	-0.0449726	-0.997831	0.317421	
-0.704484	0.706664	-0.0657904	-0.41236	0.708091	0.706118	0.00227551	-0.478309	0.0480638	-0.0449825	-0.997831	0.317425	
-0.704483	0.706665	-0.0657973	-0.412362	0.708092	0.706116	0.00226655	-0.478312	0.0480622	-0.0449938	-0.99783	0.31743	
-0.704481	0.706666	-0.065805	-0.412365	0.708094	0.706115	0.00225656	-0.478314	0.0480605	-0.0450064	-0.99783	0.317436	
-0.70448	0.706666	-0.065812	-0.412367	0.708095	0.706114	0.00224774	-0.478316	0.0480592	-0.0450177	-0.997829	0.317441	
-0.704479	0.706667	-0.0658201	-0.412369	0.708096	0.706112	0.00223806	-0.478318	0.0480579	-0.0450303	-0.997829	0.317447	
-0.704477	0.706667	-0.0658292	-0.41237	0.708097	0.706111	0.00222765	-0.47832	0.0480569	-0.0450441	-0.997828	0.317454	
-0.704476	0.706667	-0.0658366	-0.412372	0.708098	0.70611	0.00221911	-0.478321	0.0480561	-0.0450555	-0.997828	0.317459	
-0.704476	0.706667	-0.065844	-0.412373	0.708099	0.706109	0.00221068	-0.478322	0.0480553	-0.0450667	-0.997827	0.317465	
-0.704475	0.706668	-0.0658497	-0.412374	0.7081	0.706108	0.00220381	-0.478324	0.0480544	-0.0450757	-0.997827	0.317469	
-0.704474	0.706668	-0.0658553	-0.412376	0.708101	0.706107	0.00219699	-0.478325	0.0480534	-0.0450845	-0.997827	0.317473	
-0.704473	0.706669	-0.0658606	-0.412378	0.708102	0.706106	0.00219013	-0.478327	0.0480523	-0.0450932	-0.997826	0.317477	
-0.704472	0.706669	-0.0658668	-0.41238	0.708104	0.706105	0.00218219	-0.478329	0.048051	-0.0451032	-0.997826	0.317481	
-0.70447	0.70667	-0.065873	-0.412382	0.708105	0.706104	0.00217424	-0.478331	0.0480496	-0.0451133	-0.997826	0.317486	
-0.704469	0.70667	-0.065879	-0.412384	0.708106	0.706103	0.00216614	-0.478333	0.048048	-0.0451233	-0.997825	0.31749	
-0.704468	0.706671	-0.0658856	-0.412387	0.708108	0.706101	0.00215711	-0.478335	0.0480463	-0.0451345	-0.997825	0.317494	
-0.704466	0.706673	-0.0658925	-0.41239	0.70811	0.706099	0.00214825	-0.478337	0.0480448	-0.0451458	-0.997824	0.317499	
-0.704464	0.706673	-0.0659018	-0.412393	0.708111	0.706097	0.00213955	-0.478339	0.048045	-0.0451586	-0.997824	0.317504	
-0.704463	0.706674	-0.0659085	-0.412395	0.708113	0.706096	0.00213042	-0.478342	0.0480433	-0.0451699	-0.997823	0.317509	
-0.704462	0.706675	-0.0659145	-0.412397	0.708114	0.706095	0.00212232	-0.478344	0.0480417	-0.0451799	-0.997823	0.317513	
-0.704461	0.706675	-0.0659213	-0.412399	0.708115	0.706094	0.0021131	-0.478347	0.0480399	-0.0451913	-0.997823	0.317517	
-0.70446	0.706675	-0.0659272	-0.412402	0.708116	0.706093	0.00210512	-0.478349	0.0480383	-0.0452012	-0.997822	0.317521	
-0.704459	0.706676	-0.0659317	-0.412404	0.708117	0.706092	0.00209903	-0.478351	0.0480372	-0.0452087	-0.997822	0.317524	
-0.704458	0.706676	-0.0659362	-0.412405	0.708118	0.706091	0.00209298	-0.478353	0.048036	-0.0452162	-0.997822	0.317527	
-0.704457	0.706677	-0.0659399	-0.412407	0.708119	0.70609	0.002088	-0.478354	0.048035	-0.0452224	-0.997821	0.31753	
-0.704456	0.706677	-0.0659448	-0.412408	0.70812	0.706089	0.00208208	-0.478355	0.0480343	-0.0452301	-0.997821	0.317533	
-0.704455	0.706677	-0.0659504	-0.412409	0.708121	0.706088	0.00207535	-0.478357	0.0480334	-0.0452388	-0.997821	0.317538	
-0.704455	0.706678	-0.0659571	-0.41241	0.708122	0.706087	0.00206785	-0.478358	0.0480327	-0.0452489	-0.99782	0.317543	
-0.704454	0.706678	-0.0659629	-0.412412	0.708123	0.706086	0.00206113	-0.478359	0.0480321	-0.0452578	-0.99782	0.317547	
-0.704453	0.706678	-0.0659694	-0.412413	0.708124	0.706086	0.00205349	-0.47836	0.0480312	-0.0452679	-0.99782	0.317552	
-0.704452	0.706679	-0.0659766	-0.412415	0.708125	0.706084	0.00204486	-0.478362	0.0480301	-0.0452792	-0.997819	0.317557	
-0.704451	0.706679	-0.0659813	-0.412416	0.708126	0.706084	0.00203896	-0.478363	0.0480292	-0.0452867	-0.997819	0.317561	
-0.70445	0.706679	-0.0659861	-0.412417	0.708126	0.706083	0.0020332	-0.478364	0.0480285	-0.0452942	-0.997818	0.317564	
-0.70445	0.706679	-0.0659924	-0.412419	0.708127	0.706082	0.00202842	-0.478365	0.0480295	-0.0453021	-0.997818	0.317568	
-0.704449	0.70668	-0.0659964	-0.41242	0.708128	0.706081	0.00202346	-0.478367	0.0480287	-0.0453084	-0.997818	0.317571	
-0.704448	0.70668	-0.0660005	-0.412421	0.708128	0.706081	0.00201869	-0.478367	0.0480282	-0.0453147	-0.997818	0.317574	
-0.704448	0.70668	-0.0660063	-0.412422	0.708129	0.70608	0.00201201	-0.478369	0.0480275	-0.0453236	-0.997817	0.317578	
-0.704447	0.70668	-0.0660112	-0.412423	0.70813	0.706079	0.00200641	-0.478369	0.0480271	-0.0453311	-0.997817	0.317582	
-0.704446	0.70668	-0.066017	-0.412424	0.708131	0.706079	0.00199974	-0.47837	0.0480264	-0.04534	-0.997817	0.317586	
-0.704445	0.706681	-0.0660242	-0.412426	0.708132	0.706077	0.00199287	-0.478371	0.0480265	-0.04535	-0.997816	0.317592	
-0.704444	0.706682	-0.0660291	-0.412427	0.708133	0.706076	0.00198705	-0.478372	0.0480258	-0.0453576	-0.997816	0.317595	
-0.704442	0.706683	-0.0660332	-0.412428	0.708134	0.706075	0.00198242	-0.478372	0.0480253	-0.0453639	-0.997815	0.317598	
-0.704442	0.706683	-0.0660381	-0.41243	0.708135	0.706074	0.00197661	-0.478374	0.0480246	-0.0453715	-0.997815	0.317602	
-0.704441	0.706683	-0.0660427	-0.412431	0.708136	0.706073	0.00197069	-0.478375	0.0480236	-0.045379	-0.997815	0.317605	
-0.70444	0.706684	-0.0660475	-0.412432	0.708137	0.706072	0.00196498	-0.478376	0.0480229	-0.0453865	-0.997815	0.317609	
-0.704439	0.706684	-0.0660531	-0.412434	0.708138	0.706071	0.00195816	-0.478377	0.048022	-0.0453953	-0.997814	0.317613	
-0.704439	0.706684	-0.066058	-0.412435	0.708139	0.706071	0.00195233	-0.478379	0.0480213	-0.0454029	-0.997814	0.317617	
-0.704438	0.706685	-0.0660645	-0.412436	0.70814	0.70607	0.00194471	-0.47838	0.0480204	-0.045413	-0.997813	0.317621	
-0.704438	0.706684	-0.0660703	-0.412437	0.708139	0.70607	0.00193799	-0.478382	0.0480198	-0.0454218	-0.997813	0.317626	
-0.704437	0.706684	-0.0660759	-0.412438	0.70814	0.706069	0.00193118	-0.478383	0.0480189	-0.0454306	-0.997813	0.31763	
-0.704436	0.706685	-0.0660815	-0.41244	0.708141	0.706068	0.00192436	-0.478384	0.0480179	-0.0454394	-0.997812	0.317634	
-0.704435	0.706685	-0.066088	-0.412441	0.708142	0.706068	0.00191974	-0.478385	0.0480192	-0.0454473	-0.997812	0.317638	
-0.704435	0.706685	-0.0660927	-0.412443	0.708143	0.706067	0.00191385	-0.478387	0.0480183	-0.0454549	-0.997812	0.317641	
-0.704434	0.706685	-0.0660983	-0.412444	0.708144	0.706066	0.00190703	-0.478388	0.0480174	-0.0454637	-0.997811	0.317645	
-0.704433	0.706686	-0.0661022	-0.412445	0.708144	0.706065	0.00190211	-0.478389	0.0480166	-0.04547	-0.997811	0.317648	
-0.704432	0.706686	-0.0661061	-0.412446	0.708145	0.706064	0.00189726	-0.47839	0.0480159	-0.0454762	-0.997811	0.317651	
-0.704432	0.706686	-0.0661107	-0.412448	0.708146	0.706064	0.00189137	-0.478392	0.048015	-0.0454837	-0.99781	0.317654	
-0.704431	0.706687	-0.0661146	-0.412449	0.708147	0.706063	0.00188645	-0.478393	0.0480142	-0.04549	-0.99781	0.317657	
-0.70443	0.706687	-0.0661202	-0.41245	0.708148	0.706062	0.00187963	-0.478394	0.0480133	-0.0454988	-0.99781	0.317661	
-0.704429	0.706687	-0.0661257	-0.412452	0.708149	0.706061	0.00187268	-0.478396	0.0480122	-0.0455077	-0.99781	0.317665	
-0.704428	0.706688	-0.0661312	-0.412453	0.70815	0.70606	0.00186597	-0.478397	0.0480113	-0.0455164	-0.997809	0.317669	
-0.704427	0.706688	-0.0661357	-0.412455	0.708151	0.706059	0.00185987	-0.478399	0.0480101	-0.0455239	-0.997809	0.317672	
-0.704426	0.706689	-0.0661411	-0.412457	0.708152	0.706058	0.00185297	-0.4784	0.0480089	-0.0455327	-0.997809	0.317676	
-0.704424	0.70669	-0.0661449	-0.412459	0.708154	0.706056	0.001848	-0.478401	0.0480079	-0.0455389	-0.997808	0.317678	
-0.704424	0.706691	-0.0661495	-0.41246	0.708154	0.706055	0.00184211	-0.478403	0.048007	-0.0455464	-0.997808	0.317682	
-0.704423	0.706691	-0.0661533	-0.412462	0.708155	0.706054	0.00183702	-0.478404	0.048006	-0.0455528	-0.997808	0.317684	
-0.704422	0.706692	-0.0661571	-0.412463	0.708156	0.706053	0.00183193	-0.478406	0.048005	-0.0455591	-0.997808	0.317687	
-0.704421	0.706692	-0.0661609	-0.412465	0.708157	0.706053	0.00182706	-0.478407	0.0480043	-0.0455653	-0.997807	0.317689	
-0.70442	0.706692	-0.066168	-0.412467	0.708158	0.706052	0.00181826	-0.478409	0.048003	-0.0455766	-0.997807	0.317694	
-0.704419	0.706693	-0.0661734	-0.412468	0.708159	0.70605	0.00181135	-0.47841	0.0480018	-0.0455854	-0.997806	0.317698	
-0.704418	0.706693	-0.0661788	-0.41247	0.70816	0.706049	0.0018045	-0.478412	0.0480007	-0.045594	-0.997806	0.317702	
-0.704417	0.706694	-0.0661842	-0.412472	0.708161	0.706048	0.00179754	-0.478414	0.0479995	-0.0456029	-0.997806	0.317706	
-0.704416	0.706694	-0.0661904	-0.412474	0.708163	0.706047	0.00178954	-0.478416	0.0479982	-0.045613	-0.997805	0.31771	
-0.704415	0.706695	-0.0661948	-0.412475	0.708164	0.706046	0.00178356	-0.478417	0.047997	-0.0456204	-0.997805	0.317713	
-0.704415	0.706694	-0.0661994	-0.412477	0.708164	0.706046	0.00177733	-0.478419	0.0479958	-0.045628	-0.997805	0.317716	
-0.704414	0.706695	-0.0662038	-0.412478	0.708165	0.706045	0.00177134	-0.478421	0.0479947	-0.0456354	-0.997805	0.317719	
-0.704413	0.706695	-0.0662075	-0.41248	0.708166	0.706044	0.00176634	-0.478422	0.0479937	-0.0456416	-0.997804	0.317722	
-0.704412	0.706696	-0.0662121	-0.412481	0.708167	0.706043	0.0017602	-0.478424	0.0479925	-0.0456493	-0.997804	0.317725	
-0.704411	0.706696	-0.0662165	-0.412483	0.708168	0.706042	0.00175421	-0.478426	0.0479913	-0.0456567	-0.997804	0.317728	
-0.704411	0.706697	-0.0662202	-0.412485	0.708168	0.706041	0.00174923	-0.478427	0.0479904	-0.0456629	-0.997804	0.31773	
-0.70441	0.706698	-0.0662255	-0.412487	0.70817	0.70604	0.00174209	-0.478429	0.047989	-0.0456717	-0.997803	0.317734	
-0.704409	0.706698	-0.0662299	-0.412488	0.708171	0.706039	0.00173604	-0.478431	0.0479878	-0.0456792	-0.997803	0.317737	
-0.704408	0.706699	-0.0662344	-0.41249	0.708172	0.706038	0.00173005	-0.478433	0.0479866	-0.0456866	-0.997803	0.31774	
-0.704406	0.7067	-0.0662389	-0.412493	0.708174	0.706036	0.001724	-0.478434	0.0479854	-0.0456943	-0.997802	0.317743	
-0.704405	0.706701	-0.066245	-0.412495	0.708175	0.706035	0.0017161	-0.478436	0.0479841	-0.0457043	-0.997802	0.317747	
-0.704405	0.7067	-0.0662495	-0.412496	0.708175	0.706035	0.00170997	-0.478438	0.0479829	-0.0457117	-0.997802	0.31775	
-0.704404	0.7067	-0.0662556	-0.412498	0.708176	0.706034	0.00170512	-0.478439	0.0479837	-0.0457195	-0.997801	0.317753	
-0.704403	0.706701	-0.0662611	-0.4125	0.708177	0.706033	0.00169812	-0.478441	0.0479826	-0.0457284	-0.997801	0.317757	
-0.704401	0.706702	-0.0662656	-0.412502	0.708179	0.706031	0.00169242	-0.478442	0.0479816	-0.0457358	-0.997801	0.31776	
-0.704401	0.706702	-0.0662721	-0.412503	0.708179	0.706031	0.0016844	-0.478444	0.0479805	-0.045746	-0.9978	0.317765	
-0.7044	0.706702	-0.0662766	-0.412504	0.70818	0.70603	0.0016786	-0.478445	0.0479796	-0.0457534	-0.9978	0.317768	
-0.704399	0.706703	-0.0662821	-0.412506	0.708181	0.706029	0.00167159	-0.478447	0.0479784	-0.0457623	-0.9978	0.317772	
-0.704397	0.706704	-0.0662876	-0.412508	0.708183	0.706027	0.00166473	-0.478448	0.0479773	-0.0457711	-0.997799	0.317776	
-0.704396	0.706705	-0.0662937	-0.41251	0.708184	0.706026	0.00165683	-0.47845	0.047976	-0.0457811	-0.997799	0.31778	
-0.704395	0.706705	-0.0662981	-0.412512	0.708185	0.706025	0.0016508	-0.478452	0.0479748	-0.0457885	-0.997799	0.317783	
-0.704394	0.706706	-0.0663043	-0.412514	0.708186	0.706024	0.00164283	-0.478454	0.0479734	-0.0457986	-0.997798	0.317787	
-0.704393	0.706706	-0.0663086	-0.412516	0.708187	0.706023	0.00163671	-0.478456	0.047972	-0.045806	-0.997798	0.31779	
-0.704392	0.706707	-0.066314	-0.412518	0.708188	0.706022	0.00162975	-0.478457	0.0479709	-0.0458148	-0.997797	0.317794	
-0.704391	0.706707	-0.0663176	-0.412519	0.708189	0.706021	0.00162459	-0.478459	0.0479697	-0.0458211	-0.997797	0.317796	
-0.70439	0.706708	-0.066322	-0.412521	0.708191	0.70602	0.00161856	-0.478461	0.0479685	-0.0458285	-0.997797	0.317799	
-0.70439	0.706707	-0.0663274	-0.412522	0.708191	0.706019	0.00161155	-0.478463	0.0479673	-0.0458373	-0.997797	0.317803	
-0.704389	0.706708	-0.066331	-0.412524	0.708192	0.706018	0.00160633	-0.478465	0.0479661	-0.0458436	-0.997796	0.317805	
-0.704388	0.706709	-0.0663363	-0.412526	0.708193	0.706017	0.00159951	-0.478466	0.047965	-0.0458522	-0.997796	0.317809	
-0.704387	0.706709	-0.0663416	-0.412528	0.708194	0.706016	0.00159238	-0.478468	0.0479636	-0.0458611	-0.997796	0.317812	
-0.704386	0.70671	-0.0663453	-0.412529	0.708195	0.706015	0.00158739	-0.47847	0.0479626	-0.0458673	-0.997795	0.317815	
-0.704385	0.70671	-0.0663491	-0.412531	0.708196	0.706015	0.00158229	-0.478471	0.0479616	-0.0458736	-0.997795	0.317817	
-0.704385	0.70671	-0.0663528	-0.412532	0.708196	0.706014	0.0015772	-0.478472	0.0479606	-0.0458799	-0.997795	0.31782	
-0.704384	0.706711	-0.0663582	-0.412534	0.708197	0.706013	0.00157031	-0.478474	0.0479595	-0.0458886	-0.997795	0.317824	
-0.704382	0.706712	-0.0663641	-0.412536	0.708199	0.706011	0.00156403	-0.478475	0.0479591	-0.0458973	-0.997794	0.317828	
-0.704381	0.706712	-0.0663697	-0.412537	0.7082	0.70601	0.00155725	-0.478477	0.0479582	-0.0459061	-0.997794	0.317832	
-0.70438	0.706713	-0.0663753	-0.412539	0.708201	0.706009	0.00155049	-0.478478	0.0479573	-0.0459149	-0.997793	0.317836	
-0.704379	0.706713	-0.0663817	-0.412541	0.708202	0.706008	0.00154262	-0.47848	0.0479562	-0.0459251	-0.997793	0.31784	
-0.704378	0.706714	-0.066388	-0.412542	0.708203	0.706007	0.00153486	-0.478481	0.0479551	-0.0459351	-0.997793	0.317845	
-0.704377	0.706714	-0.0663927	-0.412544	0.708204	0.706006	0.0015289	-0.478483	0.0479541	-0.0459426	-0.997792	0.317848	
-0.704376	0.706715	-0.0663981	-0.412546	0.708205	0.706005	0.00152199	-0.478484	0.047953	-0.0459514	-0.997792	0.317852	
-0.704375	0.706715	-0.0664034	-0.412547	0.708206	0.706004	0.00151514	-0.478486	0.0479519	-0.0459601	-0.997792	0.317856	
-0.704374	0.706716	-0.0664089	-0.412549	0.708207	0.706003	0.00150809	-0.478488	0.0479507	-0.0459691	-0.997791	0.31786	
-0.704373	0.706716	-0.0664124	-0.412551	0.708208	0.706002	0.00150302	-0.478489	0.0479495	-0.0459751	-0.997791	0.317862	
-0.704372	0.706717	-0.0664179	-0.412552	0.708209	0.706001	0.00149606	-0.478491	0.0479483	-0.045984	-0.997791	0.317866	
-0.704371	0.706717	-0.0664224	-0.412554	0.70821	0.706	0.00148997	-0.478493	0.0479472	-0.0459915	-0.99779	0.317869	
-0.704371	0.706718	-0.0664261	-0.412556	0.708211	0.705999	0.00148497	-0.478494	0.0479462	-0.0459977	-0.99779	0.317871	
-0.70437	0.706718	-0.0664306	-0.412557	0.708212	0.705998	0.00147889	-0.478496	0.047945	-0.0460053	-0.99779	0.317874	
-0.704369	0.706719	-0.0664343	-0.412559	0.708213	0.705997	0.0014738	-0.478497	0.047944	-0.0460116	-0.99779	0.317877	
-0.704367	0.70672	-0.0664388	-0.412561	0.708215	0.705995	0.00146784	-0.478498	0.0479428	-0.0460191	-0.997789	0.31788	
-0.704367	0.706719	-0.0664425	-0.412562	0.708215	0.705995	0.00146277	-0.4785	0.0479419	-0.0460253	-0.997789	0.317882	
-0.704366	0.70672	-0.0664462	-0.412563	0.708216	0.705994	0.00145773	-0.478502	0.0479409	-0.0460315	-0.997789	0.317885	
-0.704365	0.70672	-0.06645	-0.412565	0.708217	0.705994	0.00145264	-0.478503	0.0479399	-0.0460378	-0.997789	0.317887	
-0.704365	0.706721	-0.0664537	-0.412566	0.708218	0.705993	0.00144764	-0.478505	0.0479389	-0.046044	-0.997788	0.31789	
-0.704364	0.706721	-0.0664575	-0.412568	0.708219	0.705992	0.00144255	-0.478506	0.0479379	-0.0460503	-0.997788	0.317892	
-0.704363	0.706722	-0.0664605	-0.412569	0.708219	0.705991	0.0014385	-0.478507	0.0479371	-0.0460553	-0.997788	0.317894	
-0.704362	0.706722	-0.066465	-0.41257	0.70822	0.70599	0.00143271	-0.478508	0.0479362	-0.0460627	-0.997788	0.317898	
-0.704362	0.706722	-0.0664697	-0.412572	0.708221	0.705989	0.0014268	-0.47851	0.0479352	-0.0460702	-0.997787	0.317901	
-0.704361	0.706723	-0.0664751	-0.412574	0.708222	0.705988	0.00141985	-0.478511	0.0479341	-0.0460791	-0.997787	0.317905	
-0.70436	0.706723	-0.0664796	-0.412575	0.708223	0.705987	0.00141376	-0.478513	0.0479329	-0.0460866	-0.997787	0.317908	
-0.704359	0.706724	-0.066485	-0.412577	0.708224	0.705986	0.00140685	-0.478515	0.0479318	-0.0460954	-0.997786	0.317912	
-0.704358	0.706724	-0.0664894	-0.412579	0.708225	0.705985	0.00140086	-0.478516	0.0479306	-0.0461028	-0.997786	0.317915	
-0.704357	0.706725	-0.0664932	-0.41258	0.708226	0.705984	0.00139577	-0.478518	0.0479296	-0.0461091	-0.997786	0.317917	
-0.704356	0.706725	-0.0664977	-0.412582	0.708227	0.705983	0.00138973	-0.47852	0.0479284	-0.0461166	-0.997786	0.31792	
-0.704355	0.706726	-0.0665021	-0.412584	0.708228	0.705982	0.00138374	-0.478521	0.0479273	-0.046124	-0.997785	0.317923	
-0.704354	0.706726	-0.0665067	-0.412585	0.708229	0.705981	0.0013776	-0.478523	0.0479261	-0.0461316	-0.997785	0.317926	
-0.704353	0.706727	-0.0665111	-0.412587	0.70823	0.70598	0.00137161	-0.478525	0.0479249	-0.0461391	-0.997785	0.317929	
-0.704352	0.706727	-0.0665172	-0.412589	0.708231	0.70598	0.0013667	-0.478526	0.0479257	-0.0461469	-0.997784	0.317932	
-0.704351	0.706728	-0.0665201	-0.412591	0.708232	0.705978	0.00135948	-0.478528	0.0479225	-0.0461541	-0.997784	0.317935	
-0.70435	0.706728	-0.0665238	-0.412592	0.708233	0.705977	0.00135439	-0.478529	0.0479215	-0.0461604	-0.997784	0.317938	
-0.70435	0.706729	-0.0665299	-0.412594	0.708234	0.705977	0.00134952	-0.478531	0.0479223	-0.0461682	-0.997784	0.317941	
-0.704349	0.706729	-0.0665353	-0.412596	0.708235	0.705976	0.00134259	-0.478532	0.0479212	-0.046177	-0.997783	0.317944	
-0.704348	0.70673	-0.0665398	-0.412598	0.708236	0.705975	0.00133654	-0.478534	0.04792	-0.0461845	-0.997783	0.317947	
-0.704347	0.70673	-0.0665452	-0.412599	0.708237	0.705974	0.00132964	-0.478536	0.0479188	-0.0461932	-0.997783	0.317951	
-0.704346	0.706731	-0.0665504	-0.412601	0.708238	0.705972	0.0013226	-0.478538	0.0479175	-0.046202	-0.997782	0.317955	
-0.704345	0.706731	-0.0665549	-0.412603	0.708239	0.705971	0.00131656	-0.478539	0.0479163	-0.0462095	-0.997782	0.317958	
-0.704344	0.706732	-0.0665604	-0.412605	0.70824	0.70597	0.00130956	-0.478541	0.0479151	-0.0462183	-0.997782	0.317962	
-0.704343	0.706732	-0.0665648	-0.412607	0.708241	0.705969	0.00130351	-0.478543	0.047914	-0.0462258	-0.997781	0.317965	
-0.704342	0.706733	-0.0665693	-0.412608	0.708242	0.705968	0.00129752	-0.478544	0.0479128	-0.0462333	-0.997781	0.317968	
-0.704341	0.706733	-0.0665747	-0.41261	0.708243	0.705967	0.00129053	-0.478546	0.0479116	-0.0462421	-0.997781	0.317971	
-0.70434	0.706734	-0.0665791	-0.412612	0.708244	0.705966	0.00128454	-0.478548	0.0479105	-0.0462495	-0.99778	0.317974	
-0.704339	0.706734	-0.0665829	-0.412613	0.708245	0.705965	0.00127945	-0.478549	0.0479095	-0.0462559	-0.99778	0.317977	
-0.704338	0.706735	-0.0665884	-0.412615	0.708246	0.705964	0.00127248	-0.478551	0.0479083	-0.0462647	-0.99778	0.317981	
-0.704337	0.706735	-0.0665928	-0.412617	0.708247	0.705963	0.00126651	-0.478552	0.0479072	-0.0462721	-0.997779	0.317984	
-0.704336	0.706736	-0.0665974	-0.412618	0.708248	0.705962	0.00126061	-0.478554	0.0479062	-0.0462796	-0.997779	0.317987	
-0.704335	0.706736	-0.0666022	-0.41262	0.708249	0.705962	0.0012546	-0.478555	0.0479052	-0.0462873	-0.997779	0.31799	
-0.704335	0.706736	-0.0666059	-0.412621	0.70825	0.705961	0.0012496	-0.478557	0.0479043	-0.0462935	-0.997779	0.317993	
-0.704334	0.706737	-0.0666105	-0.412622	0.708251	0.70596	0.0012437	-0.478558	0.0479033	-0.046301	-0.997778	0.317996	
-0.704333	0.706737	-0.066615	-0.412624	0.708252	0.705959	0.00123766	-0.47856	0.0479021	-0.0463085	-0.997778	0.317999	
-0.704332	0.706738	-0.0666189	-0.412625	0.708253	0.705958	0.00123277	-0.478561	0.0479014	-0.0463147	-0.997778	0.318002	
-0.704331	0.706738	-0.0666226	-0.412627	0.708253	0.705957	0.00122772	-0.478562	0.0479004	-0.046321	-0.997777	0.318005	
-0.704331	0.706738	-0.0666256	-0.412628	0.708254	0.705957	0.00122368	-0.478563	0.0478996	-0.046326	-0.997777	0.318007	
-0.70433	0.706739	-0.0666295	-0.412629	0.708255	0.705956	0.00121882	-0.478564	0.0478989	-0.0463322	-0.997777	0.318009	
-0.704329	0.706739	-0.0666342	-0.41263	0.708256	0.705955	0.00121291	-0.478566	0.0478979	-0.0463397	-0.997777	0.318013	
-0.704329	0.706739	-0.0666364	-0.412631	0.708256	0.705954	0.00120987	-0.478567	0.0478973	-0.0463435	-0.997777	0.318014	
-0.704328	0.70674	-0.0666404	-0.412632	0.708257	0.705954	0.0012049	-0.478568	0.0478966	-0.0463499	-0.997776	0.318017	
-0.704327	0.70674	-0.0666452	-0.412634	0.708258	0.705953	0.00119914	-0.478569	0.0478959	-0.0463574	-0.997776	0.318021	
-0.704327	0.70674	-0.0666483	-0.412634	0.708258	0.705952	0.00119528	-0.47857	0.0478953	-0.0463624	-0.997776	0.318023	
-0.704326	0.70674	-0.0666515	-0.412635	0.708259	0.705952	0.00119139	-0.478571	0.0478948	-0.0463674	-0.997776	0.318025	
-0.704326	0.706741	-0.0666557	-0.412636	0.708259	0.705951	0.00118656	-0.478571	0.0478942	-0.0463738	-0.997775	0.318028	
-0.704325	0.706741	-0.0666588	-0.412637	0.70826	0.705951	0.00118265	-0.478572	0.0478937	-0.0463788	-0.997775	0.318031	
-0.704325	0.706741	-0.0666629	-0.412638	0.708261	0.70595	0.00117787	-0.478573	0.0478932	-0.0463851	-0.997775	0.318034	
-0.704324	0.706741	-0.0666678	-0.412639	0.708261	0.70595	0.00117519	-0.478574	0.0478946	-0.0463904	-0.997775	0.318036	
-0.704324	0.706741	-0.0666718	-0.41264	0.708261	0.705949	0.00117046	-0.478574	0.0478941	-0.0463967	-0.997774	0.318039	
-0.704323	0.706741	-0.0666751	-0.412641	0.708262	0.705949	0.0011664	-0.478575	0.0478936	-0.0464019	-0.997774	0.318042	
-0.704323	0.706742	-0.0666782	-0.412642	0.708263	0.705948	0.00116254	-0.478576	0.047893	-0.0464069	-0.997774	0.318044	
-0.704322	0.706742	-0.066683	-0.412643	0.708263	0.705947	0.00115688	-0.478577	0.0478923	-0.0464143	-0.997774	0.318047	
-0.704322	0.706742	-0.0666852	-0.412644	0.708264	0.705947	0.00115388	-0.478578	0.0478917	-0.046418	-0.997773	0.318049	
-0.704321	0.706742	-0.0666891	-0.412645	0.708265	0.705946	0.00114899	-0.478579	0.047891	-0.0464243	-0.997773	0.318052	
-0.70432	0.706743	-0.0666922	-0.412646	0.708265	0.705946	0.00114483	-0.47858	0.0478902	-0.0464294	-0.997773	0.318054	
-0.70432	0.706743	-0.0666961	-0.412647	0.708266	0.705945	0.00113997	-0.478581	0.0478894	-0.0464357	-0.997773	0.318057	
-0.704319	0.706743	-0.0666991	-0.412648	0.708267	0.705944	0.00113593	-0.478582	0.0478886	-0.0464407	-0.997773	0.318059	
-0.704318	0.706744	-0.0667021	-0.41265	0.708267	0.705943	0.00113189	-0.478584	0.0478879	-0.0464457	-0.997772	0.318061	
-0.704318	0.706744	-0.0667051	-0.412651	0.708268	0.705943	0.00112785	-0.478585	0.0478871	-0.0464507	-0.997772	0.318063	
-0.704317	0.706744	-0.0667089	-0.412652	0.708269	0.705942	0.00112299	-0.478586	0.0478863	-0.0464569	-0.997772	0.318065	
-0.704316	0.706745	-0.0667129	-0.412653	0.708269	0.705941	0.00111804	-0.478587	0.0478856	-0.0464633	-0.997772	0.318068	
-0.704316	0.706745	-0.0667167	-0.412654	0.70827	0.705941	0.00111323	-0.478588	0.0478848	-0.0464694	-0.997771	0.318071	
-0.704315	0.706745	-0.0667207	-0.412655	0.708271	0.70594	0.00110822	-0.478589	0.0478841	-0.0464758	-0.997771	0.318074	
-0.704314	0.706746	-0.0667255	-0.412656	0.708272	0.705939	0.00110251	-0.47859	0.0478834	-0.0464833	-0.997771	0.318077	
-0.704314	0.706746	-0.0667288	-0.412657	0.708272	0.705939	0.00109849	-0.478591	0.0478828	-0.0464885	-0.997771	0.31808	
-0.704313	0.706746	-0.0667326	-0.412658	0.708273	0.705938	0.0010937	-0.478592	0.047882	-0.0464946	-0.99777	0.318083	
-0.704312	0.706746	-0.0667368	-0.412659	0.708274	0.705937	0.00108887	-0.478593	0.0478815	-0.046501	-0.99777	0.318086	
-0.704312	0.706747	-0.0667407	-0.41266	0.708274	0.705937	0.00108391	-0.478594	0.0478808	-0.0465073	-0.99777	0.318088	
-0.70431	0.706748	-0.0667446	-0.412662	0.708276	0.705935	0.0010792	-0.478595	0.04788	-0.0465135	-0.99777	0.318091	
-0.704309	0.706748	-0.0667485	-0.412663	0.708277	0.705934	0.0010743	-0.478596	0.0478793	-0.0465197	-0.997769	0.318094	
-0.704309	0.706748	-0.0667524	-0.412665	0.708277	0.705934	0.00106939	-0.478597	0.0478785	-0.046526	-0.997769	0.318097	
-0.704308	0.706749	-0.0667546	-0.412665	0.708278	0.705933	0.00106639	-0.478598	0.0478779	-0.0465297	-0.997769	0.318098	
-0.704309	0.706748	-0.0667586	-0.412666	0.708278	0.705933	0.00106135	-0.478599	0.0478772	-0.0465361	-0.997769	0.318101	
-0.704308	0.706748	-0.0667615	-0.412667	0.708278	0.705932	0.00105732	-0.4786	0.0478764	-0.0465411	-0.997768	0.318103	
-0.704307	0.706749	-0.0667645	-0.412668	0.708279	0.705932	0.00105327	-0.478602	0.0478756	-0.0465461	-0.997768	0.318105	
-0.704307	0.706749	-0.0667675	-0.412669	0.70828	0.705931	0.00104922	-0.478603	0.0478748	-0.0465511	-0.997768	0.318107	
-0.704306	0.706749	-0.0667715	-0.412671	0.70828	0.70593	0.00104431	-0.478604	0.0478741	-0.0465574	-0.997768	0.31811	
-0.704305	0.70675	-0.0667744	-0.412672	0.708281	0.70593	0.00104027	-0.478605	0.0478733	-0.0465624	-0.997768	0.318112	
-0.704305	0.70675	-0.0667767	-0.412673	0.708282	0.705929	0.00103723	-0.478606	0.0478727	-0.0465662	-0.997767	0.318114	
-0.704304	0.70675	-0.0667797	-0.412674	0.708282	0.705929	0.00103318	-0.478607	0.0478719	-0.0465712	-0.997767	0.318116	
-0.704304	0.706751	-0.0667819	-0.412675	0.708283	0.705928	0.00103018	-0.478608	0.0478713	-0.0465749	-0.997767	0.318117	
-0.704303	0.706751	-0.0667849	-0.412676	0.708283	0.705927	0.00102615	-0.478609	0.0478705	-0.0465799	-0.997767	0.318119	
-0.704303	0.706751	-0.0667871	-0.412677	0.708284	0.705927	0.00102315	-0.47861	0.0478699	-0.0465836	-0.997767	0.318121	
-0.704302	0.706751	-0.066791	-0.412678	0.708285	0.705926	0.00101829	-0.478611	0.0478692	-0.0465898	-0.997766	0.318123	
-0.704301	0.706752	-0.0667968	-0.412679	0.708286	0.705925	0.00101158	-0.478612	0.0478685	-0.0465988	-0.997766	0.318128	
-0.704301	0.706752	-0.0668016	-0.41268	0.708286	0.705925	0.00100591	-0.478613	0.0478678	-0.0466062	-0.997766	0.318131	
-0.7043	0.706752	-0.0668048	-0.412681	0.708287	0.705924	0.00100194	-0.478614	0.0478672	-0.0466113	-0.997766	0.318134	
-0.704299	0.706753	-0.0668086	-0.412682	0.708288	0.705923	0.000996851	-0.478615	0.0478662	-0.0466176	-0.997765	0.318136	
-0.704299	0.706753	-0.0668118	-0.412683	0.708288	0.705923	0.000992944	-0.478616	0.0478657	-0.0466227	-0.997765	0.318139	
-0.704298	0.706753	-0.0668137	-0.412684	0.708289	0.705922	0.000989858	-0.478617	0.0478649	-0.0466263	-0.997765	0.31814	
-0.704298	0.706753	-0.066817	-0.412685	0.708289	0.705921	0.000985855	-0.478618	0.0478643	-0.0466314	-0.997765	0.318142	
-0.704297	0.706754	-0.06682	-0.412686	0.70829	0.705921	0.000981808	-0.478619	0.0478635	-0.0466365	-0.997765	0.318144	
-0.704296	0.706754	-0.066823	-0.412688	0.708291	0.70592	0.000977775	-0.47862	0.0478627	-0.0466415	-0.997764	0.318146	
-0.704296	0.706754	-0.0668268	-0.412689	0.708291	0.705919	0.000973016	-0.478621	0.047862	-0.0466475	-0.997764	0.318149	
-0.704295	0.706755	-0.0668306	-0.41269	0.708292	0.705919	0.000967923	-0.478623	0.047861	-0.0466539	-0.997764	0.318151	
-0.704294	0.706755	-0.0668345	-0.412691	0.708293	0.705918	0.000963018	-0.478624	0.0478603	-0.0466601	-0.997764	0.318154	
-0.704293	0.706756	-0.0668391	-0.412693	0.708294	0.705917	0.000957159	-0.478625	0.0478593	-0.0466676	-0.997763	0.318157	
-0.704293	0.706756	-0.0668429	-0.412694	0.708295	0.705916	0.000952066	-0.478627	0.0478583	-0.0466739	-0.997763	0.31816	
-0.704292	0.706756	-0.0668466	-0.412696	0.708296	0.705915	0.000946973	-0.478628	0.0478573	-0.0466802	-0.997763	0.318163	
-0.704291	0.706757	-0.0668503	-0.412697	0.708297	0.705914	0.00094199	-0.478629	0.0478564	-0.0466864	-0.997763	0.318165	
-0.70429	0.706757	-0.0668548	-0.412699	0.708298	0.705913	0.000935892	-0.478631	0.0478552	-0.046694	-0.997762	0.318168	
-0.704289	0.706758	-0.0668578	-0.4127	0.708298	0.705913	0.000931859	-0.478632	0.0478544	-0.046699	-0.997762	0.31817	
-0.704289	0.706758	-0.0668605	-0.412701	0.708299	0.705912	0.000927781	-0.478634	0.0478534	-0.0467038	-0.997762	0.318172	
-0.704288	0.706759	-0.0668635	-0.412703	0.7083	0.705911	0.000923734	-0.478635	0.0478526	-0.0467089	-0.997762	0.318174	
-0.704287	0.706759	-0.0668683	-0.412704	0.708301	0.70591	0.000917723	-0.478636	0.0478516	-0.0467165	-0.997761	0.318177	
-0.704287	0.706759	-0.0668713	-0.412705	0.708301	0.70591	0.00091369	-0.478637	0.0478508	-0.0467215	-0.997761	0.318179	
-0.704286	0.70676	-0.0668742	-0.412706	0.708302	0.705909	0.000909753	-0.478638	0.0478501	-0.0467264	-0.997761	0.318181	
-0.704285	0.70676	-0.0668772	-0.412707	0.708303	0.705908	0.000905706	-0.478639	0.0478493	-0.0467314	-0.997761	0.318183	
-0.704284	0.706761	-0.0668807	-0.412709	0.708304	0.705907	0.000902288	-0.47864	0.0478493	-0.0467364	-0.997761	0.318185	
-0.704283	0.706761	-0.0668837	-0.41271	0.708305	0.705906	0.000898242	-0.478641	0.0478485	-0.0467414	-0.99776	0.318187	
-0.704283	0.706762	-0.0668868	-0.412711	0.708305	0.705906	0.000894396	-0.478642	0.0478479	-0.0467464	-0.99776	0.318189	
-0.704282	0.706762	-0.0668908	-0.412712	0.708306	0.705905	0.000889479	-0.478643	0.0478472	-0.0467527	-0.99776	0.318192	
-0.704282	0.706762	-0.066894	-0.412713	0.708307	0.705904	0.000885524	-0.478644	0.0478466	-0.0467578	-0.99776	0.318194	
-0.704281	0.706762	-0.0668971	-0.412714	0.708307	0.705904	0.000881631	-0.478645	0.0478461	-0.0467628	-0.997759	0.318197	
-0.70428	0.706763	-0.0669003	-0.412715	0.708308	0.705903	0.000877705	-0.478646	0.0478455	-0.0467679	-0.997759	0.318199	
-0.70428	0.706763	-0.0669035	-0.412716	0.708308	0.705903	0.00087386	-0.478646	0.0478449	-0.0467728	-0.997759	0.318201	
-0.70428	0.706763	-0.0669082	-0.412717	0.708309	0.705902	0.000871142	-0.478647	0.0478464	-0.0467781	-0.997759	0.318204	
-0.704279	0.706763	-0.0669112	-0.412718	0.708309	0.705902	0.000867096	-0.478648	0.0478456	-0.0467832	-0.997759	0.318206	
