-0.632185	0.774102	0.0332885	-0.502104	0.774404	0.62986	0.0597927	-0.508952	0.0253186	0.0635787	-0.997656	0.130639	
-0.632185	0.774102	0.0332885	-0.502104	0.774404	0.62986	0.0597927	-0.508952	0.0253186	0.0635787	-0.997656	0.130639	
-0.632185	0.774103	0.0332821	-0.502106	0.774404	0.62986	0.0597848	-0.508954	0.0253166	0.0635688	-0.997656	0.130645	
-0.63218	0.774109	0.0332338	-0.502119	0.774408	0.62986	0.0597382	-0.508965	0.0253112	0.0635019	-0.997661	0.130683	
-0.632179	0.774109	0.0332325	-0.502119	0.774409	0.629859	0.0597344	-0.508966	0.0253091	0.0634984	-0.997661	0.130686	
-0.632177	0.774111	0.0332221	-0.502123	0.77441	0.629859	0.0597236	-0.508969	0.0253075	0.0634834	-0.997662	0.130693	
-0.632173	0.774115	0.0332016	-0.502132	0.774414	0.629856	0.0597016	-0.508975	0.0253037	0.0634535	-0.997664	0.130705	
-0.632171	0.774118	0.0331904	-0.502136	0.774416	0.629855	0.0596896	-0.508979	0.0253016	0.0634372	-0.997665	0.130711	
-0.632169	0.774119	0.0331817	-0.502139	0.774417	0.629854	0.0596805	-0.508981	0.0253002	0.0634247	-0.997666	0.130716	
-0.632167	0.774122	0.0331707	-0.502143	0.774419	0.629853	0.0596668	-0.508985	0.0252967	0.0634074	-0.997667	0.130726	
-0.632165	0.774124	0.0331518	-0.502148	0.774421	0.629853	0.0596483	-0.508989	0.0252944	0.063381	-0.997669	0.13074	
-0.632163	0.774126	0.0331326	-0.502154	0.774422	0.629853	0.0596298	-0.508993	0.0252923	0.0633544	-0.997671	0.130756	
-0.632161	0.774129	0.0331119	-0.50216	0.774424	0.629852	0.0596094	-0.508998	0.0252898	0.0633254	-0.997672	0.130772	
-0.632159	0.774132	0.0330912	-0.502166	0.774426	0.629852	0.0595891	-0.509003	0.0252873	0.0632964	-0.997674	0.130788	
-0.632156	0.774135	0.0330715	-0.502172	0.774428	0.629851	0.0595697	-0.509008	0.0252848	0.0632688	-0.997676	0.130803	
-0.632154	0.774138	0.0330518	-0.502178	0.774431	0.62985	0.05955	-0.509013	0.0252823	0.0632411	-0.997678	0.130817	
-0.632151	0.77414	0.0330367	-0.502183	0.774432	0.629849	0.0595347	-0.509017	0.0252801	0.0632197	-0.997679	0.130828	
-0.63215	0.774142	0.0330242	-0.502187	0.774434	0.629849	0.0595222	-0.50902	0.0252784	0.063202	-0.997681	0.130837	
-0.632148	0.774144	0.0330107	-0.502191	0.774435	0.629848	0.0595088	-0.509023	0.0252767	0.0631831	-0.997682	0.130847	
-0.632146	0.774146	0.0329956	-0.502196	0.774437	0.629848	0.0594938	-0.509027	0.0252747	0.0631618	-0.997683	0.130858	
-0.632144	0.774148	0.0329821	-0.5022	0.774438	0.629847	0.0594804	-0.50903	0.025273	0.0631428	-0.997684	0.130868	
-0.632142	0.774151	0.032968	-0.502205	0.77444	0.629846	0.0594661	-0.509034	0.025271	0.0631228	-0.997686	0.130878	
-0.632141	0.774153	0.0329564	-0.502208	0.774442	0.629846	0.0594545	-0.509037	0.0252694	0.0631064	-0.997687	0.130886	
-0.632139	0.774154	0.0329485	-0.502211	0.774443	0.629845	0.0594464	-0.509039	0.0252682	0.0630951	-0.997688	0.130892	
-0.632138	0.774155	0.0329396	-0.502214	0.774444	0.629845	0.0594374	-0.509041	0.025267	0.0630825	-0.997688	0.130898	
-0.632137	0.774156	0.0329316	-0.502217	0.774445	0.629844	0.0594294	-0.509043	0.0252659	0.0630712	-0.997689	0.130904	
-0.632136	0.774157	0.0329244	-0.502219	0.774445	0.629844	0.0594224	-0.509045	0.025265	0.0630612	-0.99769	0.13091	
-0.632135	0.774159	0.0329146	-0.502222	0.774446	0.629844	0.0594126	-0.509047	0.0252637	0.0630473	-0.997691	0.130917	
-0.632134	0.77416	0.0329092	-0.502224	0.774447	0.629843	0.0594071	-0.509049	0.025263	0.0630397	-0.997691	0.130921	
-0.632133	0.774161	0.0329058	-0.502225	0.774448	0.629843	0.0594034	-0.50905	0.0252623	0.0630347	-0.997692	0.130922	
-0.632133	0.774161	0.0329015	-0.502227	0.774448	0.629842	0.0593989	-0.509051	0.0252616	0.0630285	-0.997692	0.130925	
-0.632132	0.774162	0.0328972	-0.502228	0.774449	0.629842	0.0593944	-0.509052	0.0252608	0.0630223	-0.997692	0.130928	
-0.632131	0.774164	0.0328893	-0.502231	0.77445	0.629842	0.0593863	-0.509054	0.0252597	0.063011	-0.997693	0.130933	
-0.63213	0.774165	0.0328822	-0.502234	0.774451	0.629841	0.0593791	-0.509056	0.0252587	0.0630009	-0.997694	0.130938	
-0.632128	0.774166	0.0328753	-0.502236	0.774452	0.629841	0.0593719	-0.509058	0.0252576	0.062991	-0.997694	0.130943	
-0.632127	0.774167	0.0328692	-0.502238	0.774453	0.62984	0.0593655	-0.50906	0.0252565	0.0629822	-0.997695	0.130946	
-0.632126	0.774168	0.032865	-0.50224	0.774454	0.629839	0.0593609	-0.509061	0.0252557	0.062976	-0.997695	0.130949	
-0.632125	0.774169	0.0328616	-0.502242	0.774454	0.629839	0.0593573	-0.509063	0.025255	0.0629711	-0.997696	0.13095	
-0.632124	0.77417	0.0328563	-0.502244	0.774455	0.629838	0.0593516	-0.509064	0.0252541	0.0629633	-0.997696	0.130954	
-0.632123	0.774171	0.0328511	-0.502246	0.774456	0.629838	0.059346	-0.509066	0.0252531	0.0629558	-0.997697	0.130956	
-0.632122	0.774172	0.0328462	-0.502248	0.774457	0.629837	0.0593408	-0.509067	0.0252522	0.0629486	-0.997697	0.130959	
-0.632121	0.774174	0.0328392	-0.502251	0.774458	0.629837	0.0593333	-0.509069	0.025251	0.0629384	-0.997698	0.130964	
-0.63212	0.774175	0.0328323	-0.502253	0.774459	0.629836	0.0593262	-0.509071	0.0252499	0.0629285	-0.997699	0.130968	
-0.632119	0.774176	0.032827	-0.502255	0.77446	0.629835	0.0593207	-0.509073	0.025249	0.0629209	-0.997699	0.130971	
-0.632118	0.774177	0.0328201	-0.502258	0.774461	0.629835	0.0593134	-0.509075	0.0252479	0.0629109	-0.9977	0.130976	
-0.632117	0.774178	0.0328139	-0.50226	0.774462	0.629834	0.0593071	-0.509077	0.0252469	0.0629021	-0.9977	0.13098	
-0.632116	0.774179	0.0328077	-0.502262	0.774463	0.629834	0.0593009	-0.509078	0.0252461	0.0628933	-0.997701	0.130984	
-0.632115	0.77418	0.0328015	-0.502264	0.774463	0.629834	0.0592947	-0.50908	0.0252453	0.0628846	-0.997701	0.130989	
-0.632114	0.774181	0.0327952	-0.502266	0.774464	0.629834	0.0592885	-0.509081	0.0252445	0.0628758	-0.997702	0.130994	
-0.632114	0.774182	0.0327877	-0.502268	0.774464	0.629834	0.0592814	-0.509083	0.0252437	0.0628655	-0.997703	0.131	
-0.632113	0.774183	0.0327815	-0.50227	0.774465	0.629834	0.0592753	-0.509084	0.025243	0.0628568	-0.997703	0.131005	
-0.632112	0.774183	0.0327752	-0.502271	0.774466	0.629833	0.0592692	-0.509086	0.0252423	0.062848	-0.997704	0.13101	
-0.632111	0.774184	0.0327687	-0.502273	0.774466	0.629833	0.0592629	-0.509087	0.0252415	0.062839	-0.997704	0.131015	
-0.632111	0.774185	0.0327634	-0.502275	0.774467	0.629833	0.0592576	-0.509088	0.0252409	0.0628315	-0.997705	0.131019	
-0.63211	0.774186	0.0327579	-0.502276	0.774467	0.629833	0.0592524	-0.50909	0.0252403	0.062824	-0.997705	0.131024	
-0.63211	0.774186	0.0327514	-0.502278	0.774468	0.629833	0.0592462	-0.509091	0.0252397	0.062815	-0.997706	0.131029	
-0.632109	0.774187	0.0327441	-0.50228	0.774468	0.629833	0.0592393	-0.509092	0.025239	0.062805	-0.997707	0.131035	
-0.632109	0.774188	0.0327348	-0.502282	0.774469	0.629833	0.0592306	-0.509094	0.0252381	0.0627922	-0.997707	0.131043	
-0.632108	0.774189	0.0327264	-0.502284	0.774469	0.629833	0.0592228	-0.509096	0.0252374	0.0627808	-0.997708	0.131051	
-0.632108	0.77419	0.0327201	-0.502285	0.77447	0.629834	0.0592167	-0.509097	0.0252368	0.062772	-0.997709	0.131056	
-0.632107	0.77419	0.0327154	-0.502286	0.77447	0.629834	0.0592124	-0.509098	0.0252364	0.0627657	-0.997709	0.13106	
-0.632107	0.77419	0.0327107	-0.502287	0.77447	0.629834	0.059208	-0.509099	0.025236	0.0627593	-0.99771	0.131064	
-0.632107	0.774191	0.0327051	-0.502289	0.77447	0.629834	0.0592029	-0.5091	0.0252355	0.0627517	-0.99771	0.131069	
-0.632106	0.774191	0.0326996	-0.50229	0.774471	0.629834	0.0591978	-0.509101	0.0252351	0.0627442	-0.997711	0.131074	
-0.632106	0.774192	0.0326948	-0.502291	0.774471	0.629834	0.0591935	-0.509102	0.0252348	0.0627377	-0.997711	0.131079	
-0.632106	0.774192	0.0326891	-0.502292	0.774471	0.629835	0.0591884	-0.509103	0.0252345	0.0627301	-0.997711	0.131084	
-0.632106	0.774193	0.0326835	-0.502293	0.774471	0.629835	0.0591832	-0.509104	0.025234	0.0627225	-0.997712	0.131089	
-0.632106	0.774193	0.0326796	-0.502294	0.774471	0.629835	0.0591798	-0.509104	0.0252338	0.0627173	-0.997712	0.131093	
-0.632106	0.774193	0.0326767	-0.502294	0.774471	0.629835	0.0591772	-0.509105	0.0252336	0.0627134	-0.997713	0.131096	
-0.632106	0.774193	0.0326739	-0.502295	0.774471	0.629835	0.0591747	-0.509105	0.0252334	0.0627097	-0.997713	0.131098	
-0.632105	0.774193	0.0326711	-0.502295	0.774471	0.629835	0.0591721	-0.509106	0.0252333	0.0627059	-0.997713	0.131101	
-0.632105	0.774193	0.0326682	-0.502296	0.774471	0.629836	0.0591695	-0.509106	0.0252331	0.062702	-0.997713	0.131104	
-0.632105	0.774194	0.0326653	-0.502296	0.774472	0.629836	0.059167	-0.509107	0.0252329	0.0626981	-0.997714	0.131107	
-0.632105	0.774194	0.0326625	-0.502297	0.774472	0.629836	0.0591644	-0.509107	0.0252327	0.0626943	-0.997714	0.131109	
-0.632105	0.774194	0.0326588	-0.502297	0.774472	0.629836	0.0591611	-0.509108	0.0252325	0.0626894	-0.997714	0.131113	
-0.632105	0.774194	0.0326559	-0.502298	0.774472	0.629836	0.0591586	-0.509108	0.0252323	0.0626856	-0.997714	0.131116	
-0.632105	0.774194	0.032654	-0.502298	0.774472	0.629836	0.0591568	-0.509109	0.0252322	0.0626829	-0.997714	0.131118	
-0.632106	0.774194	0.0326511	-0.502298	0.774471	0.629838	0.0591544	-0.50911	0.0252321	0.0626791	-0.997715	0.13112	
-0.632105	0.774195	0.0326502	-0.502299	0.774472	0.629837	0.0591535	-0.509109	0.025232	0.0626779	-0.997715	0.131121	
-0.632105	0.774195	0.0326493	-0.502299	0.774472	0.629837	0.0591526	-0.509109	0.0252319	0.0626766	-0.997715	0.131122	
-0.632105	0.774195	0.0326483	-0.502299	0.774472	0.629837	0.0591518	-0.509109	0.0252319	0.0626753	-0.997715	0.131123	
-0.632105	0.774195	0.0326475	-0.5023	0.774472	0.629837	0.0591509	-0.50911	0.0252317	0.0626741	-0.997715	0.131123	
-0.632105	0.774195	0.0326466	-0.5023	0.774472	0.629837	0.0591501	-0.50911	0.0252317	0.0626729	-0.997715	0.131124	
-0.632105	0.774195	0.0326456	-0.5023	0.774472	0.629837	0.0591492	-0.50911	0.0252316	0.0626716	-0.997715	0.131125	
-0.632105	0.774195	0.0326456	-0.5023	0.774472	0.629837	0.0591492	-0.50911	0.0252316	0.0626716	-0.997715	0.131125	
-0.632104	0.774195	0.0326437	-0.502301	0.774472	0.629837	0.0591474	-0.50911	0.0252314	0.062669	-0.997715	0.131127	
-0.632104	0.774195	0.0326429	-0.502301	0.774472	0.629837	0.0591466	-0.509111	0.0252313	0.0626678	-0.997715	0.131127	
-0.632104	0.774196	0.032642	-0.502301	0.774472	0.629837	0.0591456	-0.509111	0.0252312	0.0626665	-0.997716	0.131128	
-0.632104	0.774196	0.032642	-0.502301	0.774472	0.629837	0.0591456	-0.509111	0.0252312	0.0626665	-0.997716	0.131128	
-0.632104	0.774196	0.0326412	-0.502301	0.774473	0.629836	0.0591448	-0.509111	0.025231	0.0626654	-0.997716	0.131128	
-0.632104	0.774196	0.0326412	-0.502301	0.774473	0.629836	0.0591448	-0.509111	0.025231	0.0626654	-0.997716	0.131128	
-0.632104	0.774196	0.0326412	-0.502302	0.774473	0.629836	0.0591446	-0.509111	0.0252309	0.0626653	-0.997716	0.131128	
-0.632104	0.774196	0.0326412	-0.502302	0.774473	0.629836	0.0591446	-0.509111	0.0252309	0.0626653	-0.997716	0.131128	
-0.632104	0.774196	0.0326395	-0.502302	0.774473	0.629836	0.0591429	-0.509112	0.0252307	0.0626628	-0.997716	0.131129	
-0.632103	0.774196	0.0326386	-0.502303	0.774473	0.629836	0.0591419	-0.509112	0.0252305	0.0626615	-0.997716	0.13113	
-0.632103	0.774197	0.032637	-0.502303	0.774473	0.629836	0.0591402	-0.509113	0.0252302	0.0626591	-0.997716	0.131131	
-0.632103	0.774197	0.0326343	-0.502304	0.774474	0.629836	0.0591374	-0.509113	0.0252298	0.0626553	-0.997716	0.131132	
-0.632103	0.774197	0.0326315	-0.502304	0.774473	0.629837	0.0591347	-0.509115	0.0252294	0.0626514	-0.997717	0.131134	
-0.632103	0.774197	0.0326279	-0.502306	0.774474	0.629836	0.0591312	-0.509115	0.0252289	0.0626464	-0.997717	0.131137	
-0.632102	0.774198	0.0326253	-0.502306	0.774474	0.629836	0.0591284	-0.509116	0.0252285	0.0626426	-0.997717	0.131139	
-0.632102	0.774198	0.0326216	-0.502308	0.774474	0.629836	0.0591249	-0.509117	0.0252281	0.0626376	-0.997717	0.131142	
-0.632101	0.774199	0.0326173	-0.502309	0.774475	0.629836	0.0591205	-0.509118	0.0252275	0.0626314	-0.997718	0.131145	
-0.632101	0.774199	0.0326146	-0.50231	0.774475	0.629836	0.0591177	-0.509119	0.0252271	0.0626276	-0.997718	0.131147	
-0.632101	0.7742	0.0326119	-0.502311	0.774476	0.629836	0.059115	-0.50912	0.0252267	0.0626237	-0.997718	0.131149	
-0.6321	0.7742	0.0326083	-0.502312	0.774476	0.629835	0.0591115	-0.50912	0.0252263	0.0626187	-0.997719	0.131151	
-0.6321	0.774201	0.0326056	-0.502313	0.774476	0.629835	0.0591087	-0.509121	0.0252259	0.0626149	-0.997719	0.131153	
-0.632099	0.774201	0.0326029	-0.502313	0.774477	0.629835	0.0591062	-0.509122	0.0252256	0.0626112	-0.997719	0.131155	
-0.632099	0.774201	0.0326002	-0.502314	0.774477	0.629835	0.0591036	-0.509122	0.0252253	0.0626074	-0.997719	0.131158	
-0.632099	0.774202	0.0325957	-0.502315	0.774477	0.629835	0.0590992	-0.509123	0.0252248	0.0626012	-0.99772	0.131161	
-0.632099	0.774202	0.0325937	-0.502316	0.774477	0.629835	0.0590975	-0.509124	0.0252247	0.0625985	-0.99772	0.131163	
-0.632097	0.774203	0.0325902	-0.502317	0.774478	0.629834	0.059094	-0.509124	0.0252243	0.0625935	-0.99772	0.131166	
-0.632098	0.774203	0.0325892	-0.502317	0.774477	0.629835	0.0590932	-0.509125	0.0252243	0.0625923	-0.99772	0.131167	
-0.632098	0.774203	0.0325882	-0.502317	0.774477	0.629835	0.0590924	-0.509125	0.0252242	0.062591	-0.99772	0.131168	
-0.632098	0.774203	0.0325872	-0.502317	0.774477	0.629836	0.0590915	-0.509125	0.0252242	0.0625897	-0.997721	0.131169	
-0.632098	0.774203	0.0325864	-0.502317	0.774478	0.629836	0.0590907	-0.509125	0.0252241	0.0625885	-0.997721	0.13117	
-0.632098	0.774203	0.0325864	-0.502317	0.774478	0.629836	0.0590907	-0.509125	0.0252241	0.0625885	-0.997721	0.13117	
-0.632098	0.774203	0.0325854	-0.502318	0.774478	0.629836	0.0590898	-0.509125	0.0252241	0.0625872	-0.997721	0.131171	
-0.632098	0.774203	0.0325854	-0.502318	0.774478	0.629836	0.0590898	-0.509125	0.0252241	0.0625872	-0.997721	0.131171	
-0.632098	0.774203	0.0325864	-0.502317	0.774478	0.629836	0.0590907	-0.509125	0.0252241	0.0625885	-0.997721	0.13117	
-0.632098	0.774203	0.0325864	-0.502317	0.774478	0.629836	0.0590907	-0.509125	0.0252241	0.0625885	-0.997721	0.13117	
-0.632098	0.774203	0.0325864	-0.502317	0.774478	0.629836	0.0590907	-0.509125	0.0252241	0.0625885	-0.997721	0.13117	
-0.632099	0.774203	0.0325872	-0.502317	0.774477	0.629836	0.0590916	-0.509125	0.0252243	0.0625898	-0.997721	0.131169	
-0.632099	0.774203	0.0325872	-0.502317	0.774477	0.629836	0.0590916	-0.509125	0.0252243	0.0625898	-0.997721	0.131169	
-0.632099	0.774202	0.0325889	-0.502316	0.774477	0.629836	0.0590933	-0.509124	0.0252245	0.0625922	-0.99772	0.131168	
-0.632099	0.774202	0.0325898	-0.502316	0.774477	0.629836	0.0590942	-0.509124	0.0252247	0.0625934	-0.99772	0.131168	
-0.632099	0.774202	0.0325897	-0.502316	0.774477	0.629836	0.0590943	-0.509124	0.0252248	0.0625935	-0.99772	0.131168	
-0.632099	0.774202	0.0325905	-0.502316	0.774477	0.629836	0.0590953	-0.509124	0.025225	0.0625947	-0.99772	0.131168	
-0.632099	0.774202	0.0325905	-0.502316	0.774477	0.629836	0.0590953	-0.509124	0.025225	0.0625947	-0.99772	0.131168	
-0.6321	0.774202	0.0325914	-0.502315	0.774477	0.629836	0.0590962	-0.509123	0.0252251	0.062596	-0.99772	0.131167	
-0.6321	0.774201	0.0325923	-0.502315	0.774476	0.629836	0.0590971	-0.509123	0.0252253	0.0625972	-0.99772	0.131167	
-0.6321	0.774201	0.0325923	-0.502315	0.774476	0.629836	0.0590971	-0.509123	0.0252253	0.0625972	-0.99772	0.131167	
-0.6321	0.774201	0.0325931	-0.502314	0.774476	0.629836	0.059098	-0.509123	0.0252254	0.0625984	-0.99772	0.131166	
-0.6321	0.774201	0.0325931	-0.502314	0.774476	0.629836	0.059098	-0.509123	0.0252254	0.0625984	-0.99772	0.131166	
-0.6321	0.774201	0.0325931	-0.502314	0.774476	0.629836	0.059098	-0.509123	0.0252254	0.0625984	-0.99772	0.131166	
-0.6321	0.774201	0.0325931	-0.502314	0.774476	0.629836	0.059098	-0.509123	0.0252254	0.0625984	-0.99772	0.131166	
-0.6321	0.774201	0.0325921	-0.502315	0.774476	0.629837	0.0590971	-0.509123	0.0252254	0.0625971	-0.99772	0.131167	
-0.6321	0.774201	0.0325913	-0.502315	0.774476	0.629836	0.0590963	-0.509123	0.0252252	0.0625959	-0.99772	0.131168	
-0.6321	0.774201	0.0325902	-0.502315	0.774476	0.629836	0.0590953	-0.509123	0.0252252	0.0625945	-0.99772	0.131169	
-0.6321	0.774202	0.0325894	-0.502315	0.774476	0.629837	0.0590946	-0.509123	0.0252251	0.0625934	-0.99772	0.131169	
-0.6321	0.774202	0.0325884	-0.502315	0.774476	0.629837	0.0590936	-0.509124	0.0252251	0.062592	-0.99772	0.13117	
-0.6321	0.774202	0.0325884	-0.502315	0.774476	0.629837	0.0590936	-0.509124	0.0252251	0.062592	-0.99772	0.13117	
-0.6321	0.774202	0.0325874	-0.502316	0.774476	0.629837	0.0590928	-0.509124	0.025225	0.0625907	-0.99772	0.131171	
-0.632099	0.774202	0.0325865	-0.502316	0.774477	0.629837	0.0590918	-0.509124	0.0252248	0.0625894	-0.997721	0.131172	
-0.632099	0.774202	0.0325865	-0.502316	0.774477	0.629837	0.0590918	-0.509124	0.0252248	0.0625894	-0.997721	0.131172	
-0.632099	0.774202	0.0325865	-0.502316	0.774477	0.629837	0.0590918	-0.509124	0.0252248	0.0625894	-0.997721	0.131172	
-0.632099	0.774202	0.0325865	-0.502316	0.774477	0.629837	0.0590918	-0.509124	0.0252248	0.0625894	-0.997721	0.131172	
-0.632099	0.774202	0.0325865	-0.502316	0.774477	0.629837	0.0590918	-0.509124	0.0252248	0.0625894	-0.997721	0.131172	
-0.632099	0.774202	0.0325865	-0.502316	0.774477	0.629837	0.0590918	-0.509124	0.0252248	0.0625894	-0.997721	0.131172	
-0.632099	0.774202	0.0325865	-0.502316	0.774477	0.629837	0.0590918	-0.509124	0.0252248	0.0625894	-0.997721	0.131172	
-0.632099	0.774202	0.0325857	-0.502316	0.774477	0.629837	0.0590911	-0.509124	0.0252248	0.0625883	-0.997721	0.131173	
-0.632099	0.774202	0.0325857	-0.502316	0.774477	0.629837	0.0590911	-0.509124	0.0252248	0.0625883	-0.997721	0.131173	
-0.632099	0.774202	0.0325857	-0.502316	0.774477	0.629837	0.0590911	-0.509124	0.0252248	0.0625883	-0.997721	0.131173	
-0.632099	0.774202	0.0325857	-0.502316	0.774477	0.629837	0.0590911	-0.509124	0.0252248	0.0625883	-0.997721	0.131173	
-0.632099	0.774202	0.0325857	-0.502316	0.774477	0.629837	0.0590911	-0.509124	0.0252248	0.0625883	-0.997721	0.131173	
-0.632099	0.774202	0.0325857	-0.502316	0.774477	0.629837	0.0590911	-0.509124	0.0252248	0.0625883	-0.997721	0.131173	
-0.632099	0.774202	0.0325857	-0.502316	0.774477	0.629837	0.0590911	-0.509124	0.0252248	0.0625883	-0.997721	0.131173	
-0.632099	0.774202	0.0325857	-0.502316	0.774477	0.629837	0.0590911	-0.509124	0.0252248	0.0625883	-0.997721	0.131173	
-0.632099	0.774202	0.0325857	-0.502316	0.774477	0.629837	0.0590911	-0.509124	0.0252248	0.0625883	-0.997721	0.131173	
-0.632099	0.774202	0.0325857	-0.502316	0.774477	0.629837	0.0590911	-0.509124	0.0252248	0.0625883	-0.997721	0.131173	
-0.632099	0.774202	0.0325857	-0.502316	0.774477	0.629837	0.0590911	-0.509124	0.0252248	0.0625883	-0.997721	0.131173	
-0.632099	0.774202	0.0325857	-0.502316	0.774477	0.629837	0.0590911	-0.509124	0.0252248	0.0625883	-0.997721	0.131173	
-0.632099	0.774202	0.0325857	-0.502316	0.774477	0.629837	0.0590911	-0.509124	0.0252248	0.0625883	-0.997721	0.131173	
-0.632099	0.774202	0.0325857	-0.502316	0.774477	0.629837	0.0590911	-0.509124	0.0252248	0.0625883	-0.997721	0.131173	
-0.632099	0.774202	0.0325857	-0.502316	0.774477	0.629837	0.0590911	-0.509124	0.0252248	0.0625883	-0.997721	0.131173	
-0.632099	0.774202	0.0325857	-0.502316	0.774477	0.629837	0.0590911	-0.509124	0.0252248	0.0625883	-0.997721	0.131173	
-0.632099	0.774202	0.0325857	-0.502316	0.774477	0.629837	0.0590911	-0.509124	0.0252248	0.0625883	-0.997721	0.131173	
-0.6321	0.774202	0.0325865	-0.502316	0.774477	0.629837	0.059092	-0.509124	0.0252249	0.0625895	-0.997721	0.131172	
-0.6321	0.774202	0.0325865	-0.502316	0.774477	0.629837	0.059092	-0.509124	0.0252249	0.0625895	-0.997721	0.131172	
-0.6321	0.774202	0.0325865	-0.502316	0.774477	0.629837	0.059092	-0.509124	0.0252249	0.0625895	-0.997721	0.131172	
-0.6321	0.774202	0.0325865	-0.502316	0.774477	0.629837	0.059092	-0.509124	0.0252249	0.0625895	-0.997721	0.131172	
-0.6321	0.774202	0.0325865	-0.502316	0.774477	0.629837	0.059092	-0.509124	0.0252249	0.0625895	-0.997721	0.131172	
-0.6321	0.774202	0.0325873	-0.502315	0.774476	0.629837	0.0590929	-0.509124	0.0252251	0.0625907	-0.99772	0.131172	
-0.6321	0.774202	0.0325873	-0.502315	0.774476	0.629837	0.0590929	-0.509124	0.0252251	0.0625907	-0.99772	0.131172	
-0.6321	0.774201	0.0325882	-0.502315	0.774476	0.629837	0.0590938	-0.509123	0.0252253	0.062592	-0.99772	0.131171	
-0.6321	0.774201	0.0325882	-0.502315	0.774476	0.629837	0.0590938	-0.509123	0.0252253	0.062592	-0.99772	0.131171	
-0.6321	0.774201	0.0325891	-0.502315	0.774476	0.629837	0.0590948	-0.509123	0.0252254	0.0625933	-0.99772	0.131171	
-0.6321	0.774201	0.0325891	-0.502315	0.774476	0.629837	0.0590948	-0.509123	0.0252254	0.0625933	-0.99772	0.131171	
-0.6321	0.774201	0.0325899	-0.502314	0.774476	0.629837	0.0590957	-0.509123	0.0252256	0.0625945	-0.99772	0.13117	
-0.6321	0.774201	0.0325899	-0.502314	0.774476	0.629837	0.0590957	-0.509123	0.0252256	0.0625945	-0.99772	0.13117	
-0.6321	0.774201	0.0325899	-0.502314	0.774476	0.629837	0.0590957	-0.509123	0.0252256	0.0625945	-0.99772	0.13117	
-0.6321	0.774201	0.0325899	-0.502314	0.774476	0.629837	0.0590957	-0.509123	0.0252256	0.0625945	-0.99772	0.13117	
-0.6321	0.774201	0.0325899	-0.502314	0.774476	0.629837	0.0590957	-0.509123	0.0252256	0.0625945	-0.99772	0.13117	
-0.632101	0.774201	0.0325908	-0.502314	0.774476	0.629837	0.0590966	-0.509123	0.0252258	0.0625958	-0.99772	0.13117	
-0.632101	0.774201	0.0325908	-0.502314	0.774476	0.629837	0.0590966	-0.509123	0.0252258	0.0625958	-0.99772	0.13117	
-0.632101	0.774201	0.0325908	-0.502314	0.774476	0.629837	0.0590966	-0.509123	0.0252258	0.0625958	-0.99772	0.13117	
-0.632101	0.774201	0.0325908	-0.502314	0.774476	0.629837	0.0590966	-0.509123	0.0252258	0.0625958	-0.99772	0.13117	
-0.632101	0.774201	0.0325908	-0.502314	0.774476	0.629837	0.0590966	-0.509123	0.0252258	0.0625958	-0.99772	0.13117	
-0.632101	0.774201	0.0325916	-0.502314	0.774476	0.629837	0.0590975	-0.509122	0.0252259	0.062597	-0.99772	0.131169	
-0.632101	0.774201	0.0325916	-0.502314	0.774476	0.629837	0.0590975	-0.509122	0.0252259	0.062597	-0.99772	0.131169	
-0.632101	0.774201	0.0325916	-0.502314	0.774476	0.629837	0.0590975	-0.509122	0.0252259	0.062597	-0.99772	0.131169	
-0.632101	0.7742	0.0325924	-0.502313	0.774476	0.629837	0.0590983	-0.509122	0.025226	0.0625981	-0.99772	0.131169	
-0.632101	0.7742	0.0325924	-0.502313	0.774476	0.629837	0.0590983	-0.509122	0.025226	0.0625981	-0.99772	0.131169	
-0.632101	0.7742	0.0325933	-0.502313	0.774475	0.629837	0.0590992	-0.509122	0.0252262	0.0625994	-0.99772	0.131168	
-0.632101	0.7742	0.0325933	-0.502313	0.774475	0.629837	0.0590992	-0.509122	0.0252262	0.0625994	-0.99772	0.131168	
-0.632101	0.7742	0.0325933	-0.502313	0.774475	0.629837	0.0590992	-0.509122	0.0252262	0.0625994	-0.99772	0.131168	
-0.632101	0.7742	0.0325933	-0.502313	0.774475	0.629837	0.0590992	-0.509122	0.0252262	0.0625994	-0.99772	0.131168	
-0.632101	0.7742	0.0325925	-0.502313	0.774475	0.629838	0.0590985	-0.509122	0.0252261	0.0625983	-0.99772	0.131169	
-0.632101	0.7742	0.0325925	-0.502313	0.774475	0.629838	0.0590985	-0.509122	0.0252261	0.0625983	-0.99772	0.131169	
-0.632101	0.7742	0.0325925	-0.502313	0.774475	0.629838	0.0590985	-0.509122	0.0252261	0.0625983	-0.99772	0.131169	
-0.632101	0.7742	0.0325925	-0.502313	0.774475	0.629838	0.0590985	-0.509122	0.0252261	0.0625983	-0.99772	0.131169	
-0.632101	0.7742	0.0325933	-0.502313	0.774475	0.629838	0.0590994	-0.509122	0.0252263	0.0625995	-0.99772	0.131168	
-0.632101	0.7742	0.0325933	-0.502313	0.774475	0.629838	0.0590994	-0.509122	0.0252263	0.0625995	-0.99772	0.131168	
-0.632101	0.7742	0.0325933	-0.502313	0.774475	0.629838	0.0590994	-0.509122	0.0252263	0.0625995	-0.99772	0.131168	
-0.632101	0.7742	0.0325933	-0.502313	0.774475	0.629838	0.0590994	-0.509122	0.0252263	0.0625995	-0.99772	0.131168	
-0.632101	0.7742	0.0325941	-0.502313	0.774475	0.629838	0.0591001	-0.509122	0.0252263	0.0626006	-0.99772	0.131168	
-0.632101	0.7742	0.0325941	-0.502313	0.774475	0.629838	0.0591001	-0.509122	0.0252263	0.0626006	-0.99772	0.131168	
-0.632101	0.7742	0.0325941	-0.502313	0.774475	0.629838	0.0591001	-0.509122	0.0252263	0.0626006	-0.99772	0.131168	
-0.632101	0.7742	0.0325941	-0.502313	0.774475	0.629838	0.0591001	-0.509122	0.0252263	0.0626006	-0.99772	0.131168	
-0.632101	0.7742	0.0325949	-0.502312	0.774475	0.629838	0.059101	-0.509121	0.0252265	0.0626018	-0.99772	0.131167	
-0.632101	0.7742	0.0325949	-0.502312	0.774475	0.629838	0.059101	-0.509121	0.0252265	0.0626018	-0.99772	0.131167	
-0.632101	0.7742	0.0325949	-0.502312	0.774475	0.629838	0.059101	-0.509121	0.0252265	0.0626018	-0.99772	0.131167	
-0.632101	0.7742	0.0325949	-0.502312	0.774475	0.629838	0.059101	-0.509121	0.0252265	0.0626018	-0.99772	0.131167	
-0.632101	0.7742	0.0325941	-0.502312	0.774475	0.629838	0.0591003	-0.509121	0.0252264	0.0626007	-0.99772	0.131168	
-0.632101	0.7742	0.0325941	-0.502312	0.774475	0.629838	0.0591003	-0.509121	0.0252264	0.0626007	-0.99772	0.131168	
-0.632101	0.7742	0.0325941	-0.502312	0.774475	0.629838	0.0591003	-0.509121	0.0252264	0.0626007	-0.99772	0.131168	
-0.632101	0.7742	0.0325941	-0.502312	0.774475	0.629838	0.0591003	-0.509121	0.0252264	0.0626007	-0.99772	0.131168	
-0.632101	0.7742	0.0325941	-0.502312	0.774475	0.629838	0.0591003	-0.509121	0.0252264	0.0626007	-0.99772	0.131168	
-0.632101	0.7742	0.0325941	-0.502312	0.774475	0.629838	0.0591003	-0.509121	0.0252264	0.0626007	-0.99772	0.131168	
-0.632101	0.7742	0.0325931	-0.502313	0.774475	0.629838	0.0590994	-0.509122	0.0252264	0.0625994	-0.99772	0.131169	
-0.632101	0.7742	0.0325921	-0.502313	0.774475	0.629838	0.0590985	-0.509122	0.0252263	0.062598	-0.99772	0.13117	
-0.632101	0.7742	0.0325885	-0.502314	0.774475	0.629838	0.0590951	-0.509122	0.025226	0.062593	-0.99772	0.131173	
-0.632101	0.774201	0.032584	-0.502315	0.774476	0.629838	0.0590909	-0.509123	0.0252256	0.0625869	-0.997721	0.131177	
-0.6321	0.774201	0.0325783	-0.502316	0.774476	0.629838	0.0590856	-0.509124	0.0252251	0.0625791	-0.997721	0.131182	
-0.6321	0.774202	0.0325717	-0.502317	0.774476	0.629838	0.0590796	-0.509126	0.0252246	0.0625702	-0.997722	0.131188	
-0.6321	0.774203	0.0325651	-0.502319	0.774476	0.629839	0.0590735	-0.509127	0.0252241	0.0625613	-0.997722	0.131194	
-0.632099	0.774203	0.0325586	-0.50232	0.774477	0.629839	0.0590675	-0.509128	0.0252236	0.0625524	-0.997723	0.1312	
-0.632099	0.774204	0.032552	-0.502322	0.774477	0.629839	0.0590615	-0.509129	0.0252231	0.0625435	-0.997723	0.131206	
-0.632098	0.774204	0.0325437	-0.502324	0.774477	0.629839	0.0590537	-0.509131	0.0252224	0.0625321	-0.997724	0.131213	
-0.632098	0.774205	0.0325352	-0.502325	0.774478	0.629839	0.059046	-0.509132	0.0252217	0.0625207	-0.997725	0.131221	
-0.632097	0.774206	0.032525	-0.502328	0.774478	0.62984	0.0590365	-0.509134	0.0252209	0.0625067	-0.997726	0.13123	
-0.632097	0.774207	0.032511	-0.502331	0.774479	0.62984	0.0590235	-0.509137	0.0252197	0.0624877	-0.997727	0.131242	
-0.632096	0.774209	0.0324953	-0.502334	0.77448	0.62984	0.0590088	-0.50914	0.0252183	0.0624662	-0.997728	0.131256	
-0.632094	0.774211	0.0324732	-0.50234	0.774482	0.62984	0.0589878	-0.509145	0.0252161	0.0624357	-0.99773	0.131274	
-0.632091	0.774214	0.0324516	-0.502346	0.774484	0.62984	0.0589666	-0.50915	0.0252135	0.0624054	-0.997732	0.131291	
-0.632088	0.774218	0.0324279	-0.502353	0.774486	0.629839	0.0589406	-0.509156	0.0252085	0.0623706	-0.997735	0.131311	
-0.632084	0.774222	0.0324007	-0.502362	0.77449	0.629837	0.0589108	-0.509163	0.0252029	0.0623306	-0.997737	0.131332	
-0.632079	0.774227	0.0323682	-0.502371	0.774494	0.629836	0.0588759	-0.509172	0.0251967	0.0622832	-0.99774	0.131358	
-0.632076	0.774232	0.0323348	-0.502382	0.774497	0.629835	0.0588413	-0.50918	0.0251912	0.0622354	-0.997744	0.131383	
-0.632071	0.774237	0.0323038	-0.502391	0.774501	0.629833	0.0588049	-0.509189	0.0251829	0.0621882	-0.997747	0.131409	
-0.632065	0.774243	0.0322683	-0.502402	0.774506	0.629831	0.0587642	-0.509199	0.0251742	0.0621348	-0.99775	0.131438	
-0.632058	0.77425	0.0322337	-0.502413	0.774512	0.629828	0.0587161	-0.509211	0.0251593	0.0620774	-0.997754	0.13147	
-0.632052	0.774257	0.0322044	-0.502421	0.774518	0.629825	0.0586682	-0.509222	0.0251412	0.0620242	-0.997758	0.131502	
-0.632047	0.774262	0.0321812	-0.502426	0.774523	0.629823	0.0586199	-0.509235	0.0251187	0.0619756	-0.997762	0.131533	
-0.63204	0.774269	0.0321574	-0.502431	0.77453	0.62982	0.0585657	-0.509247	0.0250922	0.0619227	-0.997765	0.131568	
-0.632036	0.774272	0.0321407	-0.502432	0.774534	0.62982	0.0585167	-0.509259	0.025065	0.0618787	-0.997769	0.131601	
-0.632034	0.774274	0.032124	-0.502431	0.774536	0.629822	0.058466	-0.509273	0.0250364	0.0618337	-0.997772	0.131636	
-0.632036	0.774274	0.0321044	-0.502428	0.774536	0.629827	0.0584159	-0.509287	0.0250097	0.0617869	-0.997776	0.131673	
-0.63204	0.774271	0.0320839	-0.502423	0.774533	0.629835	0.0583633	-0.509303	0.0249814	0.0617379	-0.99778	0.131714	
-0.63205	0.774264	0.0320622	-0.502415	0.774526	0.629848	0.0583215	-0.509319	0.0249619	0.0616951	-0.997783	0.131751	
-0.632062	0.774256	0.0320309	-0.50241	0.774516	0.629864	0.0582811	-0.509335	0.0249493	0.0616457	-0.997786	0.13179	
-0.632077	0.774245	0.0319919	-0.502405	0.774504	0.629882	0.0582459	-0.509351	0.0249454	0.0615937	-0.99779	0.131829	
-0.632095	0.774232	0.031951	-0.5024	0.774489	0.629903	0.0582103	-0.509369	0.0249422	0.0615401	-0.997793	0.131869	
-0.632113	0.774219	0.0319091	-0.502394	0.774474	0.629924	0.0581777	-0.509387	0.0249419	0.0614876	-0.997796	0.131907	
-0.63213	0.774207	0.0318694	-0.50239	0.774461	0.629944	0.0581444	-0.509404	0.0249398	0.0614364	-0.997799	0.131944	
-0.632143	0.774198	0.0318241	-0.502389	0.77445	0.62996	0.058108	-0.50942	0.0249392	0.0613788	-0.997803	0.131985	
-0.632157	0.774188	0.0317828	-0.502386	0.774439	0.629978	0.058073	-0.509435	0.024937	0.0613251	-0.997806	0.132025	
-0.632168	0.774181	0.0317391	-0.502385	0.77443	0.629992	0.0580354	-0.50945	0.0249345	0.0612678	-0.99781	0.132066	
-0.632177	0.774176	0.0316945	-0.502386	0.774423	0.630004	0.0579967	-0.509463	0.0249319	0.0612091	-0.997814	0.132108	
-0.632182	0.774174	0.0316475	-0.502391	0.774419	0.630013	0.0579553	-0.509474	0.0249291	0.0611467	-0.997817	0.132153	
-0.632183	0.774174	0.0316016	-0.502397	0.774418	0.630018	0.0579147	-0.509483	0.0249265	0.0610856	-0.997821	0.132197	
-0.632184	0.774175	0.0315538	-0.502404	0.774417	0.630023	0.0578722	-0.509492	0.0249236	0.0610217	-0.997825	0.132243	
-0.632183	0.774179	0.0314986	-0.502414	0.774418	0.630026	0.0578229	-0.509501	0.0249203	0.0609477	-0.99783	0.132296	
-0.632181	0.774182	0.0314398	-0.502425	0.77442	0.630029	0.0577701	-0.509511	0.0249166	0.0608688	-0.997835	0.132352	
-0.632179	0.774187	0.0313752	-0.502437	0.774422	0.630032	0.0577123	-0.50952	0.0249127	0.0607821	-0.99784	0.132414	
-0.632177	0.774191	0.0313059	-0.502449	0.774424	0.630035	0.0576502	-0.509531	0.0249084	0.0606892	-0.997846	0.13248	
-0.632174	0.774197	0.0312215	-0.502465	0.774426	0.63004	0.0575743	-0.509545	0.0249031	0.0605757	-0.997853	0.13256	
-0.632171	0.774203	0.0311303	-0.502482	0.774429	0.630043	0.0574926	-0.509559	0.0248975	0.0604534	-0.99786	0.132648	
-0.632168	0.77421	0.0310279	-0.5025	0.774431	0.630048	0.0574007	-0.509576	0.0248911	0.0603159	-0.997869	0.132745	
-0.632165	0.774216	0.0309213	-0.502519	0.774434	0.630054	0.0573036	-0.509593	0.0248833	0.0601719	-0.997878	0.132848	
-0.632162	0.774224	0.0308065	-0.502541	0.774437	0.63006	0.0572005	-0.509612	0.024876	0.0600177	-0.997887	0.132957	
-0.632159	0.774231	0.0306832	-0.502563	0.77444	0.630067	0.057088	-0.509633	0.0248669	0.059851	-0.997898	0.133075	
-0.632157	0.774238	0.0305564	-0.502584	0.774441	0.630075	0.0569733	-0.509654	0.0248581	0.0596802	-0.997908	0.133197	
-0.632154	0.774245	0.03042	-0.502608	0.774444	0.630083	0.0568503	-0.509676	0.0248489	0.0594967	-0.997919	0.133329	
-0.632155	0.77425	0.030277	-0.50263	0.774444	0.630095	0.0567187	-0.509701	0.0248371	0.0593029	-0.997931	0.13347	
-0.632161	0.774251	0.0301229	-0.50265	0.774439	0.630114	0.0565768	-0.509732	0.0248237	0.059094	-0.997944	0.133622	
-0.632175	0.774246	0.029966	-0.502665	0.774428	0.63014	0.0564319	-0.509767	0.0248094	0.0588813	-0.997957	0.133779	
-0.632196	0.774235	0.0298021	-0.502677	0.774412	0.630174	0.056277	-0.509809	0.0247911	0.0586572	-0.99797	0.133944	
-0.632216	0.774225	0.0296273	-0.50269	0.774396	0.630208	0.0561135	-0.509853	0.0247731	0.0584192	-0.997985	0.134118	
-0.63224	0.774212	0.0294515	-0.502702	0.774377	0.630246	0.0559449	-0.5099	0.0247515	0.0581772	-0.997999	0.134295	
-0.632271	0.774194	0.029271	-0.502709	0.774353	0.630292	0.0557664	-0.509953	0.0247248	0.0579255	-0.998015	0.134478	
-0.632307	0.774172	0.0290848	-0.502715	0.774324	0.630343	0.0555817	-0.51001	0.0246964	0.0576657	-0.99803	0.134668	
-0.632354	0.77414	0.0289021	-0.502711	0.774287	0.630406	0.0553929	-0.510075	0.0246618	0.0574064	-0.998046	0.13486	
-0.632412	0.7741	0.0287132	-0.502702	0.774241	0.63048	0.0551916	-0.51015	0.0246208	0.0571348	-0.998063	0.13506	
-0.632484	0.774048	0.028532	-0.502681	0.774184	0.630568	0.0549887	-0.510233	0.0245726	0.0568685	-0.998079	0.135259	
-0.632573	0.773982	0.0283548	-0.502649	0.774113	0.630672	0.0547892	-0.510324	0.0245233	0.056608	-0.998095	0.135456	
-0.632674	0.773905	0.0281808	-0.502607	0.774032	0.63079	0.0545785	-0.510427	0.0244624	0.0563432	-0.998112	0.135655	
-0.632787	0.773819	0.0280161	-0.502556	0.773941	0.630919	0.0543701	-0.510536	0.0243967	0.0560875	-0.998128	0.13585	
-0.632919	0.773717	0.0278452	-0.502493	0.773836	0.631068	0.0541468	-0.510661	0.0243221	0.0558181	-0.998145	0.136054	
-0.633062	0.773606	0.0276873	-0.50242	0.773721	0.631227	0.0539222	-0.510792	0.0242375	0.0555583	-0.998161	0.136254	
-0.633217	0.773485	0.0275237	-0.502341	0.773597	0.631399	0.0536879	-0.510932	0.0241484	0.0552884	-0.998178	0.136461	
-0.633382	0.773355	0.027366	-0.502253	0.773465	0.631581	0.053453	-0.511079	0.0240543	0.0550228	-0.998195	0.136666	
-0.633562	0.773214	0.027207	-0.502155	0.773321	0.631778	0.0532109	-0.511237	0.0239546	0.0547521	-0.998213	0.136876	
-0.633751	0.773064	0.027051	-0.502051	0.773169	0.631984	0.0529674	-0.511401	0.0238514	0.0544831	-0.99823	0.137084	
-0.633945	0.77291	0.0268988	-0.501942	0.773013	0.632194	0.0527306	-0.511568	0.0237507	0.0542214	-0.998246	0.137286	
-0.634132	0.772762	0.0267406	-0.50184	0.772863	0.632399	0.0524881	-0.511732	0.0236501	0.0539512	-0.998263	0.137492	
-0.634318	0.772615	0.0265887	-0.501737	0.772713	0.6326	0.0522592	-0.511892	0.0235562	0.0536944	-0.99828	0.137689	
-0.634495	0.772475	0.0264207	-0.501644	0.772571	0.632794	0.0520261	-0.512049	0.02347	0.0534221	-0.998296	0.137894	
-0.634661	0.772344	0.0262474	-0.501558	0.772436	0.632977	0.0517972	-0.512198	0.0233913	0.0531481	-0.998313	0.138099	
-0.634829	0.772213	0.0260639	-0.501474	0.772301	0.63316	0.0515684	-0.512348	0.0233191	0.0528663	-0.998329	0.138308	
-0.634995	0.772083	0.0258833	-0.50139	0.772166	0.633342	0.051346	-0.512497	0.0232504	0.0525907	-0.998345	0.138511	
-0.635161	0.771953	0.0256899	-0.501308	0.772032	0.633525	0.0511192	-0.512648	0.0231864	0.0523024	-0.998362	0.138721	
-0.635329	0.771821	0.0254956	-0.501225	0.771895	0.633709	0.0508927	-0.512799	0.0231233	0.0520135	-0.998379	0.138932	
-0.635498	0.771688	0.025303	-0.501141	0.771758	0.633895	0.0506609	-0.512952	0.0230549	0.0517228	-0.998395	0.139146	
-0.635676	0.771548	0.0251007	-0.501053	0.771614	0.634089	0.0504296	-0.51311	0.0229927	0.0514249	-0.998412	0.139364	
-0.635849	0.771412	0.024891	-0.500968	0.771472	0.63428	0.0501915	-0.513266	0.0229304	0.051117	-0.998429	0.139591	
-0.636028	0.771272	0.0246723	-0.500881	0.771327	0.634476	0.0499494	-0.513425	0.0228706	0.0507997	-0.998447	0.139826	
-0.636209	0.771129	0.0244537	-0.500791	0.77118	0.634673	0.0497146	-0.513583	0.0228163	0.050487	-0.998464	0.14006	
-0.636399	0.770979	0.0242302	-0.500696	0.771024	0.634881	0.0494671	-0.513747	0.0227548	0.0501629	-0.998482	0.140305	
-0.636597	0.770823	0.0240127	-0.500593	0.770863	0.635097	0.0492222	-0.513914	0.0226912	0.0498452	-0.998499	0.140549	
-0.636806	0.770656	0.0238097	-0.50048	0.770692	0.635322	0.0489809	-0.514085	0.0226206	0.0495413	-0.998516	0.14079	
-0.637026	0.77048	0.0236138	-0.500356	0.770513	0.635559	0.0487304	-0.514263	0.0225378	0.0492373	-0.998533	0.141034	
-0.637246	0.770305	0.0234081	-0.500234	0.770333	0.635796	0.0484729	-0.51444	0.0224561	0.0489212	-0.99855	0.141292	
-0.637474	0.770122	0.0232147	-0.500102	0.770147	0.636041	0.0482237	-0.514617	0.0223727	0.0486201	-0.998567	0.141546	
-0.637708	0.769934	0.0230218	-0.499965	0.769955	0.636291	0.0479802	-0.514795	0.022293	0.0483231	-0.998583	0.141799	
-0.637943	0.769745	0.0228216	-0.49983	0.769763	0.636542	0.0477361	-0.514971	0.0222177	0.0480201	-0.998599	0.142058	
-0.638178	0.769556	0.0226307	-0.499691	0.76957	0.636793	0.0475018	-0.515142	0.0221442	0.0477305	-0.998615	0.142313	
-0.638413	0.769367	0.0224248	-0.499555	0.769378	0.637044	0.0472593	-0.515313	0.0220741	0.0474241	-0.998631	0.142583	
-0.63864	0.769185	0.0222224	-0.499421	0.769191	0.637287	0.0470223	-0.515474	0.0220069	0.0471236	-0.998647	0.142857	
-0.63887	0.768999	0.0220354	-0.49928	0.769002	0.637531	0.0468026	-0.51563	0.0219429	0.046846	-0.998661	0.143121	
-0.63911	0.768805	0.0218366	-0.499133	0.768804	0.637786	0.046574	-0.515792	0.0218793	0.0465539	-0.998676	0.1434	
-0.639357	0.768605	0.0216486	-0.498977	0.768601	0.638048	0.0463447	-0.515956	0.0218079	0.0462699	-0.998691	0.143679	
-0.639618	0.768393	0.0214815	-0.498807	0.768386	0.638323	0.0461201	-0.516124	0.0217262	0.0460053	-0.998705	0.143954	
-0.639886	0.768174	0.0213228	-0.498628	0.768165	0.638605	0.0458949	-0.516294	0.0216384	0.045747	-0.998719	0.14423	
-0.640153	0.767955	0.0211714	-0.498448	0.767945	0.638885	0.045684	-0.516455	0.0215572	0.0455032	-0.998732	0.144505	
-0.640415	0.767742	0.0210199	-0.49827	0.767729	0.639159	0.0454736	-0.516612	0.0214769	0.0452595	-0.998744	0.144781	
-0.640673	0.76753	0.0208739	-0.49809	0.767515	0.63943	0.0452665	-0.516763	0.021396	0.0450221	-0.998757	0.145061	
-0.640929	0.76732	0.0207514	-0.497907	0.767304	0.639696	0.0450842	-0.516901	0.0213194	0.0448183	-0.998768	0.145328	
-0.641196	0.7671	0.02063	-0.497714	0.767083	0.639974	0.0449015	-0.517043	0.0212413	0.0446156	-0.998778	0.1456	
-0.641476	0.766868	0.0205232	-0.497508	0.766851	0.640265	0.0447318	-0.517189	0.0211631	0.0444327	-0.998788	0.145863	
-0.641767	0.766627	0.0204412	-0.497289	0.76661	0.640563	0.0445852	-0.517331	0.0210864	0.0442837	-0.998796	0.146113	
-0.642064	0.766381	0.0203462	-0.497066	0.766363	0.640869	0.0444244	-0.517479	0.0210067	0.0441159	-0.998806	0.146377	
-0.642367	0.76613	0.0202516	-0.496839	0.766112	0.641181	0.0442683	-0.517629	0.0209303	0.0439515	-0.998814	0.146641	
-0.642673	0.765875	0.0201814	-0.496604	0.765857	0.641494	0.0441482	-0.517768	0.0208658	0.0438289	-0.998821	0.146888	
-0.642971	0.765626	0.0201073	-0.496372	0.765608	0.6418	0.0440254	-0.517901	0.0208021	0.0437014	-0.998828	0.14714	
-0.643273	0.765374	0.0200426	-0.496135	0.765356	0.642107	0.0439161	-0.518028	0.0207428	0.0435898	-0.998834	0.147389	
-0.643585	0.765113	0.0200141	-0.495883	0.765095	0.642423	0.0438448	-0.518149	0.0206887	0.0435306	-0.998838	0.147612	
-0.643917	0.764834	0.0199889	-0.495616	0.764817	0.642759	0.0437623	-0.518284	0.0206229	0.0434672	-0.998842	0.147841	
-0.644261	0.764545	0.0199645	-0.495339	0.76453	0.643107	0.043678	-0.518426	0.0205545	0.0434035	-0.998846	0.148073	
-0.644614	0.764248	0.0199612	-0.495051	0.764234	0.643463	0.0436091	-0.518567	0.0204838	0.0433661	-0.998849	0.148294	
-0.644973	0.763945	0.0199626	-0.494757	0.763933	0.643825	0.0435538	-0.518705	0.0204202	0.0433411	-0.998852	0.148512	
-0.645327	0.763646	0.0199517	-0.494468	0.763635	0.644183	0.0434727	-0.518847	0.0203452	0.0432899	-0.998855	0.148745	
-0.64568	0.763348	0.019948	-0.494178	0.763339	0.644539	0.0433977	-0.518983	0.0202703	0.0432481	-0.998859	0.148977	
-0.64603	0.763052	0.0199384	-0.49389	0.763045	0.644892	0.0433204	-0.519118	0.0201976	0.0432001	-0.998862	0.149214	
-0.646382	0.762754	0.0199258	-0.493601	0.762749	0.645248	0.0432443	-0.519252	0.0201276	0.0431507	-0.998866	0.149453	
-0.646742	0.762449	0.0199099	-0.493306	0.762445	0.645611	0.0431674	-0.51939	0.0200589	0.0430984	-0.998869	0.149698	
-0.647104	0.762143	0.0198784	-0.493011	0.76214	0.645978	0.0430754	-0.519531	0.0199886	0.0430244	-0.998874	0.14996	
